a b  OC_Mean OC_Std OC_Q1 OC_Med OC_Q3 OC_Max OC_Min  Exp_Mean Exp_Std Exp_Q1 Exp_Med Exp_Q3 Exp_Max Exp_Min  Num_Mean Num_Std Num_Q1 Num_Med Num_Q3 Num_Max Num_Min
  0.1000   0.0500        9.6496    0.0247      9.00     10.00     11.00     16.00      0.00       2.6974    0.0119      2.00      3.00      3.00      6.00      0.00     140.7134    0.6859    109.00    141.00    174.00    285.00      0.00
  0.0100   0.0500       18.6402    0.0621     16.00     19.00     21.00     32.00      0.00       2.7178    0.0121      2.00      3.00      3.00      7.00      0.00     500.3372    2.5012    398.00    515.00    619.00   1040.00      0.00
  0.0010   0.0500       24.9008    0.1029     21.00     25.00     30.00     55.00      0.00       2.6846    0.0121      2.00      3.00      3.00      7.00      0.00     801.8358    4.6051    597.00    803.00   1016.00   2128.00      0.00
  0.1000   0.0050       16.9666    0.0640     14.00     17.00     20.00     30.00      0.00       6.2484    0.0429      4.00      6.00      8.00     17.00      0.00      46.6246    0.3520     30.00     43.00     61.00    197.00      0.00
  0.0100   0.0050       33.8516    0.1380     28.00     34.00     40.00     72.00      0.00       6.3030    0.0424      4.00      6.00      8.00     17.00      0.00     256.0012    1.7651    175.00    251.00    338.00    803.00      0.00
  0.0010   0.0050       48.8322    0.2386     39.00     50.00     60.00    114.00      0.00       6.2766    0.0421      4.00      6.00      8.00     17.00      0.00     596.8720    4.8426    356.00    589.00    824.00   2180.00      0.00
  0.1000   0.0005       29.5682    0.1453     23.00     30.00     37.00     61.00      0.00      11.7354    0.1030      6.00     11.00     17.00     43.00      0.00      19.6794    0.1950     11.00     15.00     26.00    115.00      0.00
  0.0100   0.0005       66.4874    0.3884     48.00     67.00     85.00    166.00      0.00      11.8672    0.1052      6.00     11.00     17.00     47.00      0.00     104.0962    1.0091     60.00     98.00    143.00    651.00      0.00
  0.0010   0.0005      108.6196    0.7340     72.00    110.00    145.00    316.00      0.00      11.8596    0.1021      6.00     11.00     17.00     54.00      0.00     357.9626    3.8871    112.00    345.00    539.00   1565.00      0.00
