Shift TestRadius  ARL  Std  Q1  Med  Q3  Max
 2.000 0.200     2.8106     0.0139     2.0000     3.0000     3.0000     8.0000     0.0000
 2.000 0.180     2.9516     0.0150     2.0000     3.0000     4.0000     8.0000     0.0000
 2.000 0.160     3.1716     0.0165     2.0000     3.0000     4.0000    10.0000     0.0000
 2.000 0.140     3.4624     0.0185     3.0000     3.0000     4.0000    13.0000     0.0000
 2.000 0.120     3.7488     0.0205     3.0000     4.0000     5.0000    11.0000     0.0000
 2.000 0.100     4.2634     0.0249     3.0000     4.0000     5.0000    14.0000     0.0000
 2.000 0.080     4.9772     0.0318     3.0000     5.0000     6.0000    20.0000     0.0000
 2.000 0.060     6.3122     0.0464     4.0000     6.0000     8.0000    38.0000     0.0000
 2.000 0.040    10.5072     0.1157     6.0000     8.0000    13.0000   113.0000     0.0000
 2.000 0.020    37.6216     0.5251    11.0000    25.0000    52.0000   412.0000     0.0000
 1.800 0.200     3.2522     0.0164     2.0000     3.0000     4.0000     9.0000     0.0000
 1.800 0.180     3.4220     0.0183     3.0000     3.0000     4.0000    11.0000     0.0000
 1.800 0.160     3.6660     0.0190     3.0000     4.0000     4.0000    10.0000     0.0000
 1.800 0.140     3.9598     0.0213     3.0000     4.0000     5.0000    11.0000     0.0000
 1.800 0.120     4.4236     0.0250     3.0000     4.0000     5.0000    16.0000     0.0000
 1.800 0.100     4.8870     0.0298     3.0000     5.0000     6.0000    23.0000     0.0000
 1.800 0.080     5.9124     0.0379     4.0000     6.0000     7.0000    26.0000     0.0000
 1.800 0.060     7.4862     0.0548     5.0000     7.0000     9.0000    66.0000     0.0000
 1.800 0.040    11.8098     0.1212     6.0000    10.0000    15.0000    84.0000     0.0000
 1.800 0.020    39.4664     0.5280    13.0000    28.0000    54.0000   331.0000     0.0000
 1.600 0.200     3.7796     0.0200     3.0000     4.0000     5.0000    11.0000     0.0000
 1.600 0.180     4.0184     0.0219     3.0000     4.0000     5.0000    11.0000     0.0000
 1.600 0.160     4.3194     0.0237     3.0000     4.0000     5.0000    13.0000     0.0000
 1.600 0.140     4.7036     0.0265     3.0000     5.0000     6.0000    15.0000     0.0000
 1.600 0.120     5.1670     0.0301     4.0000     5.0000     6.0000    18.0000     0.0000
 1.600 0.100     5.8802     0.0357     4.0000     6.0000     7.0000    18.0000     0.0000
 1.600 0.080     6.9530     0.0435     5.0000     7.0000     9.0000    22.0000     0.0000
 1.600 0.060     8.8780     0.0653     6.0000     8.0000    11.0000    48.0000     0.0000
 1.600 0.040    14.1400     0.1416     8.0000    12.0000    18.0000   102.0000     0.0000
 1.600 0.020    43.3026     0.5862    15.0000    31.0000    58.0000   494.0000     0.0000
 1.400 0.200     4.5770     0.0255     3.0000     4.0000     6.0000    13.0000     0.0000
 1.400 0.180     4.9142     0.0273     4.0000     5.0000     6.0000    16.0000     0.0000
 1.400 0.160     5.2086     0.0301     4.0000     5.0000     7.0000    16.0000     0.0000
 1.400 0.140     5.6720     0.0337     4.0000     5.0000     7.0000    21.0000     0.0000
 1.400 0.120     6.3616     0.0390     4.0000     6.0000     8.0000    25.0000     0.0000
 1.400 0.100     7.2390     0.0466     5.0000     7.0000     9.0000    26.0000     0.0000
 1.400 0.080     8.6174     0.0586     6.0000     8.0000    11.0000    42.0000     0.0000
 1.400 0.060    11.0828     0.0871     7.0000    10.0000    14.0000    81.0000     0.0000
 1.400 0.040    17.2456     0.1661     9.0000    14.0000    22.0000   120.0000     0.0000
 1.400 0.020    48.9736     0.6330    18.0000    35.0000    66.0000   361.0000     0.0000
 1.200 0.200     5.8050     0.0338     4.0000     6.0000     7.0000    20.0000     0.0000
 1.200 0.180     6.1802     0.0374     4.0000     6.0000     8.0000    19.0000     0.0000
 1.200 0.160     6.6758     0.0406     5.0000     6.0000     8.0000    24.0000     0.0000
 1.200 0.140     7.2250     0.0447     5.0000     7.0000     9.0000    31.0000     0.0000
 1.200 0.120     8.1204     0.0532     5.0000     8.0000    10.0000    33.0000     0.0000
 1.200 0.100     9.4362     0.0634     6.0000     9.0000    12.0000    37.0000     0.0000
 1.200 0.080    11.2834     0.0811     7.0000    10.0000    14.0000    53.0000     0.0000
 1.200 0.060    14.3516     0.1152     9.0000    13.0000    18.0000    85.0000     0.0000
 1.200 0.040    22.1768     0.2172    12.0000    19.0000    29.0000   239.0000     0.0000
 1.200 0.020    58.8418     0.7383    22.0000    43.0000    79.0000   499.0000     0.0000
 1.000 0.200     7.6046     0.0478     5.0000     7.0000    10.0000    25.0000     0.0000
 1.000 0.180     8.1850     0.0535     6.0000     8.0000    10.0000    26.0000     0.0000
 1.000 0.160     8.9262     0.0583     6.0000     9.0000    11.0000    32.0000     0.0000
 1.000 0.140     9.8696     0.0656     7.0000     9.0000    13.0000    34.0000     0.0000
 1.000 0.120    11.1364     0.0768     7.0000    11.0000    14.0000    47.0000     0.0000
 1.000 0.100    12.7756     0.0945     8.0000    12.0000    16.0000    60.0000     0.0000
 1.000 0.080    15.6002     0.1191    10.0000    14.0000    20.0000    82.0000     0.0000
 1.000 0.060    20.2656     0.1725    12.0000    18.0000    27.0000   100.0000     0.0000
 1.000 0.040    30.8888     0.3095    16.0000    26.0000    40.0000   336.0000     0.0000
 1.000 0.020    72.8922     0.9110    29.0000    54.0000    99.0000   676.0000     0.0000
 0.800 0.200    11.2788     0.0789     7.0000    11.0000    14.0000    43.0000     0.0000
 0.800 0.180    12.1802     0.0891     8.0000    11.0000    16.0000    47.0000     0.0000
 0.800 0.160    13.2608     0.0967     8.0000    12.0000    17.0000    49.0000     0.0000
 0.800 0.140    14.9780     0.1144     9.0000    14.0000    19.0000    65.0000     0.0000
 0.800 0.120    16.7866     0.1316    10.0000    15.0000    22.0000    73.0000     0.0000
 0.800 0.100    19.9324     0.1669    12.0000    18.0000    26.0000   142.0000     0.0000
 0.800 0.080    24.4400     0.2136    14.0000    22.0000    32.0000   165.0000     0.0000
 0.800 0.060    33.1362     0.3148    18.0000    28.0000    44.0000   181.0000     0.0000
 0.800 0.040    48.7072     0.5177    23.0000    40.0000    65.0000   368.0000     0.0000
 0.800 0.020   100.4460     1.2788    37.0000    75.0000   136.0000  1118.0000     0.0000
 0.600 0.200    20.2164     0.1763    11.0000    18.0000    26.0000   128.0000     0.0000
 0.600 0.180    22.1392     0.1982    12.0000    19.0000    29.0000   132.0000     0.0000
 0.600 0.160    24.8160     0.2223    14.0000    22.0000    32.0000   145.0000     0.0000
 0.600 0.140    27.1998     0.2563    14.0000    23.0000    36.0000   196.0000     0.0000
 0.600 0.120    32.6070     0.3247    17.0000    28.0000    42.0000   273.0000     0.0000
 0.600 0.100    38.3844     0.4015    18.0000    32.0000    51.0000   210.0000     0.0000
 0.600 0.080    49.5366     0.5461    22.0000    40.0000    67.0000   378.0000     0.0000
 0.600 0.060    66.6108     0.7901    27.0000    52.0000    89.0000   457.0000     0.0000
 0.600 0.040    96.2712     1.2132    36.0000    72.0000   133.0000   735.0000     0.0000
 0.600 0.020   148.3418     1.9914    48.0000   108.0000   204.0000  1313.0000     0.0000
 0.400 0.200    53.0850     0.6462    21.0000    41.0000    70.0000   447.0000     0.0000
 0.400 0.180    58.2256     0.7361    23.0000    43.0000    77.0000   553.0000     0.0000
 0.400 0.160    66.8480     0.8578    26.0000    50.0000    88.0000   571.0000     0.0000
 0.400 0.140    76.4016     0.9921    29.0000    56.0000   101.0000   715.0000     0.0000
 0.400 0.120    86.7362     1.1329    30.0000    64.0000   116.0000   731.0000     0.0000
 0.400 0.100   102.4838     1.3670    34.0000    73.0000   139.0000   858.0000     0.0000
 0.400 0.080   120.7894     1.6485    38.0000    87.0000   167.0000   969.0000     0.0000
 0.400 0.060   144.9466     1.9985    46.0000   102.0000   197.0000  1407.0000     0.0000
 0.400 0.040   168.6210     2.3509    50.0000   119.0000   231.0000  1603.0000     0.0000
 0.400 0.020   186.9322     2.6302    54.0000   129.0000   258.0000  1417.0000     0.0000
 0.200 0.200   150.7590     2.1526    45.0000   104.0000   209.0000  1664.0000     0.0000
 0.200 0.180   154.7646     2.1205    47.0000   111.0000   215.0000  1357.0000     0.0000
 0.200 0.160   162.9062     2.2782    47.0000   113.0000   226.0000  1355.0000     0.0000
 0.200 0.140   165.7150     2.3297    49.0000   114.0000   229.0000  1172.0000     0.0000
 0.200 0.120   171.8348     2.3649    51.0000   120.0000   242.0000  1665.0000     0.0000
 0.200 0.100   176.9878     2.4613    50.0000   125.0000   250.0000  1599.0000     0.0000
 0.200 0.080   188.2608     2.6022    55.0000   133.0000   266.0000  1562.0000     0.0000
 0.200 0.060   192.3230     2.7963    53.0000   131.0000   265.0000  1703.0000     0.0000
 0.200 0.040   192.6364     2.7707    54.0000   133.0000   267.0000  2000.0000     0.0000
 0.200 0.020   194.4848     2.7861    54.0000   133.0000   276.0000  1805.0000     0.0000
