Amp  OC_Mean OC_Std OC_Q1 OC_Med OC_Q3 OC_Max OC_Min  Exp_Mean Exp_Std Exp_Q1 Exp_Med Exp_Q3 Exp_Max Exp_Min  Num_Mean Num_Std Num_Q1 Num_Med Num_Q3 Num_Max Num_Min
 10.0000       22.5385    0.4955      8.00     17.00     30.00    269.00      0.00       8.0090    0.2262      1.00      4.00     11.00    120.00      0.00      39.0155    0.5854     21.00     35.00     53.00    214.00      0.00
  9.5000       22.2820    0.5026      8.00     17.00     30.00    400.00      0.00       7.7645    0.2324      1.00      4.00     10.00    159.00      0.00      40.8060    0.6122     22.00     38.00     55.00    272.00      0.00
  9.0000       24.8160    0.5809      9.00     18.00     32.00    297.00      0.00       7.9525    0.2421      1.00      4.00     11.00    193.00      0.00      45.1405    0.6763     25.00     41.00     60.00    278.00      0.00
  8.5000       26.2770    0.7317      9.00     19.00     32.00    487.00      0.00       7.6105    0.2334      1.00      4.00     10.00    125.00      0.00      50.5705    0.7675     27.00     45.00     67.00    239.00      0.00
  8.0000       29.3930    0.8378     10.00     20.00     36.00    831.00      0.00       7.9230    0.2571      1.00      4.00     10.00    217.00      0.00      56.4790    0.9766     27.00     48.00     77.00    398.00      0.00
  7.5000       30.5965    0.7744     10.00     21.00     39.00    430.00      0.00       7.7180    0.2170      1.00      4.00     10.00     80.00      0.00      62.0690    1.0460     30.00     53.00     83.00    495.00      0.00
  7.0000       37.5685    1.2342     13.00     24.00     43.00   1002.00      0.00       8.0445    0.2360      1.00      4.00     11.00     92.00      0.00      72.6850    1.3083     34.00     59.00     98.00    513.00      0.00
  6.5000       41.5685    1.2414     13.00     27.00     48.00    808.00      0.00       7.7900    0.2249      1.00      4.00     10.00    108.00      0.00      80.1805    1.4744     36.00     64.00    108.00    585.00      0.00
  6.0000       48.8445    1.3509     16.00     32.00     59.00    818.00      0.00       7.8405    0.2257      1.00      4.00     10.00     81.00      0.00      96.6760    1.8346     39.00     78.00    134.00    762.00      0.00
  5.5000       58.8030    1.5219     18.00     39.00     72.00    686.00      0.00       8.2170    0.2405      1.00      4.00     11.00    119.00      0.00     109.3400    2.1497     39.00     86.00    156.00    614.00      0.00
  5.0000       71.3130    1.8875     23.00     46.00     85.00    913.00      0.00       8.0360    0.2344      1.00      4.00     10.00    110.00      0.00     131.9925    2.7582     44.00     99.00    183.00   1093.00      0.00
  4.5000       96.1690    2.3324     28.00     61.00    124.00    976.00      0.00       7.9555    0.2323      1.00      4.00     10.00     81.00      0.00     168.0175    3.7565     52.00    116.00    234.00   1277.00      0.00
  4.0000      122.5295    2.8769     38.00     81.00    165.00   1176.00      0.00       7.5615    0.2109      1.00      4.00     10.00     72.00      0.00     204.8045    4.9207     51.00    137.00    289.00   1975.00      0.00
  3.5000      149.2620    3.3113     42.00    103.00    207.00   1406.00      0.00       8.3305    0.2466      1.00      5.00     11.00    135.00      0.00     227.4585    5.5910     58.00    149.00    314.00   2417.00      0.00
  3.0000      175.1040    3.9495     48.00    117.00    244.00   1416.00      0.00       8.0520    0.2340      1.00      4.00     11.00    207.00      0.00     243.4980    6.1952     56.00    150.00    337.00   2479.00      0.00
  2.5000      193.7855    4.2773     56.00    138.00    268.00   1507.00      0.00       8.2515    0.2371      1.00      4.00     11.00    109.00      0.00     253.3860    6.1773     63.00    159.00    351.00   2378.00      0.00

