Amp  OC_Mean OC_Std OC_Q1 OC_Med OC_Q3 OC_Max OC_Min  Exp_Mean Exp_Std Exp_Q1 Exp_Med Exp_Q3 Exp_Max Exp_Min  Num_Mean Num_Std Num_Q1 Num_Med Num_Q3 Num_Max Num_Min
 10.0000       22.2325    0.8338      5.00     10.00     22.00    437.00      0.00       4.0070    0.1693      1.00      2.00      4.00     86.00      0.00      24.2765    0.5812     10.00     15.00     30.00    250.00      0.00
  9.5000       25.0360    1.0404      5.00     11.00     24.00    883.00      0.00       4.7935    0.2934      1.00      1.00      3.00    278.00      0.00      26.0575    0.6476     11.00     16.00     31.00    312.00      0.00
  9.0000       23.2185    0.7977      5.00     11.00     24.00    443.00      0.00       4.1250    0.2101      1.00      1.00      3.00    165.00      0.00      27.1260    0.6639     11.00     18.00     34.00    388.00      0.00
  8.5000       23.9070    0.8120      5.00     12.00     26.00    355.00      0.00       4.2075    0.2606      1.00      1.00      3.00    350.00      0.00      27.8800    0.6603     11.00     18.00     35.00    235.00      0.00
  8.0000       25.1615    0.9647      6.00     12.00     25.00    807.00      0.00       3.9120    0.1917      1.00      1.00      3.00    159.00      0.00      28.7240    0.6552     11.00     19.00     35.00    254.00      0.00
  7.5000       26.2240    0.8971      6.00     13.00     28.00    544.00      0.00       3.8510    0.1691      1.00      1.00      3.00    105.00      0.00      30.6385    0.7084     12.00     20.00     39.00    274.00      0.00
  7.0000       27.3045    0.9112      6.00     13.00     30.00    347.00      0.00       3.8230    0.1849      1.00      1.00      3.00    117.00      0.00      32.7200    0.7534     12.00     22.00     42.00    314.00      0.00
  6.5000       29.7145    1.0016      7.00     15.00     32.00    558.00      0.00       4.0710    0.2199      1.00      1.00      3.00    218.00      0.00      35.3700    0.7849     12.00     24.00     45.00    290.00      0.00
  6.0000       31.9480    1.0738      7.00     16.00     35.00    478.00      0.00       4.0230    0.2222      1.00      1.00      3.00    264.00      0.00      36.4680    0.8779     12.00     24.00     47.00    438.00      0.00
  5.5000       30.0545    0.9915      8.00     16.00     34.00    800.00      0.00       4.0775    0.1964      1.00      2.00      4.00    110.00      0.00      37.8820    0.8516     13.00     26.00     50.00    341.00      0.00
  5.0000       36.6580    1.1978      9.00     19.00     42.00    790.00      0.00       3.9210    0.1864      1.00      2.00      3.00    134.00      0.00      42.6855    0.9559     15.00     30.00     57.00    420.00      0.00
  4.5000       36.7405    1.1072      9.00     20.00     43.00    452.00      0.00       3.8470    0.1675      1.00      1.00      3.00     86.00      0.00      46.1270    1.0651     15.00     31.00     58.00    395.00      0.00
  4.0000       41.9865    1.2351     11.00     24.00     49.00    645.00      0.00       4.2085    0.2194      1.00      1.00      3.00    143.00      0.00      52.6975    1.1691     19.00     37.00     70.00    608.00      0.00
  3.5000       47.2755    1.2821     12.00     29.00     59.00    479.00      0.00       4.3235    0.2219      1.00      2.00      3.00    128.00      0.00      58.1240    1.2624     21.00     41.00     78.00    657.00      0.00
  3.0000       56.0920    1.5494     15.00     34.00     70.00    676.00      0.00       3.7080    0.1550      1.00      1.00      3.00     97.00      0.00      73.6395    1.7112     25.00     50.00     98.00   1004.00      0.00
  2.5000       62.7585    1.7103     16.00     38.00     79.00    728.00      0.00       4.1135    0.2458      1.00      1.00      3.00    200.00      0.00      85.0605    1.8530     30.00     60.00    116.00    781.00      0.00
