Amp  OC_Mean OC_Std OC_Q1 OC_Med OC_Q3 OC_Max OC_Min  Exp_Mean Exp_Std Exp_Q1 Exp_Med Exp_Q3 Exp_Max Exp_Min  Num_Mean Num_Std Num_Q1 Num_Med Num_Q3 Num_Max Num_Min
 10.0000       13.4790    0.3989      5.00      9.00     14.00    246.00      0.00       1.4815    0.0292      1.00      1.00      2.00     24.00      0.00      12.5565    0.1915      6.00     11.00     17.00     70.00      0.00
  9.5000       13.9305    0.3814      5.00      9.00     15.00    265.00      0.00       1.4960    0.0282      1.00      1.00      2.00     26.00      0.00      13.3665    0.2061      7.00     12.00     17.00     80.00      0.00
  9.0000       15.1695    0.4093      6.00     10.00     17.00    253.00      0.00       1.4440    0.0257      1.00      1.00      2.00     20.00      0.00      14.7765    0.2339      7.00     13.00     19.00     89.00      0.00
  8.5000       16.7060    0.5193      6.00     11.00     18.00    326.00      0.00       1.4690    0.0279      1.00      1.00      2.00     21.00      0.00      15.8735    0.2556      8.00     13.00     21.00     99.00      0.00
  8.0000       18.0385    0.4825      7.00     12.00     21.00    294.00      0.00       1.5200    0.0300      1.00      1.00      2.00     24.00      0.00      17.2645    0.2747      8.00     14.00     23.00    106.00      0.00
  7.5000       18.9280    0.4524      8.00     13.00     22.00    207.00      0.00       1.5260    0.0329      1.00      1.00      2.00     34.00      0.00      18.9445    0.3080      9.00     16.00     25.00    117.00      0.00
  7.0000       22.3645    0.6794      9.00     15.00     25.00    715.00      0.00       1.5180    0.0365      1.00      1.00      2.00     36.00      0.00      22.0455    0.3734     11.00     18.00     28.00    161.00      0.00
  6.5000       22.9980    0.5462     10.00     16.00     27.00    293.00      0.00       1.4660    0.0290      1.00      1.00      2.00     29.00      0.00      23.5855    0.3740     12.00     20.00     31.00    143.00      0.00
  6.0000       27.6985    0.6888     11.00     19.00     33.00    624.00      0.00       1.4410    0.0236      1.00      1.00      2.00     13.00      0.00      29.3560    0.5081     14.00     24.00     39.00    187.00      0.00
  5.5000       31.6505    0.7916     13.00     22.00     38.00    762.00      0.00       1.4210    0.0231      1.00      1.00      2.00     19.00      0.00      33.6710    0.6044     15.00     27.00     45.00    234.00      0.00
  5.0000       38.0565    0.8643     15.00     27.00     48.00    390.00      0.00       1.4725    0.0274      1.00      1.00      2.00     20.00      0.00      41.1185    0.7581     17.00     32.00     55.00    226.00      0.00
  4.5000       46.0170    1.0135     18.00     33.00     57.00    391.00      0.00       1.4710    0.0301      1.00      1.00      2.00     38.00      0.00      49.7055    0.9779     21.00     38.00     64.00    532.00      0.00
  4.0000       61.5790    1.3817     23.00     43.00     79.00    564.00      0.00       1.4970    0.0280      1.00      1.00      2.00     27.00      0.00      64.6595    1.3031     25.00     48.00     88.00    496.00      0.00
  3.5000       77.8540    1.6673     29.00     56.00    106.00    768.00      0.00       1.4550    0.0253      1.00      1.00      2.00     22.00      0.00      86.3890    1.7748     29.00     63.00    121.00    615.00      0.00
  3.0000      102.6115    2.2297     35.00     74.00    134.00   1000.00      0.00       1.5030    0.0291      1.00      1.00      2.00     34.00      0.00     114.6545    2.5873     34.00     81.00    156.00    947.00      0.00
  2.5000      129.7135    2.8981     42.00     92.00    177.00   1426.00      0.00       1.4620    0.0237      1.00      1.00      2.00     17.00      0.00     147.7485    3.5412     39.00     96.00    202.00   1573.00      0.00
