Amp  OC_Mean OC_Std OC_Q1 OC_Med OC_Q3 OC_Max OC_Min  Exp_Mean Exp_Std Exp_Q1 Exp_Med Exp_Q3 Exp_Max Exp_Min  Num_Mean Num_Std Num_Q1 Num_Med Num_Q3 Num_Max Num_Min
 10.0000       15.8980    0.3890      6.00     11.00     19.00    176.00      0.00       1.5235    0.0260      1.00      1.00      2.00     17.00      0.00      15.2680    0.2373      7.00     14.00     22.00     94.00      0.00
  9.5000       17.0885    0.4374      7.00     12.00     20.00    302.00      0.00       1.4910    0.0246      1.00      1.00      2.00     14.00      0.00      16.8945    0.2624      8.00     15.00     23.00     88.00      0.00
  9.0000       18.8100    0.4886      8.00     13.00     22.00    421.00      0.00       1.5285    0.0258      1.00      1.00      2.00     16.00      0.00      18.0810    0.2872      8.00     16.00     25.00     94.00      0.00
  8.5000       21.9370    0.5555      9.00     16.00     26.00    385.00      0.00       1.5385    0.0280      1.00      1.00      2.00     14.00      0.00      21.1390    0.3414     10.00     18.00     29.00    116.00      0.00
  8.0000       23.9890    0.5783     10.00     17.00     29.00    273.00      0.00       1.5130    0.0256      1.00      1.00      2.00     17.00      0.00      23.3630    0.3892     11.00     19.00     33.00    143.00      0.00
  7.5000       28.0640    0.6938     11.00     19.00     33.00    356.00      0.00       1.5135    0.0248      1.00      1.00      2.00     13.00      0.00      28.2850    0.4757     13.00     24.00     39.00    165.00      0.00
  7.0000       32.5010    0.7910     12.00     23.00     39.00    399.00      0.00       1.5120    0.0260      1.00      1.00      2.00     17.00      0.00      32.5635    0.5803     14.00     27.00     45.00    245.00      0.00
  6.5000       37.9820    0.8636     15.00     26.00     47.00    383.00      0.00       1.4930    0.0279      1.00      1.00      2.00     31.00      0.00      39.4845    0.7268     17.00     31.00     54.00    275.00      0.00
  6.0000       43.5365    0.9366     16.00     31.00     57.00    353.00      0.00       1.5240    0.0267      1.00      1.00      2.00     18.00      0.00      46.8320    0.9298     19.00     36.00     63.00    395.00      0.00
  5.5000       56.6005    1.2901     21.00     39.00     73.00    528.00      0.00       1.5345    0.0275      1.00      1.00      2.00     16.00      0.00      59.2980    1.2069     21.00     44.00     79.00    474.00      0.00
  5.0000       71.2790    1.5525     25.00     48.00     96.00    545.00      0.00       1.5175    0.0234      1.00      1.00      2.00     10.00      0.00      76.0645    1.5988     26.00     55.00    103.00    631.00      0.00
  4.5000       93.4110    2.1483     30.00     64.00    125.00    804.00      0.00       1.5110    0.0247      1.00      1.00      2.00     13.00      0.00     102.8385    2.2573     32.00     71.00    141.00    707.00      0.00
  4.0000      111.3865    2.4567     35.00     79.00    149.00    848.00      0.00       1.5000    0.0240      1.00      1.00      2.00     15.00      0.00     127.4070    2.8646     36.00     88.00    175.00    859.00      0.00
  3.5000      144.9255    3.2727     41.00     98.00    202.00   1090.00      0.00       1.4950    0.0258      1.00      1.00      2.00     17.00      0.00     166.8740    4.1795     40.00    101.00    229.00   1354.00      0.00
  3.0000      158.3410    3.5731     42.00    111.00    218.00   1195.00      0.00       1.5385    0.0265      1.00      1.00      2.00     15.00      0.00     187.2485    4.8695     40.00    110.00    255.00   1737.00      0.00
  2.5000      182.4820    4.0267     53.00    129.00    255.00   1361.00      0.00       1.5145    0.0254      1.00      1.00      2.00     12.00      0.00     218.9280    5.5727     49.00    134.00    298.00   2080.00      0.00
