    3.3800
    5.7839
    7.6245
    4.1621
    4.9329
    6.3998
    6.1784
    5.7360
    6.1040
    7.2996
    4.6959
    4.8922
    4.7790
    5.2055
    7.2712
    6.3964
    4.2134
    3.8496
    4.6626
    6.0231
    3.5409
    4.1120
    4.6450
    5.4081
    6.1420
    5.8683
    5.6734
    5.1107
    5.7696
    7.3189
    5.8093
    5.6845
    6.3405
    5.0699
    4.9675
    6.0550
    4.7024
    5.2358
    4.7223
    8.2955
    6.2281
    4.5965
    4.1733
    6.5550
    3.7386
    6.0342
    5.7104
    5.5102
    5.6938
    6.4762
    4.5653
    6.5973
    8.3586
    6.2832
    5.1953
    3.7967
    6.7992
    5.2701
    6.0955
    6.3070
    6.6108
    7.0466
    4.8594
    7.4116
    6.7211
    6.4433
    5.4933
    5.3039
    5.5609
    6.4599
    6.9373
    5.7447
    6.5486
    4.8691
    5.4769
    5.5284
    5.1220
    4.7360
   14.6201
    9.7826
    6.4446
    3.5572
    4.7337
    5.0121
    7.0390
    6.1061
    5.7359
    6.5996
    5.8847
    6.4831
    7.2023
    9.0302
    7.8535
    8.5519
    8.1410
    8.1516
    6.5025
    4.5476
    5.6301
    6.5598
    5.5990
    6.6642
   17.7821
    8.4774
   14.1499
    7.1362
    6.9225
    6.1813
    5.0352
    4.4866
    4.0982
    6.2004
   20.7723
   24.5629
   15.6080
    8.3500
    7.8043
    5.0307
   16.3296
    7.3572
    3.9679
    9.2513
    5.0844
    8.8597
    6.8269
    9.1263
   16.9354
    8.0061
    9.2143
    4.8349
    8.2059
    8.7984
    5.0906
    4.5474
    7.7816
   16.8506
    9.0991
    5.6554
    5.5547
   17.7439
    6.7810
    5.3839
    4.9569
    5.2918
    4.8481
    9.6796
    7.0192
   15.7817
    8.6465
    6.4698
   16.8063
    7.2365
    7.9512
    9.8945
   10.6288
   12.5751
   10.0536
    9.4979
    9.1752
    6.5593
    7.5274
    5.6368
   13.6657
    8.0007
    6.8613
    8.6932
    6.7956
    8.4658
    9.1698
    7.1568
    5.5624
   13.9507
    6.3737
    5.6205
   14.2736
   15.9521
   16.0720
   15.6742
   11.0818
   10.9746
    8.8923
   13.0130
    9.7115
    9.3573
   10.9223
   12.5338
   13.7092
   12.8569
    6.0540
    5.7990
   13.7981
   98.1842
   84.9092
   81.4736
   74.9788
   63.7319
   52.3874
   41.8182
   32.8427
   25.8649
   20.1782
   17.6203
   13.8329
   10.7097
   10.9925
    9.8104
    7.7207
   14.0342
   14.6865
   20.8810
   15.4815
   17.4910
   21.4639
   19.0831
   18.8389
   21.0557
   20.3089
   16.6983
   21.9131
   41.6302
   99.1257
  239.6061
  203.4423
  257.6384
  129.9123
  155.8863
  142.7819
  120.7645
   98.8289
   71.2706
   55.2064
   52.5153
   66.5344
   60.7408
   71.2209
   60.0791
   53.2804
   53.5904
   45.9193
   40.7078
   34.0380
   31.8777
   28.7880
   25.7187
   23.4600
   21.2030
   21.0357
   28.6217
   26.5575
   26.6610
   25.9660
   20.1820
   18.7559
   11.8558
    7.3660
   16.3711
   23.9624
   12.5300
   21.0355
   21.1968
   19.8030
   22.5911
   19.5294
   15.8178
   13.6805
   12.7614
   17.5275
   10.3784
   10.1525
    9.5540
   12.0583
   11.6851
   15.7090
   22.0353
   21.9576
   22.9481
   20.5339
   18.1620
   17.1331
   15.7767
   11.4900
    9.4447
   18.7359
    8.0827
    8.1129
    8.6925
   10.2586
    9.3308
    9.3766
    7.8532
   11.3270
   15.2492
   13.3534
    9.5880
   12.7944
   19.5503
   19.2493
   19.4850
   17.9440
