    6.1614
    6.9407
    5.9766
    5.4790
    4.7127
    6.3470
    5.7501
    7.5691
    5.6302
    4.7031
    9.3874
    5.7793
    5.3943
    6.2647
    7.3537
    5.4982
    5.3576
    5.3368
    5.1375
    4.8980
    4.7601
    5.8263
    5.5763
    6.1376
    5.4162
    6.0801
   10.4527
    7.0649
    5.8572
    5.7018
    5.1923
    8.3816
    6.1411
    5.4936
    7.2100
    6.3620
    6.2949
    5.7446
    5.6664
    5.6369
    7.3681
    6.5891
    7.7546
    6.3392
    7.5904
    5.6980
    5.4669
    6.9510
    8.6881
    6.3681
    6.5160
    5.5931
    5.9605
    5.4561
    6.6975
    6.6289
    5.7075
    6.6353
    6.6278
    9.5147
    6.8251
   16.4032
   13.4904
    6.6991
    5.8170
    5.6982
    5.5269
    5.5019
    5.4165
    5.4133
    6.4645
    6.2004
    5.3965
    5.4166
    5.8006
    6.7880
    6.2333
    9.3819
    6.8864
    6.7794
    7.3093
    6.0228
    5.9835
    5.8215
    5.9199
    7.7545
    8.2698
    6.0836
    5.7772
    6.8488
    6.1448
    6.6867
    9.3357
    7.1063
    5.8924
    6.2398
    6.6679
    7.6788
    7.1484
    6.9459
    6.3709
    5.8747
    5.7681
    5.9586
    9.8707
   10.9710
   13.8551
   11.6192
   14.2048
   13.2379
   13.3968
   20.3145
   17.2506
   21.2867
   37.6028
   33.9317
   30.4633
   26.9226
   25.0876
   22.3383
   33.8041
   28.0627
   26.5534
   26.9556
   23.9691
   17.2530
   18.6245
   14.8589
   13.2157
   14.3577
   13.3268
   18.8654
   20.7479
   15.3127
   16.6524
   13.3696
   13.3410
   19.9344
   12.3231
   12.2885
   12.6811
   13.1650
   16.0719
   13.8819
   13.6184
   19.2989
   15.4755
   15.3105
   13.9941
   13.2871
   12.7498
   17.2005
   15.4403
   16.7319
   13.0130
   18.0515
   23.4741
   22.9099
   19.7009
   14.5281
   12.2143
   12.6365
   15.6598
   12.1405
   19.8060
   23.5248
   20.6995
   17.1633
   12.4485
   12.1660
   16.1858
   12.5047
   11.8796
   11.7253
   18.5675
   15.5911
   16.3821
   14.5990
   13.9813
   11.8982
   11.9019
   28.1095
   26.9665
   22.1846
   22.0052
   20.4101
   18.4469
   16.7058
   11.9625
   13.2808
   11.6618
   29.4217
   92.4807
  259.8934
  327.2814
  346.5492
  354.5478
  351.3216
  345.1344
  344.7043
  341.8403
  338.9837
  336.6882
  333.9219
  324.9395
  319.7164
  313.4133
  300.3797
  296.4734
  280.8247
  273.3673
  261.8989
  266.6121
  268.9144
  258.4210
  263.7422
  268.6703
  258.2273
  252.0893
  236.6514
  231.6231
  229.0169
  227.9380
  228.6974
  208.6082
  203.8096
  200.9937
  210.8435
  218.7675
  220.0547
  217.7974
  216.2548
  211.4787
  218.8605
  210.1822
  200.8408
  191.0479
  180.9536
  152.6294
  155.0075
  153.0241
  142.8868
  142.7461
  139.7338
  117.5044
  107.0166
  115.8398
  107.1960
  102.7318
  101.3292
  101.5624
   94.6726
   95.8002
  100.6993
   99.4758
  134.2874
  113.2899
  111.4240
   90.8985
  102.6493
  105.8366
  106.7684
  116.8387
  121.6005
  123.7132
  126.3084
  126.2531
  118.6079
  112.4686
  109.6532
  107.0124
   94.9571
   92.7409
   96.0533
   93.7690
   91.1837
   92.7817
   97.6130
   89.2985
   86.5008
   89.5648
   86.5201
   86.9120
   85.9553
   86.7246
   81.5571
   78.7290
   80.3472
   72.4757
   70.0010
   63.6911
   63.3512
   60.7045
   63.6680
   60.4290
   61.8074
   58.4091
   58.7684
   56.7022
