              6.1614
              6.1197
              8.8344
             18.7948
             18.2108
             27.5746
             43.6048
             27.8977
             49.8797
             32.9090
             58.8207
             87.1578
            112.4570
             71.8340
            109.9981
            183.0337
            141.9741
            123.6454
            125.6558
            110.7812
            124.4039
            168.1331
            216.6614
            297.0909
            195.1254
            200.5907
            645.1205
            386.7517
            149.0562
            185.0368
            163.1276
            201.6091
            350.0060
            219.7425
            130.8478
            195.3616
            211.0574
            228.8427
            233.7768
            213.9194
            295.8252
            239.9809
            240.2047
            322.4037
            337.1824
            318.0631
            288.1132
            296.1642
            361.0313
            355.1023
            430.5387
            625.3429
            821.1193
            897.5254
            650.3014
            665.7050
            515.6863
            477.1644
            380.2657
            331.3013
            402.0068
            369.7753
            327.3634
            565.2763
            741.2778
            413.7260
            841.6576
            810.4511
           1581.9579
            674.2846
            549.2686
            427.6608
            586.5810
            796.9612
            511.2061
            592.9132
            430.5808
           1504.4996
            328.0519
            483.2119
            907.0475
            640.6530
            615.7676
            749.8807
            499.0991
            452.8974
           1296.5685
            679.0942
            613.4196
            849.5716
           1910.1314
           1522.8090
           1200.2371
            938.3069
           1229.5628
           1112.2061
            450.2934
            658.0956
            544.1444
            589.0079
            711.4432
            616.0201
            899.6431
            714.4622
           1064.3545
           1235.1168
           1734.6429
           1062.1404
            776.3784
           1025.1490
            877.9174
            950.5031
           1591.9023
            513.6781
            827.2310
           1107.8346
            743.7943
            940.7768
           1098.3176
            733.3388
           1443.6799
            638.9697
            592.0326
           1174.2580
            639.7949
           1246.5870
            928.7474
            745.2278
            839.8397
          16035.9468
          23634.3061
            680.2443
           1155.5122
            581.9940
           3680.9854
          37819.3994
           1176.0533
           1402.2377
           1786.9425
           1106.1756
            531.3590
            791.6386
           1102.5821
           1860.9070
           2405.6985
          17362.8637
           1820.5778
           2321.9558
           1298.7363
            577.7241
           3492.1286
           2160.4551
            994.6562
            828.3109
           1928.1685
           3875.1235
           9020.7501
          10136.1799
           3837.0803
          31339.0592
          33258.1962
           1302.4082
            765.8022
            949.9357
           6678.3429
           9675.4755
           2540.5878
           1673.0332
           3533.4334
           4826.5056
            938.2312
           1632.2690
            807.5557
           2134.3690
            963.6626
           1141.7214
            995.9122
           1612.7072
           1131.1466
            745.3424
           1208.5287
           4060.3001
           2680.1576
           2102.8927
           3026.9083
           2377.2499
          14511.7432
           6413.7088
          27531.3685
           2286.1688
           1119.1494
          13404.3221
          89305.0894
         345520.8981
        3346963.0447
       10286135.5324
       18379563.3985
      204731410.0671
       56816242.2737
           1538.3059
           3735.1161
           2469.0065
           1756.1307
           3531.0771
           2277.8242
           2264.0009
           5671.0763
           3295.2598
           8332.7526
           2213.8894
           2527.8795
          12242.3429
          23929.7229
           5289.3827
           9773.7640
          70415.1909
        3078542.3211
         880251.3105
         326584.9087
        1826162.7467
       19987554.5113
      160104017.3433
          60828.7446
          70671.8834
          31471.5467
         199183.7933
          17730.0616
          24932.7374
         236447.8249
          89437.2566
         424365.3212
         328488.2362
         550975.3368
          86365.2120
        9187747.8848
        5092873.6520
        1187297.6673
      124487538.1297
       15086828.3627
      671109693.1836
      371748464.0088
          17519.5353
          14914.3197
           5217.6036
            974.7172
           9080.0961
           6972.6679
           1653.2385
           2228.9651
           4757.1237
           2614.1958
           9979.5470
           3107.0640
           5617.9496
           6930.6780
           6083.6363
           7714.8196
           1218.5627
           2060.4843
           4034.6093
           5573.7698
           2443.5435
           2012.8354
           5628.9074
            934.1813
           1656.0473
          25533.3348
           9217.1544
           1192.3182
           2914.7215
          30540.9223
          51856.2421
          14252.5557
           5288.9869
           1299.2548
          36921.8985
          20054.6354
           2718.6607
           1355.5653
           2556.6802
           3419.6210
           3589.1650
           1852.5396
           1101.3343
           1672.4227
            719.5040
           1308.1088
           1053.1830
           1120.1579
           6201.9802
          13157.2770
           5307.9414
           7016.8650
           1217.8879
           1496.5078
           1596.3308
           8445.2127
          30620.3382
          34084.5264
