Amp Radius  OC_Mean OC_Std OC_Q1 OC_Med OC_Q3 OC_Max OC_Min  Exp_Mean Exp_Std Exp_Q1 Exp_Med Exp_Q3 Exp_Max Exp_Min  Num_Mean Num_Std Num_Q1 Num_Med Num_Q3 Num_Max Num_Min
  0.5000   0.0200      154.8384    2.0222     52.00    114.00    213.00   1257.00      0.00      11.9518    0.1627      4.00      9.00     16.00    151.00      0.00      58.3582    0.7318     14.00     48.00     90.00    301.00      0.00
  0.5000   0.0500       41.7798    0.4634     19.00     33.00     55.00    278.00      0.00       2.4530    0.0247      1.00      2.00      3.00     14.00      0.00      86.7846    0.7763     48.00     79.00    116.00    374.00      0.00
  0.5000   0.1000       17.7218    0.1512     10.00     15.00     23.00    101.00      0.00       1.1856    0.0071      1.00      1.00      1.00      7.00      0.00     111.7462    0.9522     64.00    100.00    147.00    617.00      0.00
  1.0000   0.0200       51.0472    0.6574     18.00     37.00     68.00    438.00      0.00      11.5548    0.1596      4.00      9.00     16.00    190.00      0.00      21.9836    0.1759     14.00     21.00     30.00     82.00      0.00
  1.0000   0.0500       13.1340    0.1340      7.00     11.00     17.00     94.00      0.00       2.4916    0.0255      1.00      2.00      3.00     17.00      0.00      27.5132    0.1907     18.00     26.00     35.00     97.00      0.00
  1.0000   0.1000        5.9320    0.0447      4.00      5.00      7.00     35.00      0.00       1.1914    0.0074      1.00      1.00      1.00      7.00      0.00      35.6552    0.2507     23.00     33.00     45.00    146.00      0.00
  2.0000   0.0200       19.7112    0.2410      8.00     15.00     26.00    136.00      0.00      11.8300    0.1611      4.00      9.00     16.00    113.00      0.00       8.5982    0.0545      6.00      8.00     11.00     25.00      0.00
  2.0000   0.0500        5.1872    0.0451      3.00      4.00      7.00     31.00      0.00       2.4816    0.0255      1.00      2.00      3.00     16.00      0.00      10.9522    0.0685      8.00     10.00     13.00     48.00      0.00
  2.0000   0.1000        2.6870    0.0164      2.00      2.00      3.00     11.00      0.00       1.1932    0.0074      1.00      1.00      1.00      6.00      0.00      15.8466    0.1133     10.00     14.00     20.00     62.00      0.00
