Amp Radius  OC_Mean OC_Std OC_Q1 OC_Med OC_Q3 OC_Max OC_Min  Exp_Mean Exp_Std Exp_Q1 Exp_Med Exp_Q3 Exp_Max Exp_Min  Num_Mean Num_Std Num_Q1 Num_Med Num_Q3 Num_Max Num_Min
  0.5000   0.0200      281.8552    3.8962     84.00    199.00    390.00   2000.00      0.00      56.9034    0.8730     15.00     37.00     78.00    569.00      0.00      18.1682    0.3773      1.00      6.00     25.00    248.00      0.00
  0.5000   0.0500      123.6524    1.6655     41.00     89.00    169.00   1377.00      0.00       7.8252    0.0861      3.00      6.00     12.00     53.00      0.00      49.6562    0.5768     18.00     42.00     71.00    452.00      0.00
  0.5000   0.1000       48.0286    0.5688     20.00     37.00     63.00    295.00      0.00       2.8470    0.0338      1.00      2.00      4.00     17.00      0.00      65.7870    0.6079     35.00     59.00     88.00    336.00      0.00
  1.0000   0.0200      145.4812    2.0123     42.00    101.00    202.00   1077.00      0.00      55.3748    0.8461     14.00     36.00     75.00    548.00      0.00      12.6208    0.1588      2.00     11.00     20.00     71.00      0.00
  1.0000   0.0500       37.6490    0.4745     15.00     28.00     50.00    362.00      0.00       7.6670    0.0877      3.00      6.00     11.00     99.00      0.00      19.0470    0.1480     12.00     18.00     26.00     87.00      0.00
  1.0000   0.1000       13.8496    0.1425      7.00     11.00     18.00    116.00      0.00       2.8114    0.0332      1.00      2.00      4.00     16.00      0.00      21.7768    0.1521     14.00     20.00     28.00     83.00      0.00
  2.0000   0.0200       71.2894    1.0194     21.00     48.00     97.00    647.00      0.00      53.7066    0.8080     14.00     35.00     74.00    489.00      0.00       6.5184    0.0564      4.00      7.00      9.00     21.00      0.00
  2.0000   0.0500       13.6430    0.1493      6.00     11.00     18.00    115.00      0.00       7.7236    0.0857      3.00      6.00     11.00     68.00      0.00       9.0636    0.0493      7.00     10.00     11.00     25.00      0.00
  2.0000   0.1000        5.7612    0.0525      3.00      5.00      8.00     32.00      0.00       2.8742    0.0349      1.00      2.00      4.00     19.00      0.00      10.6246    0.0614      8.00     11.00     12.00     33.00      0.00
