Amp Radius  OC_Mean OC_Std OC_Q1 OC_Med OC_Q3 OC_Max OC_Min  Exp_Mean Exp_Std Exp_Q1 Exp_Med Exp_Q3 Exp_Max Exp_Min  Num_Mean Num_Std Num_Q1 Num_Med Num_Q3 Num_Max Num_Min
  0.5000   0.0200      171.6322    2.2993     55.00    125.00    234.00   1538.00      0.00      14.8290    0.2074      5.00     11.00     20.00    149.00      0.00      52.0930    0.7059     10.00     41.00     81.00    462.00      0.00
  0.5000   0.0500       48.6980    0.5599     21.00     38.00     64.00    335.00      0.00       2.8344    0.0292      1.00      2.00      4.00     19.00      0.00      83.4760    0.7492     46.00     75.00    113.00    372.00      0.00
  0.5000   0.1000       19.5454    0.1778     11.00     17.00     25.00    104.00      0.00       1.2838    0.0091      1.00      1.00      1.00      8.00      0.00     100.4918    0.8308     58.00     91.00    132.00    495.00      0.00
  1.0000   0.0200       59.2484    0.7649     21.00     42.00     80.00    424.00      0.00      14.8630    0.2178      5.00     11.00     20.00    258.00      0.00      20.8556    0.1722     13.00     21.00     28.00     89.00      0.00
  1.0000   0.0500       14.6526    0.1552      7.00     12.00     19.00    160.00      0.00       2.8344    0.0299      1.00      2.00      4.00     21.00      0.00      25.8758    0.1774     17.00     25.00     33.00     91.00      0.00
  1.0000   0.1000        6.4372    0.0525      4.00      6.00      8.00     47.00      0.00       1.2884    0.0091      1.00      1.00      1.00      7.00      0.00      32.4178    0.2300     21.00     30.00     41.00    127.00      0.00
  2.0000   0.0200       23.1268    0.2961      9.00     17.00     31.00    234.00      0.00      14.6134    0.2013      5.00     11.00     20.00    175.00      0.00       8.2900    0.0549      6.00      8.00     11.00     26.00      0.00
  2.0000   0.0500        5.8360    0.0552      3.00      5.00      8.00     35.00      0.00       2.8378    0.0295      1.00      2.00      4.00     17.00      0.00      10.5898    0.0662      7.00     10.00     13.00     41.00      0.00
  2.0000   0.1000        2.8960    0.0193      2.00      3.00      3.00     16.00      0.00       1.2796    0.0088      1.00      1.00      1.00      6.00      0.00      14.6248    0.1000     10.00     13.00     19.00     63.00      0.00
