Amp Radius  OC_Mean OC_Std OC_Q1 OC_Med OC_Q3 OC_Max OC_Min  Exp_Mean Exp_Std Exp_Q1 Exp_Med Exp_Q3 Exp_Max Exp_Min  Num_Mean Num_Std Num_Q1 Num_Med Num_Q3 Num_Max Num_Min
  0.5000   0.0200      229.4024    3.2319     69.00    158.00    318.00   2000.00      0.00      34.4904    0.5180     10.00     22.00     46.00    431.00      0.00      32.2710    0.5562      3.00     15.00     50.00    327.00      0.00
  0.5000   0.0500       78.5474    0.9875     30.00     59.00    106.00    798.00      0.00       4.9394    0.0584      2.00      4.00      7.00     58.00      0.00      62.7896    0.6339     30.00     56.00     87.00    352.00      0.00
  0.5000   0.1000       30.3548    0.3375     15.00     24.00     39.00    287.00      0.00       1.8366    0.0182      1.00      1.00      2.00     12.00      0.00      78.7044    0.6892     44.00     70.00    104.00    326.00      0.00
  1.0000   0.0200      100.3018    1.3857     31.00     71.00    138.00   1008.00      0.00      34.4554    0.5230      9.00     22.00     48.00    446.00      0.00      16.3232    0.1703      5.00     16.00     24.00     73.00      0.00
  1.0000   0.0500       24.0630    0.2772     10.00     19.00     32.00    190.00      0.00       4.9088    0.0547      2.00      4.00      7.00     48.00      0.00      21.9190    0.1590     14.00     21.00     28.00     94.00      0.00
  1.0000   0.1000        9.5186    0.0935      5.00      8.00     12.00     81.00      0.00       1.8726    0.0190      1.00      1.00      2.00     13.00      0.00      25.9640    0.1865     17.00     24.00     33.00     98.00      0.00
  2.0000   0.0200       48.4058    0.6780     15.00     34.00     66.00    426.00      0.00      35.6478    0.5261     10.00     24.00     49.00    356.00      0.00       7.1704    0.0554      5.00      7.00     10.00     24.00      0.00
  2.0000   0.0500        9.1252    0.0988      4.00      7.00     12.00    124.00      0.00       4.8238    0.0539      2.00      4.00      7.00     49.00      0.00       9.4290    0.0554      7.00     10.00     11.00     37.00      0.00
  2.0000   0.1000        4.1262    0.0335      2.00      4.00      5.00     23.00      0.00       1.8630    0.0185      1.00      1.00      2.00     13.00      0.00      11.6744    0.0761      8.00     11.00     14.00     44.00      0.00
