Amp Radius  OC_Mean OC_Std OC_Q1 OC_Med OC_Q3 OC_Max OC_Min  Exp_Mean Exp_Std Exp_Q1 Exp_Med Exp_Q3 Exp_Max Exp_Min  Num_Mean Num_Std Num_Q1 Num_Med Num_Q3 Num_Max Num_Min
  0.5000   0.0200      175.8130    2.4506     54.00    120.00    240.00   1809.00      0.00      16.2878    0.2247      5.00     12.00     22.00    132.00      0.00      49.5456    0.6812      8.00     37.00     77.00    280.00      0.00
  0.5000   0.0500       50.7078    0.5977     22.00     39.00     66.00    470.00      0.00       3.0364    0.0320      1.00      2.00      4.00     21.00      0.00      80.2820    0.7316     43.00     73.00    109.00    417.00      0.00
  0.5000   0.1000       20.5006    0.1905     11.00     17.00     26.00    141.00      0.00       1.3368    0.0101      1.00      1.00      1.00      8.00      0.00      98.8816    0.8182     58.00     90.00    129.00    400.00      0.00
  1.0000   0.0200       63.2728    0.8481     21.00     46.00     85.00    590.00      0.00      16.6224    0.2410      5.00     12.00     22.00    203.00      0.00      20.3612    0.1738     12.00     20.00     28.00     70.00      0.00
  1.0000   0.0500       15.3664    0.1635      7.00     12.00     20.00    117.00      0.00       2.9906    0.0317      1.00      2.00      4.00     23.00      0.00      25.4538    0.1806     17.00     24.00     33.00     91.00      0.00
  1.0000   0.1000        6.7986    0.0563      4.00      6.00      8.00     50.00      0.00       1.3416    0.0099      1.00      1.00      1.00      7.00      0.00      31.9930    0.2289     20.00     29.00     41.00    135.00      0.00
  2.0000   0.0200       25.7232    0.3333      9.00     19.00     34.00    200.00      0.00      16.7796    0.2396      5.00     12.00     23.00    181.00      0.00       8.2210    0.0548      6.00      8.00     10.00     26.00      0.00
  2.0000   0.0500        6.1524    0.0576      3.00      5.00      8.00     49.00      0.00       2.9668    0.0312      1.00      2.00      4.00     18.00      0.00      10.4018    0.0634      7.00     10.00     12.00     38.00      0.00
  2.0000   0.1000        2.9878    0.0207      2.00      3.00      4.00     22.00      0.00       1.3270    0.0098      1.00      1.00      1.00      8.00      0.00      14.2952    0.0987     10.00     13.00     18.00     60.00      0.00
