Amp Radius  OC_Mean OC_Std OC_Q1 OC_Med OC_Q3 OC_Max OC_Min  Exp_Mean Exp_Std Exp_Q1 Exp_Med Exp_Q3 Exp_Max Exp_Min  Num_Mean Num_Std Num_Q1 Num_Med Num_Q3 Num_Max Num_Min
  0.5000   0.0200      255.8604    3.5631     74.00    178.00    353.00   2000.00      0.00      46.9042    0.6966     13.00     31.00     65.00    516.00      0.00      22.8014    0.4463      2.00      8.00     33.00    257.00      0.00
  0.5000   0.0500      104.5450    1.3695     37.00     75.00    141.00   1051.00      0.00       6.3830    0.0713      2.00      5.00      9.00     41.00      0.00      54.8648    0.5960     23.00     48.00     77.00    319.00      0.00
  0.5000   0.1000       39.7496    0.4713     17.00     30.00     53.00    423.00      0.00       2.3218    0.0258      1.00      2.00      3.00     14.00      0.00      70.4400    0.6432     38.00     63.00     95.00    439.00      0.00
  1.0000   0.0200      125.7994    1.7439     38.00     87.00    171.00   1158.00      0.00      45.9122    0.6854     12.00     30.00     63.00    524.00      0.00      14.1930    0.1614      3.00     14.00     22.00     61.00      0.00
  1.0000   0.0500       31.5820    0.4045     13.00     23.00     41.00    312.00      0.00       6.3408    0.0736      2.00      5.00      9.00     63.00      0.00      20.5280    0.1540     13.00     19.00     27.00    100.00      0.00
  1.0000   0.1000       12.0418    0.1182      6.00     10.00     16.00     68.00      0.00       2.3528    0.0261      1.00      2.00      3.00     16.00      0.00      23.4428    0.1623     15.00     22.00     30.00     79.00      0.00
  2.0000   0.0200       61.1604    0.8668     19.00     42.00     85.00    606.00      0.00      46.6272    0.7000     13.00     31.00     64.00    522.00      0.00       6.8022    0.0549      5.00      7.00      9.00     21.00      0.00
  2.0000   0.0500       11.9056    0.1287      5.00     10.00     16.00     77.00      0.00       6.4376    0.0704      2.00      5.00      9.00     42.00      0.00       9.2506    0.0509      7.00     10.00     11.00     27.00      0.00
  2.0000   0.1000        4.9490    0.0440      3.00      4.00      6.00     31.00      0.00       2.3214    0.0254      1.00      2.00      3.00     14.00      0.00      11.0808    0.0675      8.00     11.00     13.00     39.00      0.00
