Amp Radius  OC_Mean OC_Std OC_Q1 OC_Med OC_Q3 OC_Max OC_Min  Exp_Mean Exp_Std Exp_Q1 Exp_Med Exp_Q3 Exp_Max Exp_Min  Num_Mean Num_Std Num_Q1 Num_Med Num_Q3 Num_Max Num_Min
  0.5000   0.0200      198.7968    2.6595     65.00    143.00    273.00   1803.00      0.00      24.1204    0.3761      7.00     16.00     32.00    386.00      0.00      42.1314    0.6377      6.00     27.00     67.00    424.00      0.00
  0.5000   0.0500       61.0482    0.7449     24.00     45.00     82.00    575.00      0.00       3.5908    0.0399      1.00      3.00      5.00     34.00      0.00      73.4200    0.6997     38.00     65.00    100.00    393.00      0.00
  0.5000   0.1000       23.5774    0.2314     12.00     20.00     30.00    166.00      0.00       1.5046    0.0128      1.00      1.00      2.00      9.00      0.00      89.1512    0.7573     51.00     80.00    118.00    376.00      0.00
  1.0000   0.0200       78.9296    1.0890     26.00     56.00    106.00    861.00      0.00      23.4216    0.3476      7.00     16.00     32.00    252.00      0.00      18.9928    0.1744     10.00     19.00     27.00     67.00      0.00
  1.0000   0.0500       18.3094    0.2034      8.00     14.00     24.00    191.00      0.00       3.6570    0.0411      1.00      3.00      5.00     40.00      0.00      24.0216    0.1675     16.00     23.00     31.00     86.00      0.00
  1.0000   0.1000        7.6486    0.0653      4.00      7.00     10.00     50.00      0.00       1.4998    0.0124      1.00      1.00      2.00      8.00      0.00      28.7930    0.2000     19.00     27.00     36.00    112.00      0.00
  2.0000   0.0200       34.0664    0.4509     12.00     24.00     46.00    366.00      0.00      23.6224    0.3478      7.00     16.00     31.00    263.00      0.00       7.8502    0.0547      6.00      8.00     10.00     22.00      0.00
  2.0000   0.0500        7.3302    0.0718      4.00      6.00     10.00     59.00      0.00       3.6340    0.0389      1.00      3.00      5.00     25.00      0.00       9.9594    0.0590      7.00     10.00     12.00     40.00      0.00
  2.0000   0.1000        3.3796    0.0246      2.00      3.00      4.00     15.00      0.00       1.5162    0.0131      1.00      1.00      2.00     10.00      0.00      12.8892    0.0861      9.00     12.00     16.00     46.00      0.00
