Amp Radius  OC_Mean OC_Std OC_Q1 OC_Med OC_Q3 OC_Max OC_Min  Exp_Mean Exp_Std Exp_Q1 Exp_Med Exp_Q3 Exp_Max Exp_Min  Num_Mean Num_Std Num_Q1 Num_Med Num_Q3 Num_Max Num_Min
  0.5000   0.0200      330.5604    4.5734     98.00    230.00    453.00   2000.00      0.00      80.2098    1.2052     23.00     54.00    107.00    813.00      0.00       7.9050    0.1972      1.00      3.00      8.00    132.00      0.00
  0.5000   0.0500      220.3098    3.1192     66.00    152.00    302.00   2000.00      0.00      14.4346    0.1458      6.00     13.00     22.00    108.00      0.00      31.7126    0.4387      8.00     23.00     46.00    240.00      0.00
  0.5000   0.1000      102.7068    1.3945     34.00     73.00    139.00    915.00      0.00       8.9626    0.1064      2.00      7.00     14.00     35.00      0.00      54.2358    0.5837     24.00     45.00     75.00    363.00      0.00
  1.0000   0.0200      224.1794    3.1404     65.00    154.00    313.00   1920.00      0.00      82.1650    1.2560     22.00     52.00    112.00    836.00      0.00       7.9426    0.1269      1.00      4.00     13.00     63.00      0.00
  1.0000   0.0500       72.4070    0.9954     24.00     51.00     97.00    763.00      0.00      14.6680    0.1451      6.00     13.00     22.00     95.00      0.00      15.6622    0.1364     10.00     15.00     21.00     63.00      0.00
  1.0000   0.1000       27.1208    0.3157     11.00     22.00     35.00    185.00      0.00       8.8560    0.1074      2.00      7.00     14.00     34.00      0.00      19.8578    0.1377     13.00     19.00     25.00     64.00      0.00
  2.0000   0.0200      112.6484    1.6502     33.00     75.00    154.00   1002.00      0.00      80.7576    1.2492     23.00     53.00    108.00    912.00      0.00       5.2566    0.0563      1.00      6.00      8.00     20.00      0.00
  2.0000   0.0500       24.3070    0.2889     10.00     20.00     31.00    250.00      0.00      14.5386    0.1455      6.00     13.00     22.00    113.00      0.00       8.4070    0.0549      6.00      9.00     11.00     19.00      0.00
  2.0000   0.1000       12.4694    0.1232      5.00     11.00     19.00     90.00      0.00       9.0064    0.1079      2.00      7.00     15.00     34.00      0.00       9.6720    0.0593      7.00     10.00     13.00     27.00      0.00
