Amp Radius  OC_Mean OC_Std OC_Q1 OC_Med OC_Q3 OC_Max OC_Min  Exp_Mean Exp_Std Exp_Q1 Exp_Med Exp_Q3 Exp_Max Exp_Min  Num_Mean Num_Std Num_Q1 Num_Med Num_Q3 Num_Max Num_Min
  0.5000   0.0200      161.1350    2.1639     52.00    116.00    221.00   1336.00      0.00      13.7454    0.1916      4.00     10.00     18.00    173.00      0.00      52.7854    0.6934     10.00     41.00     80.00    289.00      0.00
  0.5000   0.0500       44.8820    0.5294     20.00     35.00     59.00    365.00      0.00       2.7150    0.0273      1.00      2.00      4.00     14.00      0.00      82.4776    0.7497     44.00     75.00    112.00    412.00      0.00
  0.5000   0.1000       19.0408    0.1686     11.00     16.00     25.00    125.00      0.00       1.2418    0.0081      1.00      1.00      1.00      6.00      0.00     104.4032    0.8631     61.00     94.00    137.00    418.00      0.00
  1.0000   0.0200       56.5196    0.7375     20.00     41.00     76.00    535.00      0.00      13.2204    0.1869      4.00     10.00     18.00    211.00      0.00      21.1536    0.1721     13.00     21.00     29.00     75.00      0.00
  1.0000   0.0500       14.0680    0.1452      7.00     11.00     18.00     99.00      0.00       2.6600    0.0278      1.00      2.00      4.00     23.00      0.00      26.7572    0.1830     18.00     25.00     34.00     87.00      0.00
  1.0000   0.1000        6.3022    0.0502      4.00      6.00      8.00     32.00      0.00       1.2554    0.0086      1.00      1.00      1.00      8.00      0.00      33.6870    0.2443     21.00     31.00     43.00    139.00      0.00
  2.0000   0.0200       21.9936    0.2675      9.00     17.00     30.00    173.00      0.00      13.6192    0.1862      4.00     10.00     18.00    138.00      0.00       8.4998    0.0551      6.00      8.00     11.00     27.00      0.00
  2.0000   0.0500        5.5950    0.0503      3.00      5.00      7.00     35.00      0.00       2.6980    0.0282      1.00      2.00      4.00     20.00      0.00      10.7456    0.0669      8.00     10.00     13.00     42.00      0.00
  2.0000   0.1000        2.7820    0.0178      2.00      2.00      3.00     16.00      0.00       1.2384    0.0081      1.00      1.00      1.00      6.00      0.00      15.0172    0.1061     10.00     13.00     19.00     61.00      0.00
