Amp Radius  OC_Mean OC_Std OC_Q1 OC_Med OC_Q3 OC_Max OC_Min  Exp_Mean Exp_Std Exp_Q1 Exp_Med Exp_Q3 Exp_Max Exp_Min  Num_Mean Num_Std Num_Q1 Num_Med Num_Q3 Num_Max Num_Min
  0.5000   0.0200      369.3196    5.0741    107.00    258.00    508.00   2000.00      0.00     119.5926    1.7725     33.00     78.00    166.00   1251.00      0.00       2.9450    0.0697      0.00      1.00      3.00     57.00      0.00
  0.5000   0.0500      310.3572    4.2353     94.00    218.00    430.00   2000.00      0.00      28.2988    0.2701     12.00     27.00     44.00    196.00      0.00      15.6036    0.2306      4.00     10.00     22.00    147.00      0.00
  0.5000   0.1000      215.1358    2.8548     70.00    153.00    298.00   1588.00      0.00      21.4926    0.2339      6.00     18.00     34.00     65.00      0.00      41.2380    0.5219     15.00     31.00     57.00    287.00      0.00
  1.0000   0.0200      295.3698    4.0530     91.00    207.00    403.00   2000.00      0.00     118.3420    1.7933     34.00     76.00    160.00   1274.00      0.00       3.7830    0.0776      0.00      1.00      5.00     49.00      0.00
  1.0000   0.0500      145.1240    1.9738     47.00    103.00    198.00   1317.00      0.00      28.7916    0.2672     12.00     27.00     44.00    162.00      0.00      11.5710    0.1246      5.00     10.00     17.00     59.00      0.00
  1.0000   0.1000       62.6934    0.7355     27.00     48.00     82.00    590.00      0.00      20.8388    0.2321      5.00     18.00     34.00     65.00      0.00      17.5864    0.1481     10.00     16.00     23.00     87.00      0.00
  2.0000   0.0200      176.4342    2.5092     52.00    120.00    237.00   1304.00      0.00     121.3740    1.8322     34.00     78.00    164.00   1191.00      0.00       3.0330    0.0428      0.00      2.00      6.00     15.00      0.00
  2.0000   0.0500       47.7624    0.5471     20.00     38.00     61.00    339.00      0.00      28.3182    0.2764     10.00     28.00     43.00    208.00      0.00       5.7712    0.0452      3.00      6.00      8.00     21.00      0.00
  2.0000   0.1000       27.8196    0.2385     13.00     24.00     40.00    135.00      0.00      20.9500    0.2367      5.00     18.00     33.00     63.00      0.00       7.0974    0.0548      4.00      7.00      9.00     23.00      0.00
