Amp Radius  OC_Mean OC_Std OC_Q1 OC_Med OC_Q3 OC_Max OC_Min  Exp_Mean Exp_Std Exp_Q1 Exp_Med Exp_Q3 Exp_Max Exp_Min  Num_Mean Num_Std Num_Q1 Num_Med Num_Q3 Num_Max Num_Min
  0.5000   0.0200      315.5828    4.4664     92.00    217.00    428.00   2000.00      0.00      66.7682    0.9762     18.00     44.00     92.00    730.00      0.00      13.4456    0.3084      1.00      5.00     15.00    187.00      0.00
  0.5000   0.0500      157.6850    2.2026     51.00    110.00    213.00   1520.00      0.00       9.5850    0.1036      4.00      8.00     14.00     96.00      0.00      42.8204    0.5224     13.00     35.00     62.00    266.00      0.00
  0.5000   0.1000       65.8460    0.8581     25.00     48.00     87.00    735.00      0.00       3.9632    0.0523      1.00      3.00      5.00     26.00      0.00      62.3180    0.6166     31.00     54.00     84.00    322.00      0.00
  1.0000   0.0200      177.3864    2.4089     55.00    124.00    249.00   1391.00      0.00      66.0440    0.9951     18.00     43.00     90.00    689.00      0.00      10.8052    0.1474      1.00      9.00     17.00     68.00      0.00
  1.0000   0.0500       49.1504    0.6423     18.00     36.00     67.00    422.00      0.00       9.6672    0.1070      4.00      8.00     14.00     93.00      0.00      18.0416    0.1445     11.00     17.00     24.00     73.00      0.00
  1.0000   0.1000       17.7504    0.2026      8.00     14.00     23.00    131.00      0.00       3.9838    0.0529      1.00      3.00      5.00     24.00      0.00      20.9866    0.1452     14.00     20.00     27.00     67.00      0.00
  2.0000   0.0200       89.0390    1.2978     26.00     60.00    120.00   1002.00      0.00      67.9974    1.0427     18.00     45.00     92.00    818.00      0.00       5.9904    0.0564      2.00      7.00      9.00     19.00      0.00
  2.0000   0.0500       16.8894    0.1859      7.00     14.00     22.00    125.00      0.00       9.5668    0.1034      3.00      8.00     14.00     86.00      0.00       8.8786    0.0508      7.00     10.00     11.00     26.00      0.00
  2.0000   0.1000        7.3476    0.0701      4.00      6.00     10.00     48.00      0.00       3.9588    0.0516      1.00      3.00      5.00     24.00      0.00      10.3012    0.0576      8.00     11.00     12.00     26.00      0.00
