Amp Radius  OC_Mean OC_Std OC_Q1 OC_Med OC_Q3 OC_Max OC_Min  Exp_Mean Exp_Std Exp_Q1 Exp_Med Exp_Q3 Exp_Max Exp_Min  Num_Mean Num_Std Num_Q1 Num_Med Num_Q3 Num_Max Num_Min
  0.5000   0.0200      191.8286    2.6270     61.00    137.00    263.00   1647.00      0.00      20.8014    0.3055      6.00     14.00     28.00    223.00      0.00      44.5426    0.6482      6.00     31.00     70.00    368.00      0.00
  0.5000   0.0500       56.1640    0.6685     23.00     43.00     74.00    361.00      0.00       3.3838    0.0372      1.00      3.00      5.00     34.00      0.00      75.4858    0.7007     40.00     69.00    102.00    389.00      0.00
  0.5000   0.1000       22.4802    0.2181     12.00     19.00     29.00    204.00      0.00       1.4308    0.0118      1.00      1.00      2.00      8.00      0.00      93.3544    0.7783     54.00     84.00    122.00    466.00      0.00
  1.0000   0.0200       72.6264    0.9771     25.00     52.00     97.00    644.00      0.00      20.9950    0.3130      6.00     14.00     27.00    285.00      0.00      19.4954    0.1737     11.00     20.00     27.00     78.00      0.00
  1.0000   0.0500       17.4732    0.1930      8.00     14.00     23.00    146.00      0.00       3.3944    0.0364      1.00      3.00      5.00     30.00      0.00      24.3676    0.1749     16.00     23.00     31.00     96.00      0.00
  1.0000   0.1000        7.3346    0.0634      4.00      6.00      9.00     52.00      0.00       1.4276    0.0116      1.00      1.00      2.00      8.00      0.00      29.8220    0.2126     19.00     27.00     38.00    110.00      0.00
  2.0000   0.0200       30.0728    0.4086     10.00     22.00     41.00    466.00      0.00      20.1034    0.2854      6.00     14.00     27.00    161.00      0.00       8.0576    0.0544      6.00      8.00     10.00     25.00      0.00
  2.0000   0.0500        6.7938    0.0663      3.00      6.00      9.00     48.00      0.00       3.3422    0.0366      1.00      3.00      5.00     28.00      0.00      10.2050    0.0612      7.00     10.00     12.00     39.00      0.00
  2.0000   0.1000        3.2610    0.0237      2.00      3.00      4.00     17.00      0.00       1.4418    0.0120      1.00      1.00      2.00      9.00      0.00      13.4704    0.0921      9.00     12.00     17.00     52.00      0.00
