Amp Radius  OC_Mean OC_Std OC_Q1 OC_Med OC_Q3 OC_Max OC_Min  Exp_Mean Exp_Std Exp_Q1 Exp_Med Exp_Q3 Exp_Max Exp_Min  Num_Mean Num_Std Num_Q1 Num_Med Num_Q3 Num_Max Num_Min
  2.0000   0.2000        5.0798    0.0415      3.00      5.00      6.00     44.00      0.00       1.1896    0.0150      1.00      1.00      1.00     44.00      0.00       5.7132    0.0429      4.00      5.00      7.00     22.00      0.00
  2.0000   0.1800        5.5970    0.0620      3.00      5.00      7.00    187.00      0.00       1.3964    0.0470      1.00      1.00      1.00    187.00      0.00       5.2290    0.0397      3.00      5.00      7.00     22.00      0.00
  2.0000   0.1600        6.4312    0.0730      4.00      6.00      8.00    135.00      0.00       1.6654    0.0490      1.00      1.00      2.00    125.00      0.00       4.9250    0.0363      3.00      5.00      6.00     18.00      0.00
  2.0000   0.1400        7.7328    0.1228      4.00      6.00      9.00    206.00      0.00       2.4322    0.0853      1.00      1.00      2.00    167.00      0.00       4.4856    0.0331      3.00      4.00      6.00     18.00      0.00
  2.0000   0.1200       11.2910    0.2744      5.00      7.00     11.00    373.00      0.00       5.2740    0.2335      1.00      2.00      3.00    360.00      0.00       4.1314    0.0304      3.00      4.00      5.00     17.00      0.00
  2.0000   0.1000       17.3340    0.4822      5.00      9.00     16.00    672.00      0.00       9.8810    0.4010      1.00      2.00      7.00    562.00      0.00       3.9062    0.0305      2.00      4.00      5.00     16.00      0.00
  2.0000   0.0800       29.0750    0.6743      7.00     13.00     30.00    648.00      0.00      20.3084    0.6182      2.00      5.00     18.00    648.00      0.00       3.5956    0.0320      2.00      3.00      5.00     16.00      0.00
  2.0000   0.0600       52.6398    1.1079      9.00     23.00     59.00    731.00      0.00      40.8936    1.0193      3.00     14.00     43.00    727.00      0.00       3.1544    0.0336      1.00      3.00      5.00     14.00      0.00
  2.0000   0.0400       84.6080    1.5189     16.00     44.00    110.00   1002.00      0.00      69.9150    1.3973     10.00     32.00     88.00    830.00      0.00       2.3686    0.0333      0.00      2.00      4.00     14.00      0.00
  2.0000   0.0200      135.3762    2.1048     32.00     84.00    186.00   1228.00      0.00     119.1670    1.9534     24.00     69.00    162.00   1159.00      0.00       1.3760    0.0303      0.00      0.00      2.00     13.00      0.00
  1.8000   0.2000        6.1828    0.0649      4.00      6.00      8.00    171.00      0.00       1.2498    0.0447      1.00      1.00      1.00    161.00      0.00       6.9050    0.0524      4.00      6.00      9.00     25.00      0.00
  1.8000   0.1800        6.8010    0.0728      4.00      6.00      9.00    144.00      0.00       1.4144    0.0431      1.00      1.00      1.00    130.00      0.00       6.3174    0.0485      4.00      6.00      8.00     27.00      0.00
  1.8000   0.1600        7.6882    0.1273      4.00      7.00      9.00    423.00      0.00       1.7194    0.0531      1.00      1.00      2.00    122.00      0.00       5.7554    0.0444      4.00      5.00      7.00     27.00      0.00
  1.8000   0.1400        8.9390    0.1244      5.00      7.00     11.00    192.00      0.00       2.3962    0.0869      1.00      1.00      2.00    163.00      0.00       5.3272    0.0408      3.00      5.00      7.00     27.00      0.00
  1.8000   0.1200       12.0132    0.2345      5.00      9.00     13.00    394.00      0.00       4.4156    0.1869      1.00      2.00      2.00    277.00      0.00       5.0374    0.0389      3.00      5.00      7.00     20.00      0.00
  1.8000   0.1000       18.8828    0.4363      6.00     11.00     19.00    555.00      0.00       9.6004    0.3712      1.00      2.00      7.00    538.00      0.00       4.6524    0.0380      3.00      4.00      6.00     19.00      0.00
  1.8000   0.0800       33.1506    0.8153      8.00     15.00     33.00   1225.00      0.00      21.0188    0.7069      2.00      5.00     18.00   1225.00      0.00       4.3268    0.0402      2.00      4.00      6.00     23.00      0.00
  1.8000   0.0600       56.0644    1.1470     11.00     26.00     64.00    867.00      0.00      40.9164    1.0018      3.00     14.00     44.00    760.00      0.00       3.6152    0.0409      1.00      4.00      5.00     17.00      0.00
  1.8000   0.0400       90.2426    1.6573     18.00     49.00    114.00   1288.00      0.00      70.6016    1.4667      9.00     33.00     87.00   1105.00      0.00       2.9106    0.0415      0.00      3.00      5.00     18.00      0.00
  1.8000   0.0200      140.0406    2.2383     33.00     87.00    187.00   1420.00      0.00     122.0598    2.0678     25.00     72.00    162.00   1411.00      0.00       1.4732    0.0336      0.00      0.00      3.00     16.00      0.00
  1.6000   0.2000        7.3778    0.0631      4.00      7.00      9.00     84.00      0.00       1.1926    0.0180      1.00      1.00      1.00     72.00      0.00       8.3944    0.0659      5.00      8.00     11.00     36.00      0.00
  1.6000   0.1800        8.1670    0.0796      5.00      7.00     10.00    125.00      0.00       1.3926    0.0436      1.00      1.00      1.00    117.00      0.00       7.6972    0.0613      5.00      7.00     10.00     35.00      0.00
  1.6000   0.1600        9.2372    0.1146      5.00      8.00     12.00    313.00      0.00       1.7266    0.0737      1.00      1.00      2.00    259.00      0.00       7.1112    0.0567      4.00      6.00      9.00     27.00      0.00
  1.6000   0.1400       10.6864    0.1434      6.00      9.00     13.00    292.00      0.00       2.3810    0.0950      1.00      1.00      2.00    288.00      0.00       6.4676    0.0508      4.00      6.00      8.00     25.00      0.00
  1.6000   0.1200       14.6096    0.2775      7.00     10.00     16.00    343.00      0.00       4.5520    0.1858      1.00      2.00      2.00    262.00      0.00       6.1234    0.0492      4.00      6.00      8.00     26.00      0.00
  1.6000   0.1000       21.9120    0.5308      8.00     12.00     22.00    693.00      0.00       9.8482    0.3990      1.00      2.00      6.00    499.00      0.00       5.6622    0.0480      3.00      5.00      8.00     25.00      0.00
  1.6000   0.0800       35.5814    0.7599     10.00     18.00     38.00    726.00      0.00      20.3788    0.6058      2.00      5.00     19.00    688.00      0.00       5.1380    0.0502      3.00      5.00      7.00     26.00      0.00
  1.6000   0.0600       60.4842    1.1856     13.00     30.00     72.00    919.00      0.00      39.6682    0.9883      3.00     14.00     42.00    727.00      0.00       4.4520    0.0520      1.00      4.00      7.00     22.00      0.00
  1.6000   0.0400       96.1794    1.6917     21.00     54.00    122.00   1307.00      0.00      71.2766    1.4653     10.00     32.00     87.00   1023.00      0.00       3.3526    0.0512      0.00      3.00      6.00     27.00      0.00
  1.6000   0.0200      144.5462    2.1937     39.00     91.00    198.00   1279.00      0.00     119.0514    1.9632     26.00     70.00    164.00   1256.00      0.00       1.7618    0.0418      0.00      0.00      3.00     21.00      0.00
  1.4000   0.2000        9.4872    0.0883      6.00      8.00     12.00    160.00      0.00       1.2184    0.0229      1.00      1.00      1.00     85.00      0.00      10.5680    0.0852      6.00     10.00     14.00     48.00      0.00
  1.4000   0.1800       10.2874    0.0930      6.00      9.00     13.00    110.00      0.00       1.3522    0.0240      1.00      1.00      1.00     57.00      0.00       9.7036    0.0790      6.00      9.00     13.00     49.00      0.00
  1.4000   0.1600       11.9624    0.1596      6.00     10.00     15.00    349.00      0.00       1.7500    0.0576      1.00      1.00      2.00    131.00      0.00       9.0152    0.0757      5.00      8.00     12.00     40.00      0.00
  1.4000   0.1400       13.6346    0.1673      7.00     11.00     17.00    211.00      0.00       2.4510    0.0880      1.00      1.00      2.00    168.00      0.00       8.3066    0.0703      5.00      7.00     11.00     40.00      0.00
  1.4000   0.1200       17.6634    0.3096      8.00     13.00     20.00    408.00      0.00       4.5406    0.2055      1.00      2.00      2.00    406.00      0.00       7.6958    0.0667      4.00      7.00     10.00     38.00      0.00
  1.4000   0.1000       26.5922    0.5565      9.00     16.00     28.00    603.00      0.00      10.5186    0.3979      1.00      2.00      7.00    462.00      0.00       7.1002    0.0651      4.00      6.00     10.00     40.00      0.00
  1.4000   0.0800       43.1262    0.9051     12.00     22.00     46.00    829.00      0.00      21.2696    0.6520      2.00      5.00     19.00    661.00      0.00       6.5472    0.0673      3.00      6.00      9.00     33.00      0.00
  1.4000   0.0600       66.7832    1.2554     16.00     36.00     79.00   1142.00      0.00      39.3976    0.9845      3.00     13.00     42.00    733.00      0.00       5.6196    0.0688      1.00      5.00      8.00     35.00      0.00
  1.4000   0.0400      104.9956    1.8132     24.00     60.00    137.00   1699.00      0.00      70.3408    1.4407     10.00     32.00     89.00    888.00      0.00       4.0724    0.0652      0.00      3.00      7.00     32.00      0.00
  1.4000   0.0200      149.6854    2.2508     39.00     97.00    207.00   1483.00      0.00     117.8216    1.9216     25.00     72.00    159.00   1483.00      0.00       2.0246    0.0503      0.00      0.00      3.00     34.00      0.00
  1.2000   0.2000       12.4638    0.1138      7.00     11.00     16.00    106.00      0.00       1.2042    0.0192      1.00      1.00      1.00     64.00      0.00      14.0340    0.1197      8.00     13.00     19.00     61.00      0.00
  1.2000   0.1800       13.6260    0.1504      7.00     12.00     18.00    304.00      0.00       1.3914    0.0451      1.00      1.00      1.00    157.00      0.00      12.8358    0.1137      7.00     11.00     17.00     61.00      0.00
  1.2000   0.1600       15.6834    0.1696      8.00     13.00     20.00    190.00      0.00       1.6814    0.0561      1.00      1.00      2.00    169.00      0.00      12.1618    0.1110      7.00     11.00     16.00     57.00      0.00
  1.2000   0.1400       18.3368    0.2452      9.00     15.00     23.00    498.00      0.00       2.5480    0.1050      1.00      1.00      2.00    234.00      0.00      11.1240    0.1019      6.00     10.00     15.00     58.00      0.00
  1.2000   0.1200       23.9450    0.3865     10.00     17.00     29.00    451.00      0.00       4.8680    0.2225      1.00      2.00      2.00    321.00      0.00      10.3438    0.0976      5.00      9.00     14.00     70.00      0.00
  1.2000   0.1000       33.5200    0.6174     13.00     21.00     37.00    656.00      0.00       9.7644    0.3785      1.00      2.00      7.00    395.00      0.00       9.6682    0.0958      5.00      8.00     13.00     59.00      0.00
  1.2000   0.0800       49.0218    0.9323     14.00     28.00     57.00    838.00      0.00      19.7786    0.6118      2.00      5.00     18.00    616.00      0.00       8.4458    0.0951      4.00      7.00     12.00     50.00      0.00
  1.2000   0.0600       76.5278    1.3673     19.00     43.00     95.00   1290.00      0.00      40.2390    0.9981      3.00     14.00     44.00    964.00      0.00       6.9636    0.0925      1.00      6.00     10.00     45.00      0.00
  1.2000   0.0400      114.1384    1.8566     28.00     69.00    149.00   1153.00      0.00      71.3202    1.4393     10.00     34.00     89.00   1088.00      0.00       5.0750    0.0872      0.00      3.00      8.00     39.00      0.00
  1.2000   0.0200      156.1320    2.3085     43.00    104.00    212.00   1511.00      0.00     118.0046    1.9629     25.00     72.00    160.00   1412.00      0.00       2.2776    0.0636      0.00      0.00      2.00     43.00      0.00
  1.0000   0.2000       17.7000    0.1874      9.00     15.00     23.00    192.00      0.00       1.1808    0.0140      1.00      1.00      1.00     34.00      0.00      19.8206    0.1868     10.00     17.00     26.00    115.00      0.00
  1.0000   0.1800       20.3236    0.2219     10.00     17.00     26.00    266.00      0.00       1.3712    0.0286      1.00      1.00      1.00     64.00      0.00      18.8562    0.1827     10.00     16.00     25.00    117.00      0.00
  1.0000   0.1600       22.5704    0.2602     11.00     18.00     29.00    273.00      0.00       1.7814    0.0665      1.00      1.00      2.00    149.00      0.00      17.0104    0.1695      9.00     14.00     23.00    113.00      0.00
  1.0000   0.1400       26.7402    0.3519     12.00     21.00     34.00    436.00      0.00       2.6322    0.1190      1.00      1.00      2.00    265.00      0.00      16.2362    0.1641      8.00     14.00     22.00     81.00      0.00
  1.0000   0.1200       33.0588    0.4428     14.00     25.00     41.00    438.00      0.00       4.3348    0.1707      1.00      2.00      3.00    277.00      0.00      15.1490    0.1623      7.00     12.00     20.00     96.00      0.00
  1.0000   0.1000       44.3762    0.7283     16.00     29.00     53.00    822.00      0.00       9.3630    0.3623      1.00      2.00      7.00    512.00      0.00      13.5334    0.1503      6.00     11.00     18.00    101.00      0.00
  1.0000   0.0800       65.0062    1.0931     19.00     39.00     79.00    830.00      0.00      20.4320    0.6314      2.00      5.00     18.00    598.00      0.00      11.9332    0.1496      4.00     10.00     17.00     86.00      0.00
  1.0000   0.0600       94.6968    1.5823     26.00     56.00    122.00   1218.00      0.00      40.9790    1.0327      3.00     14.00     42.00    771.00      0.00       9.4066    0.1382      1.00      7.00     14.00     70.00      0.00
  1.0000   0.0400      128.4852    2.0449     35.00     79.00    166.00   1489.00      0.00      69.2108    1.4575     10.00     33.00     83.00   1205.00      0.00       6.2432    0.1209      0.00      3.00     10.00     73.00      0.00
  1.0000   0.0200      168.3010    2.4832     46.00    111.00    231.00   1590.00      0.00     120.7182    2.0161     25.00     72.00    163.00   1590.00      0.00       2.7294    0.0874      0.00      0.00      2.00     81.00      0.00
  0.8000   0.2000       28.5002    0.3204     13.00     22.00     37.00    303.00      0.00       1.1814    0.0141      1.00      1.00      1.00     41.00      0.00      31.7862    0.3351     14.00     26.00     43.00    208.00      0.00
  0.8000   0.1800       32.5182    0.3870     14.00     25.00     42.00    292.00      0.00       1.3766    0.0325      1.00      1.00      1.00     86.00      0.00      30.0200    0.3276     14.00     24.00     40.00    193.00      0.00
  0.8000   0.1600       36.6504    0.4465     16.00     28.00     48.00    474.00      0.00       1.7820    0.1025      1.00      1.00      2.00    431.00      0.00      27.8264    0.3182     12.00     22.00     37.00    254.00      0.00
  0.8000   0.1400       43.7288    0.5717     18.00     33.00     57.00    521.00      0.00       2.6648    0.1141      1.00      1.00      2.00    205.00      0.00      25.9800    0.3023     11.00     20.00     35.00    209.00      0.00
  0.8000   0.1200       51.7878    0.7195     20.00     37.00     68.00    652.00      0.00       4.8208    0.2213      1.00      2.00      3.00    542.00      0.00      23.2988    0.2846      9.00     18.00     31.00    155.00      0.00
  0.8000   0.1000       64.6568    0.9283     22.00     45.00     84.00    752.00      0.00       9.8916    0.3885      1.00      2.00      7.00    432.00      0.00      20.6824    0.2684      7.00     16.00     28.00    193.00      0.00
  0.8000   0.0800       89.0164    1.3978     26.00     57.00    114.00   1040.00      0.00      21.7026    0.7190      2.00      5.00     18.00    683.00      0.00      17.1388    0.2497      4.00     12.00     24.00    175.00      0.00
  0.8000   0.0600      117.2198    1.8140     32.00     74.00    156.00   1574.00      0.00      40.7048    1.0051      3.00     14.00     43.00    710.00      0.00      12.9454    0.2199      1.00      8.00     19.00    134.00      0.00
  0.8000   0.0400      151.2116    2.2504     42.00     99.00    204.00   1423.00      0.00      72.6202    1.4955      9.00     34.00     87.00   1102.00      0.00       7.7534    0.1659      0.00      2.00     11.00     97.00      0.00
  0.8000   0.0200      182.8826    2.6501     51.00    126.00    250.00   1721.00      0.00     120.9810    2.0752     25.00     71.00    162.00   1721.00      0.00       3.1090    0.1042      0.00      0.00      2.00     79.00      0.00
  0.6000   0.2000       53.3636    0.7004     20.00     40.00     69.00    490.00      0.00       1.2112    0.0227      1.00      1.00      1.00     64.00      0.00      57.7476    0.7167     22.00     44.00     78.00    480.00      0.00
  0.6000   0.1800       60.2880    0.8040     22.00     44.00     81.00    768.00      0.00       1.3542    0.0251      1.00      1.00      1.00     57.00      0.00      54.5044    0.7110     20.00     40.00     75.00    506.00      0.00
  0.6000   0.1600       67.7038    0.9320     23.00     47.00     92.00    730.00      0.00       1.7560    0.0571      1.00      1.00      2.00    138.00      0.00      49.9288    0.6724     17.00     35.00     68.00    431.00      0.00
  0.6000   0.1400       78.9982    1.1083     26.00     56.00    106.00   1066.00      0.00       2.6824    0.1318      1.00      1.00      2.00    266.00      0.00      46.3292    0.6305     16.00     33.00     62.00    471.00      0.00
  0.6000   0.1200       90.5754    1.2375     30.00     64.00    123.00    919.00      0.00       4.4566    0.2089      1.00      2.00      3.00    601.00      0.00      40.1166    0.5443     13.00     29.00     55.00    437.00      0.00
  0.6000   0.1000      106.0596    1.4962     32.00     73.00    143.00    850.00      0.00       9.3522    0.3357      1.00      2.00      7.00    477.00      0.00      33.3724    0.4852      9.00     23.00     47.00    279.00      0.00
  0.6000   0.0800      127.6044    1.8542     37.00     86.00    173.00   1662.00      0.00      21.5036    0.6943      2.00      5.00     19.00   1128.00      0.00      25.3930    0.4145      5.00     16.00     36.00    228.00      0.00
  0.6000   0.0600      151.3648    2.1760     45.00    104.00    206.00   1309.00      0.00      40.2132    0.9798      3.00     14.00     45.00    803.00      0.00      17.4586    0.3431      1.00      9.00     24.00    243.00      0.00
  0.6000   0.0400      166.0414    2.4241     48.00    112.00    226.00   1570.00      0.00      66.5318    1.3650      9.00     29.00     83.00    990.00      0.00       9.2392    0.2334      0.00      2.00     11.00    199.00      0.00
  0.6000   0.0200      192.0492    2.7607     53.00    133.00    268.00   1938.00      0.00     122.5696    2.0402     26.00     72.00    162.00   1544.00      0.00       3.2206    0.1259      0.00      0.00      2.00    128.00      0.00
  0.4000   0.2000      106.7080    1.4974     32.00     75.00    147.00    979.00      0.00       1.2132    0.0246      1.00      1.00      1.00     94.00      0.00     113.5382    1.6052     33.00     80.00    155.00    842.00      0.00
  0.4000   0.1800      113.5660    1.5887     35.00     78.00    156.00   1028.00      0.00       1.3676    0.0359      1.00      1.00      1.00     97.00      0.00     100.9376    1.4550     30.00     69.00    139.00    885.00      0.00
  0.4000   0.1600      124.4658    1.7259     38.00     86.00    172.00    851.00      0.00       1.7380    0.0668      1.00      1.00      2.00    215.00      0.00      89.5024    1.2719     26.00     61.00    123.00    773.00      0.00
  0.4000   0.1400      134.5472    1.9234     40.00     94.00    185.00   1395.00      0.00       2.2954    0.0690      1.00      1.00      2.00    111.00      0.00      75.9622    1.1055     22.00     51.00    104.00    780.00      0.00
  0.4000   0.1200      146.0350    2.1236     42.00    100.00    196.00   1407.00      0.00       4.5538    0.1868      1.00      2.00      2.00    266.00      0.00      61.5538    0.9085     16.00     41.00     86.00    535.00      0.00
  0.4000   0.1000      158.4670    2.2675     46.00    108.00    222.00   1369.00      0.00      10.2324    0.3862      1.00      2.00      7.00    495.00      0.00      48.1210    0.7826     11.00     30.00     67.00    500.00      0.00
  0.4000   0.0800      168.8674    2.4218     46.00    117.00    233.00   1600.00      0.00      22.0648    0.6804      2.00      5.00     20.00    579.00      0.00      32.9684    0.5947      5.00     18.00     45.00    375.00      0.00
  0.4000   0.0600      181.9434    2.6755     51.00    122.00    253.00   1712.00      0.00      42.2912    1.0771      3.00     14.00     44.00    926.00      0.00      20.5374    0.4698      1.00      8.00     25.00    364.00      0.00
  0.4000   0.0400      189.3726    2.7125     55.00    129.00    261.00   2000.00      0.00      70.7540    1.4574     10.00     33.00     85.00    938.00      0.00      10.0426    0.3048      0.00      2.00     10.00    272.00      0.00
  0.4000   0.0200      200.4238    2.9197     56.00    138.00    272.00   1994.00      0.00     120.4284    2.0123     28.00     72.00    156.00   1330.00      0.00       2.9356    0.1189      0.00      0.00      2.00    133.00      0.00
  0.2000   0.2000      170.1864    2.3938     49.00    117.00    234.00   1489.00      0.00       1.1694    0.0147      1.00      1.00      1.00     40.00      0.00     179.7376    2.6340     49.00    121.00    246.00   1575.00      0.00
  0.2000   0.1800      173.7238    2.5452     49.00    120.00    238.00   1814.00      0.00       1.3484    0.0234      1.00      1.00      1.00     58.00      0.00     152.4520    2.3789     40.00     98.00    205.00   1497.00      0.00
  0.2000   0.1600      180.9184    2.6291     50.00    120.00    250.00   1368.00      0.00       1.7498    0.0709      1.00      1.00      2.00    253.00      0.00     126.7720    1.9213     32.00     80.00    176.00   1113.00      0.00
  0.2000   0.1400      179.5876    2.5933     51.00    121.00    249.00   1674.00      0.00       2.5500    0.1096      1.00      1.00      2.00    242.00      0.00      99.3066    1.5334     25.00     64.00    136.00   1018.00      0.00
  0.2000   0.1200      189.3444    2.6970     54.00    133.00    266.00   1636.00      0.00       4.4824    0.1818      1.00      2.00      3.00    260.00      0.00      78.2252    1.2060     18.00     51.00    108.00    783.00      0.00
  0.2000   0.1000      189.5980    2.7140     54.00    129.00    263.00   1786.00      0.00      10.0744    0.4053      1.00      2.00      6.00    558.00      0.00      55.1444    0.9150     12.00     33.00     74.00    684.00      0.00
  0.2000   0.0800      191.0386    2.7745     54.00    129.00    264.00   1716.00      0.00      21.4374    0.6529      2.00      5.00     20.00    563.00      0.00      36.9302    0.7374      4.00     19.00     48.00    590.00      0.00
  0.2000   0.0600      190.0232    2.8183     51.00    127.00    260.00   1694.00      0.00      38.9686    0.9646      3.00     13.00     43.00    788.00      0.00      20.3802    0.4824      1.00      8.00     24.00    441.00      0.00
  0.2000   0.0400      194.9082    2.8366     52.00    131.00    271.00   1831.00      0.00      68.9376    1.3945      9.00     32.00     84.00    992.00      0.00      10.0450    0.3201      0.00      2.00      9.00    284.00      0.00
  0.2000   0.0200      199.5248    2.8253     54.00    136.00    282.00   1494.00      0.00     122.0340    2.0556     25.00     71.00    165.00   1494.00      0.00       2.5126    0.1045      0.00      0.00      2.00    111.00      0.00
