Amp Radius  OC_Mean OC_Std OC_Q1 OC_Med OC_Q3 OC_Max OC_Min  Exp_Mean Exp_Std Exp_Q1 Exp_Med Exp_Q3 Exp_Max Exp_Min  Num_Mean Num_Std Num_Q1 Num_Med Num_Q3 Num_Max Num_Min
  2.0000   0.2000        3.9050    0.0284      3.00      4.00      5.00     25.00      0.00       1.4482    0.0123      1.00      1.00      2.00     10.00      0.00       9.2142    0.0606      6.00     10.00     12.00     25.00      0.00
  2.0000   0.1800        4.2868    0.0332      3.00      4.00      5.00     34.00      0.00       1.6140    0.0170      1.00      1.00      2.00     28.00      0.00       9.0522    0.0590      6.00     10.00     12.00     21.00      0.00
  2.0000   0.1600        4.7568    0.0388      3.00      4.00      6.00     37.00      0.00       1.8878    0.0230      1.00      1.00      2.00     33.00      0.00       8.7942    0.0573      6.00      9.00     12.00     22.00      0.00
  2.0000   0.1400        5.4392    0.0518      3.00      5.00      7.00     98.00      0.00       2.2932    0.0351      1.00      2.00      3.00     94.00      0.00       8.4206    0.0570      5.00      9.00     11.00     21.00      0.00
  2.0000   0.1200        6.6320    0.0759      4.00      5.00      8.00    107.00      0.00       3.1234    0.0574      1.00      2.00      4.00    103.00      0.00       8.0750    0.0558      5.00      9.00     11.00     24.00      0.00
  2.0000   0.1000        8.6118    0.1152      4.00      7.00     10.00    127.00      0.00       4.6878    0.0984      1.00      3.00      5.00    126.00      0.00       7.9488    0.0553      5.00      9.00     11.00     19.00      0.00
  2.0000   0.0800       13.4530    0.2042      5.00      9.00     16.00    170.00      0.00       8.9648    0.1757      2.00      4.00     10.00    145.00      0.00       7.5172    0.0560      4.00      8.00     11.00     18.00      0.00
  2.0000   0.0600       24.8332    0.3878      7.00     15.00     34.00    386.00      0.00      19.8526    0.3554      3.00     10.00     28.00    384.00      0.00       6.7722    0.0598      3.00      7.00     10.00     18.00      0.00
  2.0000   0.0400       51.6578    0.7719     13.00     34.00     72.00    638.00      0.00      45.5178    0.7234      9.00     29.00     64.00    636.00      0.00       5.5062    0.0616      1.00      6.00      9.00     19.00      0.00
  2.0000   0.0200      118.0748    1.7118     32.00     80.00    167.00   1021.00      0.00     111.5644    1.6406     29.00     75.00    158.00   1021.00      0.00       2.7056    0.0528      0.00      0.00      6.00     17.00      0.00
  1.8000   0.2000        4.3016    0.0313      3.00      4.00      5.00     22.00      0.00       1.4256    0.0120      1.00      1.00      2.00     11.00      0.00      10.1342    0.0623      7.00     11.00     13.00     25.00      0.00
  1.8000   0.1800        4.7522    0.0373      3.00      4.00      6.00     37.00      0.00       1.5760    0.0146      1.00      1.00      2.00     22.00      0.00       9.8584    0.0616      7.00     10.00     13.00     33.00      0.00
  1.8000   0.1600        5.3138    0.0445      3.00      5.00      7.00     42.00      0.00       1.8690    0.0223      1.00      1.00      2.00     34.00      0.00       9.4836    0.0597      7.00     10.00     12.00     28.00      0.00
  1.8000   0.1400        6.0316    0.0563      4.00      5.00      8.00     65.00      0.00       2.2654    0.0338      1.00      2.00      3.00     64.00      0.00       9.1696    0.0586      6.00     10.00     12.00     25.00      0.00
  1.8000   0.1200        7.2804    0.0804      4.00      6.00      9.00    113.00      0.00       3.0336    0.0591      1.00      2.00      3.00    106.00      0.00       8.8938    0.0575      6.00     10.00     12.00     23.00      0.00
  1.8000   0.1000        9.4404    0.1149      5.00      7.00     11.00    115.00      0.00       4.5816    0.0894      1.00      3.00      5.00     95.00      0.00       8.6706    0.0571      6.00      9.00     12.00     22.00      0.00
  1.8000   0.0800       14.2432    0.2043      6.00     10.00     17.00    270.00      0.00       8.6956    0.1716      2.00      4.00     10.00    176.00      0.00       8.1308    0.0586      5.00      9.00     11.00     20.00      0.00
  1.8000   0.0600       26.5294    0.3992      8.00     17.00     35.00    271.00      0.00      19.7442    0.3519      3.00     10.00     27.00    271.00      0.00       7.5232    0.0622      4.00      8.00     11.00     18.00      0.00
  1.8000   0.0400       54.8976    0.8220     15.00     36.00     75.00    735.00      0.00      46.1368    0.7377      9.00     29.00     64.00    539.00      0.00       6.1920    0.0666      1.00      7.00     10.00     21.00      0.00
  1.8000   0.0200      119.4740    1.7403     32.00     81.00    169.00   1101.00      0.00     110.4066    1.6437     28.00     75.00    157.00   1101.00      0.00       3.0146    0.0580      0.00      0.00      7.00     20.00      0.00
  1.6000   0.2000        4.8868    0.0358      3.00      4.00      6.00     25.00      0.00       1.4320    0.0120      1.00      1.00      2.00     10.00      0.00      11.2336    0.0667      8.00     12.00     14.00     35.00      0.00
  1.6000   0.1800        5.4376    0.0440      3.00      5.00      7.00     51.00      0.00       1.5854    0.0156      1.00      1.00      2.00     15.00      0.00      10.9290    0.0666      8.00     11.00     14.00     40.00      0.00
  1.6000   0.1600        5.9952    0.0493      4.00      5.00      8.00     39.00      0.00       1.8464    0.0195      1.00      1.00      2.00     25.00      0.00      10.4560    0.0634      7.00     11.00     13.00     30.00      0.00
  1.6000   0.1400        6.8718    0.0601      4.00      6.00      9.00     41.00      0.00       2.1896    0.0262      1.00      2.00      3.00     24.00      0.00      10.2804    0.0604      7.00     11.00     13.00     26.00      0.00
  1.6000   0.1200        8.3300    0.0888      4.00      7.00     10.00    106.00      0.00       3.1038    0.0582      1.00      2.00      4.00    106.00      0.00       9.8038    0.0606      7.00     11.00     13.00     28.00      0.00
  1.6000   0.1000       10.6782    0.1267      5.00      8.00     13.00    127.00      0.00       4.4974    0.0874      1.00      3.00      5.00    123.00      0.00       9.4886    0.0589      7.00     10.00     12.00     25.00      0.00
  1.6000   0.0800       16.4940    0.2358      7.00     11.00     20.00    198.00      0.00       9.0518    0.1805      2.00      4.00     11.00    170.00      0.00       9.0450    0.0616      6.00     10.00     12.00     26.00      0.00
  1.6000   0.0600       28.7850    0.4173      9.00     18.00     38.00    247.00      0.00      19.7100    0.3502      3.00     10.00     27.00    227.00      0.00       8.4054    0.0669      5.00      9.00     12.00     23.00      0.00
  1.6000   0.0400       59.7618    0.8600     16.00     41.00     83.00    587.00      0.00      47.2030    0.7352     10.00     31.00     66.00    480.00      0.00       6.7020    0.0724      1.00      7.00     11.00     24.00      0.00
  1.6000   0.0200      123.4488    1.7650     34.00     84.00    171.00   1021.00      0.00     111.2790    1.6197     29.00     76.00    155.00   1021.00      0.00       3.2644    0.0638      0.00      0.00      7.00     23.00      0.00
  1.4000   0.2000        5.7136    0.0441      4.00      5.00      7.00     41.00      0.00       1.4432    0.0121      1.00      1.00      2.00     11.00      0.00      12.6468    0.0752      9.00     13.00     16.00     39.00      0.00
  1.4000   0.1800        6.4076    0.0522      4.00      6.00      8.00     65.00      0.00       1.5918    0.0153      1.00      1.00      2.00     28.00      0.00      12.4508    0.0744      9.00     12.00     16.00     41.00      0.00
  1.4000   0.1600        7.1370    0.0623      4.00      6.00      9.00     45.00      0.00       1.8440    0.0214      1.00      1.00      2.00     43.00      0.00      11.8360    0.0726      9.00     12.00     15.00     46.00      0.00
  1.4000   0.1400        8.2290    0.0776      5.00      7.00     10.00     61.00      0.00       2.2938    0.0336      1.00      2.00      3.00     56.00      0.00      11.5064    0.0680      9.00     12.00     14.00     38.00      0.00
  1.4000   0.1200        9.9346    0.1055      5.00      8.00     13.00     97.00      0.00       3.0034    0.0532      1.00      2.00      4.00     73.00      0.00      11.0752    0.0672      8.00     12.00     14.00     34.00      0.00
  1.4000   0.1000       12.7084    0.1541      6.00     10.00     16.00    137.00      0.00       4.6560    0.0984      1.00      3.00      5.00    135.00      0.00      10.6670    0.0675      8.00     11.00     14.00     31.00      0.00
  1.4000   0.0800       18.0088    0.2380      7.00     13.00     23.00    187.00      0.00       8.5696    0.1751      2.00      4.00     10.00    178.00      0.00      10.0470    0.0693      7.00     11.00     13.00     30.00      0.00
  1.4000   0.0600       31.6636    0.4764     10.00     21.00     41.00    462.00      0.00      19.6220    0.3516      3.00     10.00     26.00    254.00      0.00       9.1166    0.0764      5.00     10.00     13.00     32.00      0.00
  1.4000   0.0400       64.1540    0.8952     18.00     43.00     89.00    442.00      0.00      47.1390    0.7360     10.00     30.00     67.00    411.00      0.00       7.5064    0.0825      1.00      8.00     12.00     28.00      0.00
  1.4000   0.0200      130.4064    1.8564     36.00     89.00    180.00   1144.00      0.00     112.6850    1.6414     30.00     76.00    158.00    948.00      0.00       3.5360    0.0727      0.00      0.00      8.00     31.00      0.00
  1.2000   0.2000        6.9748    0.0568      4.00      6.00      9.00     39.00      0.00       1.4118    0.0115      1.00      1.00      2.00     10.00      0.00      14.8482    0.0928     11.00     14.00     18.00     51.00      0.00
  1.2000   0.1800        7.8366    0.0657      5.00      7.00     10.00     43.00      0.00       1.5984    0.0163      1.00      1.00      2.00     29.00      0.00      14.4858    0.0892     11.00     14.00     18.00     43.00      0.00
  1.2000   0.1600        8.6920    0.0759      5.00      8.00     11.00     68.00      0.00       1.8624    0.0223      1.00      1.00      2.00     30.00      0.00      13.8618    0.0879     10.00     14.00     17.00     45.00      0.00
  1.2000   0.1400        9.8842    0.0944      5.00      8.00     13.00     91.00      0.00       2.2290    0.0310      1.00      2.00      3.00     51.00      0.00      13.1890    0.0856     10.00     13.00     17.00     44.00      0.00
  1.2000   0.1200       11.9926    0.1263      6.00     10.00     15.00    111.00      0.00       2.9718    0.0497      1.00      2.00      4.00     81.00      0.00      12.8010    0.0829     10.00     13.00     16.00     42.00      0.00
  1.2000   0.1000       15.1308    0.1786      7.00     12.00     19.00    224.00      0.00       4.5516    0.0967      1.00      3.00      5.00    214.00      0.00      12.2100    0.0832      9.00     12.00     16.00     38.00      0.00
  1.2000   0.0800       22.2632    0.2955      9.00     16.00     28.00    267.00      0.00       8.9110    0.1847      2.00      4.00     10.00    179.00      0.00      11.7326    0.0827      8.00     12.00     15.00     40.00      0.00
  1.2000   0.0600       37.4326    0.5119     13.00     26.00     49.00    368.00      0.00      19.9566    0.3485      4.00     11.00     27.00    233.00      0.00      10.6880    0.0909      6.00     11.00     15.00     38.00      0.00
  1.2000   0.0400       69.7056    0.9938     21.00     47.00     95.00    691.00      0.00      46.3542    0.7402      9.00     29.00     65.00    422.00      0.00       8.4014    0.0973      1.00      9.00     13.00     39.00      0.00
  1.2000   0.0200      131.3288    1.8380     39.00     91.00    182.00   1303.00      0.00     109.1136    1.5838     30.00     74.00    151.00    907.00      0.00       4.3084    0.0905      0.00      0.00      9.00     51.00      0.00
  1.0000   0.2000        9.1542    0.0798      5.00      8.00     12.00     71.00      0.00       1.4178    0.0114      1.00      1.00      2.00      7.00      0.00      18.5678    0.1248     13.00     18.00     23.00     67.00      0.00
  1.0000   0.1800       10.0200    0.0913      6.00      9.00     13.00     96.00      0.00       1.5958    0.0149      1.00      1.00      2.00     13.00      0.00      17.8420    0.1214     12.00     17.00     23.00     63.00      0.00
  1.0000   0.1600       11.3586    0.1069      6.00     10.00     15.00     62.00      0.00       1.8522    0.0220      1.00      1.00      2.00     36.00      0.00      17.1386    0.1177     12.00     16.00     22.00     63.00      0.00
  1.0000   0.1400       13.3834    0.1355      7.00     11.00     17.00    125.00      0.00       2.2766    0.0328      1.00      2.00      3.00     43.00      0.00      16.7096    0.1153     12.00     16.00     21.00     66.00      0.00
  1.0000   0.1200       15.5766    0.1635      8.00     13.00     20.00    130.00      0.00       3.0308    0.0519      1.00      2.00      4.00     75.00      0.00      15.7018    0.1118     11.00     15.00     20.00     67.00      0.00
  1.0000   0.1000       19.7782    0.2287      9.00     16.00     26.00    211.00      0.00       4.6912    0.0974      1.00      3.00      5.00    152.00      0.00      14.9568    0.1110     10.00     15.00     19.00     59.00      0.00
  1.0000   0.0800       28.0642    0.3499     12.00     21.00     37.00    298.00      0.00       8.7162    0.1701      2.00      4.00     10.00    117.00      0.00      14.2122    0.1128     10.00     14.00     19.00     54.00      0.00
  1.0000   0.0600       44.9488    0.6091     16.00     31.00     60.00    411.00      0.00      19.9662    0.3549      3.00     11.00     28.00    348.00      0.00      12.7928    0.1206      7.00     13.00     18.00     57.00      0.00
  1.0000   0.0400       77.2896    1.0475     23.00     54.00    109.00    618.00      0.00      46.0794    0.7244      9.00     29.00     66.00    515.00      0.00       9.7156    0.1265      1.00     10.00     16.00     62.00      0.00
  1.0000   0.0200      145.0186    2.0608     43.00    100.00    197.00   1593.00      0.00     111.8058    1.6591     29.00     76.00    154.00    993.00      0.00       4.7010    0.1076      0.00      0.00      9.00     54.00      0.00
  0.8000   0.2000       12.9278    0.1245      7.00     11.00     17.00     90.00      0.00       1.4270    0.0119      1.00      1.00      2.00     10.00      0.00      25.1982    0.2014     16.00     23.00     32.00    121.00      0.00
  0.8000   0.1800       14.3890    0.1383      8.00     12.00     19.00    106.00      0.00       1.5924    0.0158      1.00      1.00      2.00     17.00      0.00      24.0296    0.1899     15.00     22.00     31.00    126.00      0.00
  0.8000   0.1600       16.2886    0.1637      8.00     14.00     21.00    127.00      0.00       1.8200    0.0219      1.00      1.00      2.00     47.00      0.00      23.2974    0.1859     14.00     21.00     30.00     94.00      0.00
  0.8000   0.1400       19.0358    0.1997      9.00     16.00     25.00    144.00      0.00       2.3354    0.0394      1.00      2.00      3.00     86.00      0.00      22.0914    0.1771     14.00     20.00     29.00    111.00      0.00
  0.8000   0.1200       23.0916    0.2523     11.00     19.00     30.00    172.00      0.00       2.9378    0.0493      1.00      2.00      4.00     76.00      0.00      21.3544    0.1773     13.00     19.00     28.00    135.00      0.00
  0.8000   0.1000       28.4700    0.3347     13.00     22.00     37.00    225.00      0.00       4.6084    0.0927      1.00      3.00      5.00    117.00      0.00      20.0384    0.1707     12.00     18.00     27.00     96.00      0.00
  0.8000   0.0800       38.0596    0.4654     16.00     29.00     50.00    299.00      0.00       8.2550    0.1637      2.00      4.00      9.00    146.00      0.00      19.2686    0.1775     11.00     18.00     26.00     88.00      0.00
  0.8000   0.0600       60.0230    0.8024     20.00     43.00     83.00    465.00      0.00      19.3536    0.3393      3.00     10.00     27.00    251.00      0.00      16.6082    0.1785      7.00     15.00     24.00    111.00      0.00
  0.8000   0.0400       96.9962    1.3114     31.00     68.00    133.00    812.00      0.00      45.0596    0.7119      9.00     29.00     63.00    421.00      0.00      12.1888    0.1762      1.00     10.00     20.00     88.00      0.00
  0.8000   0.0200      158.2076    2.2813     45.00    106.00    217.00   1530.00      0.00     113.0346    1.6806     30.00     75.00    157.00   1176.00      0.00       5.1148    0.1368      0.00      0.00      5.00     82.00      0.00
  0.6000   0.2000       21.5420    0.2202     11.00     18.00     28.00    138.00      0.00       1.4500    0.0125      1.00      1.00      2.00     16.00      0.00      39.2620    0.3639     21.00     34.00     53.00    241.00      0.00
  0.6000   0.1800       24.1982    0.2564     11.00     20.00     32.00    168.00      0.00       1.5852    0.0146      1.00      1.00      2.00     12.00      0.00      38.1104    0.3646     20.00     33.00     50.00    204.00      0.00
  0.6000   0.1600       27.4506    0.3002     13.00     22.00     36.00    192.00      0.00       1.8400    0.0199      1.00      1.00      2.00     23.00      0.00      36.2872    0.3485     19.00     31.00     48.00    177.00      0.00
  0.6000   0.1400       31.6630    0.3444     14.00     25.00     42.00    204.00      0.00       2.2044    0.0334      1.00      2.00      3.00     63.00      0.00      34.4302    0.3299     18.00     30.00     46.00    172.00      0.00
  0.6000   0.1200       38.7958    0.4488     17.00     31.00     52.00    261.00      0.00       2.9968    0.0518      1.00      2.00      4.00     63.00      0.00      32.0256    0.3220     16.00     28.00     43.00    185.00      0.00
  0.6000   0.1000       47.1800    0.5785     19.00     37.00     63.00    476.00      0.00       4.6408    0.1040      1.00      3.00      5.00    247.00      0.00      30.0776    0.3131     15.00     26.00     41.00    225.00      0.00
  0.6000   0.0800       63.8504    0.8251     24.00     46.00     85.00    596.00      0.00       8.9590    0.1817      2.00      4.00     10.00    157.00      0.00      28.2396    0.3230     12.00     24.00     39.00    217.00      0.00
  0.6000   0.0600       88.4698    1.1813     30.00     64.00    120.00    697.00      0.00      20.1718    0.3559      4.00     10.00     27.00    252.00      0.00      22.2780    0.3034      4.00     18.00     33.00    150.00      0.00
  0.6000   0.0400      124.2440    1.7088     39.00     87.00    170.00    921.00      0.00      47.4642    0.7442     10.00     30.00     67.00    513.00      0.00      15.2100    0.2735      1.00      7.00     24.00    153.00      0.00
  0.6000   0.0200      172.9662    2.4961     49.00    119.00    240.00   1407.00      0.00     110.8976    1.6374     29.00     75.00    153.00    906.00      0.00       5.2900    0.1754      0.00      0.00      3.00    134.00      0.00
  0.4000   0.2000       48.9288    0.5988     19.00     38.00     66.00    490.00      0.00       1.4254    0.0122      1.00      1.00      2.00     13.00      0.00      77.5138    0.9179     32.00     61.00    106.00    614.00      0.00
  0.4000   0.1800       56.9180    0.7151     22.00     44.00     75.00    458.00      0.00       1.5868    0.0149      1.00      1.00      2.00     13.00      0.00      75.4866    0.8888     30.00     59.00    103.00    516.00      0.00
  0.4000   0.1600       62.8128    0.7863     24.00     47.00     86.00    596.00      0.00       1.8672    0.0211      1.00      1.00      2.00     30.00      0.00      69.9206    0.8340     27.00     55.00     96.00    467.00      0.00
  0.4000   0.1400       73.4458    0.9398     25.00     54.00    100.00    589.00      0.00       2.2570    0.0294      1.00      2.00      3.00     41.00      0.00      65.7328    0.8227     24.00     50.00     91.00    469.00      0.00
  0.4000   0.1200       84.5056    1.0888     29.00     62.00    116.00    663.00      0.00       3.0466    0.0516      1.00      2.00      4.00     75.00      0.00      57.4224    0.7329     20.00     43.00     81.00    468.00      0.00
  0.4000   0.1000       99.8906    1.3374     33.00     73.00    135.00    825.00      0.00       4.5802    0.0832      1.00      3.00      5.00     64.00      0.00      50.4838    0.6901     16.00     37.00     70.00    573.00      0.00
  0.4000   0.0800      119.6536    1.5996     38.00     87.00    167.00   1041.00      0.00       8.8434    0.1769      2.00      4.00     11.00    181.00      0.00      40.5826    0.5798     11.00     28.00     58.00    343.00      0.00
  0.4000   0.0600      146.5266    2.0123     45.00    103.00    203.00   1194.00      0.00      20.1828    0.3565      3.00     11.00     28.00    214.00      0.00      29.1784    0.4740      4.00     18.00     43.00    244.00      0.00
  0.4000   0.0400      170.2344    2.3998     50.00    120.00    234.00   1544.00      0.00      45.8142    0.7395      9.00     28.00     64.00    582.00      0.00      16.5052    0.3650      1.00      6.00     22.00    270.00      0.00
  0.4000   0.0200      192.1330    2.7297     53.00    132.00    268.00   2000.00      0.00     111.1848    1.6140     31.00     76.00    153.00    976.00      0.00       4.1988    0.1591      0.00      0.00      3.00    129.00      0.00
  0.2000   0.2000      142.3884    1.9813     42.00    100.00    196.00   1057.00      0.00       1.4158    0.0117      1.00      1.00      2.00     10.00      0.00     170.2054    2.4550     47.00    116.00    233.00   1375.00      0.00
  0.2000   0.1800      152.1166    2.1208     46.00    107.00    206.00   1324.00      0.00       1.6110    0.0150      1.00      1.00      2.00     13.00      0.00     152.2624    2.1854     44.00    105.00    212.00   1512.00      0.00
  0.2000   0.1600      156.8418    2.2619     45.00    107.00    216.00   1790.00      0.00       1.8498    0.0209      1.00      1.00      2.00     21.00      0.00     125.9868    1.8594     34.00     85.00    174.00   1158.00      0.00
  0.2000   0.1400      165.5322    2.3378     48.00    116.00    222.00   1416.00      0.00       2.2818    0.0331      1.00      2.00      3.00     56.00      0.00     105.4582    1.5497     29.00     74.00    143.00   1052.00      0.00
  0.2000   0.1200      170.6140    2.4545     50.00    118.00    236.00   1703.00      0.00       3.1302    0.0588      1.00      2.00      4.00     84.00      0.00      81.4274    1.2384     21.00     55.00    112.00    975.00      0.00
  0.2000   0.1000      180.6128    2.6308     53.00    123.00    246.00   2000.00      0.00       4.5322    0.0898      1.00      3.00      5.00     95.00      0.00      61.8178    0.9578     15.00     40.00     85.00    797.00      0.00
  0.2000   0.0800      186.8830    2.6413     53.00    130.00    261.00   2000.00      0.00       8.8648    0.1821      2.00      4.00     10.00    175.00      0.00      41.7338    0.6526      9.00     26.00     59.00    442.00      0.00
  0.2000   0.0600      193.3950    2.7314     56.00    133.00    272.00   1699.00      0.00      20.3426    0.3681      3.00     10.00     28.00    230.00      0.00      25.6636    0.4527      4.00     14.00     35.00    315.00      0.00
  0.2000   0.0400      196.0360    2.7682     55.00    136.00    272.00   1606.00      0.00      45.3956    0.7129      9.00     28.00     63.00    400.00      0.00      11.6336    0.2507      1.00      5.00     15.00    183.00      0.00
  0.2000   0.0200      199.8686    2.8276     57.00    138.00    280.00   2000.00      0.00     110.5124    1.6134     30.00     75.00    151.00   1064.00      0.00       3.1278    0.1057      0.00      0.00      3.00    113.00      0.00
