Amp Radius  OC_Mean OC_Std OC_Q1 OC_Med OC_Q3 OC_Max OC_Min  Exp_Mean Exp_Std Exp_Q1 Exp_Med Exp_Q3 Exp_Max Exp_Min  Num_Mean Num_Std Num_Q1 Num_Med Num_Q3 Num_Max Num_Min
  2.0000   0.2000        4.3152    0.0426      2.00      3.00      5.00     33.00      0.00       2.2350    0.0281      1.00      1.00      3.00     19.00      0.00       9.4046    0.0504      7.00     10.00     12.00     25.00      0.00
  2.0000   0.1800        4.8610    0.0490      2.00      4.00      6.00     35.00      0.00       2.5708    0.0335      1.00      2.00      3.00     23.00      0.00       9.2686    0.0497      7.00     10.00     11.00     23.00      0.00
  2.0000   0.1600        5.4126    0.0552      3.00      4.00      7.00     39.00      0.00       3.0166    0.0390      1.00      2.00      4.00     35.00      0.00       9.0292    0.0496      7.00     10.00     11.00     23.00      0.00
  2.0000   0.1400        6.4902    0.0719      3.00      5.00      8.00     62.00      0.00       3.7048    0.0495      1.00      2.00      5.00     45.00      0.00       8.8622    0.0495      7.00     10.00     11.00     21.00      0.00
  2.0000   0.1200        7.7772    0.0852      4.00      6.00     10.00     52.00      0.00       4.6296    0.0607      1.00      3.00      6.00     39.00      0.00       8.6962    0.0491      7.00     10.00     11.00     24.00      0.00
  2.0000   0.1000       10.1436    0.1214      4.00      8.00     13.00    103.00      0.00       6.2718    0.0853      2.00      5.00      9.00    101.00      0.00       8.5144    0.0494      6.00     10.00     11.00     21.00      0.00
  2.0000   0.0800       14.1028    0.1789      6.00     10.00     18.00    141.00      0.00       9.4080    0.1301      3.00      7.00     13.00     88.00      0.00       8.1160    0.0509      6.00      9.00     11.00     20.00      0.00
  2.0000   0.0600       23.8564    0.3245      8.00     17.00     32.00    192.00      0.00      17.7498    0.2616      5.00     13.00     24.00    182.00      0.00       7.5676    0.0539      6.00      8.00     10.00     20.00      0.00
  2.0000   0.0400       51.7874    0.7389     16.00     35.00     71.00    480.00      0.00      43.1736    0.6409     12.00     29.00     59.00    478.00      0.00       6.0258    0.0599      1.00      7.00     10.00     18.00      0.00
  2.0000   0.0200      120.3014    1.7546     34.00     82.00    164.00   1141.00      0.00     112.1998    1.6752     29.00     75.00    153.00   1125.00      0.00       3.0350    0.0544      0.00      0.00      6.00     19.00      0.00
  1.8000   0.2000        4.6656    0.0470      2.00      4.00      6.00     39.00      0.00       2.2672    0.0287      1.00      1.00      3.00     19.00      0.00       9.8828    0.0530      8.00     10.00     12.00     24.00      0.00
  1.8000   0.1800        5.3168    0.0550      3.00      4.00      7.00     42.00      0.00       2.5688    0.0331      1.00      2.00      3.00     20.00      0.00       9.8394    0.0517      8.00     10.00     12.00     27.00      0.00
  1.8000   0.1600        6.0350    0.0612      3.00      5.00      8.00     35.00      0.00       3.0292    0.0387      1.00      2.00      4.00     23.00      0.00       9.6858    0.0511      8.00     10.00     12.00     26.00      0.00
  1.8000   0.1400        6.9440    0.0759      3.00      5.00      9.00     76.00      0.00       3.5518    0.0468      1.00      2.00      5.00     35.00      0.00       9.3956    0.0514      7.00     10.00     11.00     25.00      0.00
  1.8000   0.1200        8.6646    0.1007      4.00      7.00     11.00     80.00      0.00       4.5804    0.0609      1.00      3.00      6.00     56.00      0.00       9.2004    0.0507      7.00     10.00     11.00     25.00      0.00
  1.8000   0.1000       11.1880    0.1343      5.00      9.00     15.00    130.00      0.00       6.3002    0.0875      2.00      4.00      9.00     79.00      0.00       8.9318    0.0534      7.00     10.00     11.00     24.00      0.00
  1.8000   0.0800       15.7146    0.2102      6.00     11.00     21.00    185.00      0.00       9.4940    0.1440      3.00      7.00     13.00    170.00      0.00       8.5304    0.0543      6.00     10.00     11.00     22.00      0.00
  1.8000   0.0600       26.1070    0.3610      9.00     18.00     34.00    321.00      0.00      17.6456    0.2596      5.00     12.00     24.00    234.00      0.00       7.9356    0.0571      6.00      9.00     11.00     21.00      0.00
  1.8000   0.0400       54.5646    0.7777     17.00     38.00     74.00    611.00      0.00      42.7220    0.6320     11.00     29.00     59.00    383.00      0.00       6.4764    0.0641      1.00      7.00     10.00     22.00      0.00
  1.8000   0.0200      123.2114    1.7681     36.00     86.00    168.00   1261.00      0.00     111.3630    1.6063     31.00     77.00    154.00   1037.00      0.00       3.1318    0.0591      0.00      0.00      7.00     24.00      0.00
  1.6000   0.2000        5.2678    0.0535      3.00      4.00      7.00     42.00      0.00       2.2846    0.0286      1.00      1.00      3.00     18.00      0.00      10.8530    0.0587      9.00     11.00     13.00     29.00      0.00
  1.6000   0.1800        5.8988    0.0620      3.00      5.00      8.00     56.00      0.00       2.5720    0.0336      1.00      2.00      3.00     23.00      0.00      10.6804    0.0583      8.00     11.00     13.00     28.00      0.00
  1.6000   0.1600        6.7504    0.0732      3.00      5.00      9.00     51.00      0.00       3.0416    0.0403      1.00      2.00      4.00     24.00      0.00      10.3884    0.0576      8.00     11.00     13.00     29.00      0.00
  1.6000   0.1400        7.9036    0.0896      4.00      6.00     10.00    102.00      0.00       3.5654    0.0466      1.00      2.00      5.00     39.00      0.00      10.2276    0.0557      8.00     10.00     12.00     33.00      0.00
  1.6000   0.1200        9.5536    0.1119      4.00      7.00     13.00     83.00      0.00       4.5098    0.0589      1.00      3.00      6.00     41.00      0.00      10.0584    0.0566      8.00     10.00     12.00     30.00      0.00
  1.6000   0.1000       12.8652    0.1618      5.00     10.00     17.00    184.00      0.00       6.1880    0.0866      2.00      5.00      9.00    120.00      0.00       9.7506    0.0577      8.00     10.00     12.00     27.00      0.00
  1.6000   0.0800       17.9092    0.2308      7.00     13.00     24.00    197.00      0.00       9.4688    0.1373      3.00      7.00     13.00    174.00      0.00       9.2494    0.0597      7.00     10.00     12.00     23.00      0.00
  1.6000   0.0600       29.2068    0.4020     10.00     20.00     39.00    329.00      0.00      17.7930    0.2677      5.00     12.00     24.00    188.00      0.00       8.5056    0.0653      6.00      9.00     11.00     28.00      0.00
  1.6000   0.0400       59.4882    0.8435     17.00     41.00     82.00    524.00      0.00      43.8852    0.6645     11.00     29.00     61.00    486.00      0.00       6.9214    0.0716      1.00      8.00     11.00     25.00      0.00
  1.6000   0.0200      127.1006    1.8023     38.00     88.00    176.00   1111.00      0.00     111.0256    1.5917     32.00     77.00    155.00   1111.00      0.00       3.3172    0.0656      0.00      0.00      7.00     27.00      0.00
  1.4000   0.2000        6.0722    0.0649      3.00      5.00      8.00     73.00      0.00       2.2688    0.0291      1.00      1.00      3.00     20.00      0.00      12.1874    0.0700     10.00     12.00     15.00     36.00      0.00
  1.4000   0.1800        6.8670    0.0747      3.00      5.00      9.00     69.00      0.00       2.5740    0.0332      1.00      2.00      3.00     29.00      0.00      11.9278    0.0677      9.00     12.00     14.00     33.00      0.00
  1.4000   0.1600        7.8218    0.0859      4.00      6.00     10.00     54.00      0.00       3.0420    0.0405      1.00      2.00      4.00     25.00      0.00      11.7510    0.0691      9.00     11.00     14.00     34.00      0.00
  1.4000   0.1400        9.3182    0.1097      4.00      7.00     12.00     76.00      0.00       3.6658    0.0492      1.00      3.00      5.00     70.00      0.00      11.3694    0.0677      9.00     11.00     14.00     36.00      0.00
  1.4000   0.1200       11.7132    0.1406      5.00      9.00     15.00     91.00      0.00       4.6668    0.0618      1.00      3.00      6.00     54.00      0.00      11.2328    0.0688      9.00     11.00     14.00     35.00      0.00
  1.4000   0.1000       15.0192    0.1866      6.00     11.00     20.00    114.00      0.00       6.2700    0.0861      2.00      4.00      9.00     95.00      0.00      10.8494    0.0687      8.00     11.00     13.00     34.00      0.00
  1.4000   0.0800       20.8794    0.2753      8.00     15.00     28.00    249.00      0.00       9.5784    0.1400      3.00      7.00     13.00    249.00      0.00      10.3068    0.0718      8.00     11.00     13.00     30.00      0.00
  1.4000   0.0600       33.5156    0.4490     11.00     24.00     46.00    295.00      0.00      17.9874    0.2642      5.00     13.00     25.00    279.00      0.00       9.6146    0.0767      7.00     10.00     12.00     32.00      0.00
  1.4000   0.0400       65.7954    0.9285     19.00     46.00     90.00    644.00      0.00      42.5138    0.6399     11.00     28.00     59.00    453.00      0.00       7.7400    0.0846      1.00      8.00     12.00     32.00      0.00
  1.4000   0.0200      135.0876    1.9279     38.00     93.00    188.00   1417.00      0.00     111.9920    1.6119     31.00     77.00    156.00    985.00      0.00       3.7668    0.0767      0.00      0.00      8.00     29.00      0.00
  1.2000   0.2000        7.2126    0.0769      4.00      6.00      9.00     59.00      0.00       2.3192    0.0295      1.00      1.00      3.00     19.00      0.00      14.2798    0.0884     11.00     13.00     18.00     42.00      0.00
  1.2000   0.1800        8.0374    0.0912      4.00      6.00     10.00     73.00      0.00       2.5296    0.0325      1.00      2.00      3.00     24.00      0.00      13.9374    0.0878     10.00     13.00     17.00     53.00      0.00
  1.2000   0.1600        9.4516    0.1056      4.00      7.00     12.00     57.00      0.00       3.0348    0.0400      1.00      2.00      4.00     26.00      0.00      13.8094    0.0892     10.00     13.00     17.00     45.00      0.00
  1.2000   0.1400       11.1828    0.1310      5.00      9.00     15.00     95.00      0.00       3.6252    0.0480      1.00      2.00      5.00     28.00      0.00      13.3844    0.0863     10.00     13.00     17.00     45.00      0.00
  1.2000   0.1200       13.6770    0.1675      6.00     10.00     18.00    147.00      0.00       4.6766    0.0608      1.00      3.00      6.00     32.00      0.00      12.9820    0.0859     10.00     12.00     16.00     41.00      0.00
  1.2000   0.1000       18.0188    0.2272      7.00     13.00     24.00    196.00      0.00       6.3424    0.0876      2.00      5.00      9.00     90.00      0.00      12.7008    0.0883     10.00     12.00     16.00     38.00      0.00
  1.2000   0.0800       25.3500    0.3430      9.00     18.00     33.00    268.00      0.00       9.6858    0.1412      3.00      7.00     13.00    110.00      0.00      12.0308    0.0924      9.00     12.00     16.00     44.00      0.00
  1.2000   0.0600       38.8492    0.5301     13.00     27.00     53.00    305.00      0.00      17.8300    0.2731      5.00     12.00     24.00    248.00      0.00      10.8752    0.0974      7.00     11.00     15.00     45.00      0.00
  1.2000   0.0400       72.7764    1.0294     22.00     51.00    101.00    695.00      0.00      42.1286    0.6446     11.00     27.00     57.00    390.00      0.00       8.5538    0.1042      1.00      9.00     13.00     49.00      0.00
  1.2000   0.0200      141.0646    1.9821     42.00    100.00    197.00   1475.00      0.00     111.8858    1.5915     30.00     76.00    160.00   1016.00      0.00       3.9862    0.0879      0.00      0.00      7.00     36.00      0.00
  1.0000   0.2000        8.9904    0.0978      4.00      7.00     12.00     65.00      0.00       2.2278    0.0289      1.00      1.00      3.00     33.00      0.00      17.9470    0.1250     12.00     17.00     23.00     81.00      0.00
  1.0000   0.1800       10.1194    0.1163      5.00      8.00     13.00    105.00      0.00       2.6036    0.0343      1.00      2.00      3.00     21.00      0.00      17.3878    0.1219     12.00     16.00     22.00     65.00      0.00
  1.0000   0.1600       11.6512    0.1370      5.00      9.00     15.00     96.00      0.00       2.9550    0.0392      1.00      2.00      4.00     24.00      0.00      16.9892    0.1203     11.00     16.00     22.00     62.00      0.00
  1.0000   0.1400       13.6260    0.1710      6.00     10.00     18.00    242.00      0.00       3.6102    0.0486      1.00      2.00      5.00     41.00      0.00      16.3370    0.1199     11.00     15.00     21.00     61.00      0.00
  1.0000   0.1200       17.2942    0.2154      7.00     13.00     23.00    241.00      0.00       4.6602    0.0698      1.00      3.00      6.00    185.00      0.00      16.1868    0.1218     11.00     15.00     21.00     62.00      0.00
  1.0000   0.1000       22.7170    0.2937      8.00     16.00     30.00    214.00      0.00       6.2718    0.0884      2.00      5.00      9.00    106.00      0.00      15.6420    0.1234     10.00     15.00     21.00     64.00      0.00
  1.0000   0.0800       30.8916    0.4120     11.00     22.00     42.00    262.00      0.00       9.4952    0.1391      3.00      7.00     13.00    121.00      0.00      14.5960    0.1228     10.00     14.00     20.00     61.00      0.00
  1.0000   0.0600       47.8170    0.6461     15.00     35.00     65.00    438.00      0.00      17.8584    0.2710      5.00     12.00     24.00    221.00      0.00      13.1556    0.1314      6.00     13.00     19.00     54.00      0.00
  1.0000   0.0400       84.0504    1.1698     26.00     60.00    115.00    780.00      0.00      42.4004    0.6346     11.00     29.00     60.00    490.00      0.00      10.1980    0.1387      1.00      9.00     17.00     58.00      0.00
  1.0000   0.0200      146.2136    2.1070     43.00    101.00    199.00   1848.00      0.00     109.1546    1.6177     30.00     73.00    151.00   1134.00      0.00       4.4548    0.1092      0.00      0.00      6.00     55.00      0.00
  0.8000   0.2000       11.8384    0.1345      6.00      9.00     15.00    115.00      0.00       2.2400    0.0286      1.00      1.00      3.00     28.00      0.00      23.9568    0.1805     15.00     22.00     31.00     94.00      0.00
  0.8000   0.1800       13.5362    0.1568      6.00     10.00     18.00    124.00      0.00       2.5606    0.0330      1.00      2.00      3.00     26.00      0.00      23.5832    0.1803     15.00     22.00     31.00     99.00      0.00
  0.8000   0.1600       16.0034    0.1928      7.00     12.00     21.00    159.00      0.00       2.9988    0.0392      1.00      2.00      4.00     29.00      0.00      23.2786    0.1789     14.00     22.00     31.00     92.00      0.00
  0.8000   0.1400       18.8418    0.2273      8.00     14.00     25.00    224.00      0.00       3.6590    0.0468      1.00      2.00      5.00     26.00      0.00      22.3534    0.1803     13.00     21.00     30.00    102.00      0.00
  0.8000   0.1200       23.4378    0.2971      9.00     18.00     31.00    269.00      0.00       4.6438    0.0605      1.00      3.00      6.00     46.00      0.00      21.8858    0.1808     13.00     21.00     29.00     98.00      0.00
  0.8000   0.1000       30.3564    0.4070     11.00     22.00     40.00    312.00      0.00       6.3544    0.0892      2.00      5.00      9.00     71.00      0.00      20.6644    0.1834     12.00     20.00     28.00     95.00      0.00
  0.8000   0.0800       42.7550    0.5633     15.00     31.00     57.00    335.00      0.00       9.7726    0.1441      3.00      7.00     13.00    135.00      0.00      19.6522    0.1877     10.00     19.00     27.00     86.00      0.00
  0.8000   0.0600       60.2884    0.8375     19.00     42.00     83.00    487.00      0.00      17.8372    0.2860      5.00     12.00     24.00    377.00      0.00      16.3170    0.1831      5.00     15.00     24.00     78.00      0.00
  0.8000   0.0400       98.2014    1.3611     30.00     69.00    133.00    980.00      0.00      41.1112    0.6091     10.00     28.00     57.00    466.00      0.00      12.3906    0.1895      1.00      8.00     21.00     85.00      0.00
  0.8000   0.0200      161.2168    2.2610     47.00    112.00    225.00   1472.00      0.00     110.1160    1.5781     30.00     76.00    150.00   1089.00      0.00       5.4250    0.1464      0.00      0.00      5.00     68.00      0.00
  0.6000   0.2000       17.9922    0.2057      8.00     14.00     23.00    132.00      0.00       2.2368    0.0283      1.00      1.00      3.00     21.00      0.00      36.9012    0.3174     21.00     33.00     49.00    227.00      0.00
  0.6000   0.1800       20.5652    0.2475      9.00     16.00     27.00    203.00      0.00       2.6202    0.0337      1.00      2.00      3.00     27.00      0.00      35.6972    0.3103     20.00     32.00     48.00    159.00      0.00
  0.6000   0.1600       23.5272    0.2917     10.00     18.00     31.00    235.00      0.00       2.9730    0.0392      1.00      2.00      4.00     37.00      0.00      34.5074    0.3061     19.00     32.00     46.00    169.00      0.00
  0.6000   0.1400       28.7924    0.3599     11.00     21.00     38.00    258.00      0.00       3.5902    0.0460      1.00      2.00      5.00     37.00      0.00      33.5922    0.3086     18.00     30.00     46.00    151.00      0.00
  0.6000   0.1200       34.2320    0.4411     13.00     25.00     46.00    286.00      0.00       4.5130    0.0587      1.00      3.00      6.00     42.00      0.00      31.7684    0.3098     16.00     29.00     44.00    138.00      0.00
  0.6000   0.1000       45.3864    0.6027     16.00     33.00     60.00    395.00      0.00       6.1960    0.0841      2.00      4.00      9.00     78.00      0.00      30.0922    0.3083     14.00     27.00     43.00    144.00      0.00
  0.6000   0.0800       59.7362    0.8059     20.00     43.00     81.00    605.00      0.00       9.4272    0.1365      3.00      7.00     13.00    131.00      0.00      27.1330    0.3078     10.00     24.00     40.00    141.00      0.00
  0.6000   0.0600       85.2778    1.1788     27.00     60.00    118.00    726.00      0.00      17.9444    0.2703      5.00     12.00     24.00    217.00      0.00      23.2812    0.3139      4.00     18.00     36.00    147.00      0.00
  0.6000   0.0400      122.9230    1.7250     36.00     86.00    170.00   1348.00      0.00      42.6674    0.6384     11.00     28.00     60.00    423.00      0.00      15.4110    0.2850      1.00      5.00     25.00    133.00      0.00
  0.6000   0.0200      172.6128    2.4112     50.00    121.00    239.00   1309.00      0.00     110.1648    1.5951     29.00     74.00    154.00    943.00      0.00       5.8894    0.1944      0.00      0.00      3.00    131.00      0.00
  0.4000   0.2000       34.6908    0.4211     15.00     27.00     46.00    294.00      0.00       2.2710    0.0281      1.00      1.00      3.00     18.00      0.00      68.7704    0.7262     31.00     59.00     94.00    403.00      0.00
  0.4000   0.1800       39.0136    0.4893     16.00     29.00     51.00    404.00      0.00       2.5748    0.0327      1.00      2.00      3.00     23.00      0.00      66.3378    0.6966     31.00     57.00     92.00    425.00      0.00
  0.4000   0.1600       45.4994    0.5817     18.00     34.00     60.00    645.00      0.00       3.0020    0.0406      1.00      2.00      4.00     40.00      0.00      63.8648    0.7012     27.00     54.00     89.00    387.00      0.00
  0.4000   0.1400       53.4072    0.6891     20.00     39.00     70.00    596.00      0.00       3.7538    0.0488      1.00      3.00      5.00     27.00      0.00      59.0802    0.6757     23.00     49.00     84.00    384.00      0.00
  0.4000   0.1200       63.1550    0.8354     22.00     45.00     86.00    581.00      0.00       4.5244    0.0589      1.00      3.00      6.00     34.00      0.00      55.7256    0.6742     19.00     46.00     80.00    426.00      0.00
  0.4000   0.1000       76.3686    1.0174     27.00     55.00    103.00    715.00      0.00       6.2472    0.0910      2.00      4.00      9.00    123.00      0.00      49.0740    0.6434     13.00     39.00     72.00    352.00      0.00
  0.4000   0.0800       95.4430    1.2821     30.00     68.00    132.00    729.00      0.00       9.5462    0.1383      3.00      7.00     13.00    122.00      0.00      41.8294    0.6136      7.00     29.00     63.00    433.00      0.00
  0.4000   0.0600      128.4688    1.7655     40.00     92.00    174.00   1031.00      0.00      18.3106    0.2775      5.00     13.00     25.00    227.00      0.00      31.0290    0.5320      3.00     16.00     48.00    320.00      0.00
  0.4000   0.0400      163.4320    2.2529     49.00    118.00    224.00   1351.00      0.00      43.5108    0.6438     11.00     29.00     61.00    346.00      0.00      18.4170    0.4458      1.00      4.00     22.00    303.00      0.00
  0.4000   0.0200      188.3944    2.7086     53.00    130.00    258.00   1692.00      0.00     108.4374    1.5511     31.00     76.00    151.00   1171.00      0.00       5.1696    0.2336      0.00      0.00      2.00    204.00      0.00
  0.2000   0.2000      116.4062    1.5966     37.00     82.00    159.00   1118.00      0.00       2.2086    0.0274      1.00      1.00      3.00     18.00      0.00     170.8430    2.4112     48.00    121.00    238.00   1615.00      0.00
  0.2000   0.1800      119.7788    1.6483     38.00     84.00    164.00   1058.00      0.00       2.5552    0.0329      1.00      2.00      3.00     23.00      0.00     147.9510    2.1392     40.00    102.00    203.00   1244.00      0.00
  0.2000   0.1600      135.8340    1.8856     40.00     94.00    190.00   1080.00      0.00       2.9530    0.0382      1.00      2.00      4.00     29.00      0.00     138.3134    2.0359     35.00     94.00    195.00   1469.00      0.00
  0.2000   0.1400      143.2046    1.9821     45.00    100.00    195.00   1167.00      0.00       3.6146    0.0468      1.00      2.00      5.00     42.00      0.00     113.9528    1.7254     27.00     75.00    161.00   1075.00      0.00
  0.2000   0.1200      153.5680    2.1270     46.00    109.00    212.00   1237.00      0.00       4.6014    0.0608      1.00      3.00      6.00     47.00      0.00      92.9314    1.4566     19.00     60.00    131.00   1233.00      0.00
  0.2000   0.1000      166.5240    2.3380     50.00    115.00    235.00   1742.00      0.00       6.3096    0.0868      2.00      4.00      9.00     96.00      0.00      70.4814    1.1953     12.00     41.00     99.00    732.00      0.00
  0.2000   0.0800      179.1208    2.5199     54.00    124.00    248.00   2000.00      0.00       9.6396    0.1392      3.00      7.00     13.00    130.00      0.00      50.5878    0.9520      6.00     26.00     69.00    654.00      0.00
  0.2000   0.0600      190.4284    2.7028     53.00    131.00    266.00   1514.00      0.00      17.9514    0.2761      5.00     12.00     24.00    219.00      0.00      30.0318    0.6605      3.00     11.00     37.00    454.00      0.00
  0.2000   0.0400      195.5814    2.8053     55.00    135.00    270.00   1832.00      0.00      43.4036    0.6639     11.00     28.00     59.00    476.00      0.00      13.9586    0.3990      1.00      4.00     13.00    303.00      0.00
  0.2000   0.0200      197.9234    2.8431     56.00    135.00    271.00   1950.00      0.00     107.1226    1.5230     29.00     74.00    150.00    874.00      0.00       3.7848    0.1970      0.00      0.00      2.00    258.00      0.00
