Amp Radius  OC_Mean OC_Std OC_Q1 OC_Med OC_Q3 OC_Max OC_Min  Exp_Mean Exp_Std Exp_Q1 Exp_Med Exp_Q3 Exp_Max Exp_Min  Num_Mean Num_Std Num_Q1 Num_Med Num_Q3 Num_Max Num_Min
  2.0000   0.2000        3.8692    0.0300      2.00      3.00      5.00     23.00      0.00       1.5764    0.0145      1.00      1.00      2.00     12.00      0.00       9.8130    0.0577      7.00     11.00     13.00     27.00      0.00
  2.0000   0.1800        4.2026    0.0322      3.00      4.00      5.00     18.00      0.00       1.7388    0.0170      1.00      1.00      2.00     10.00      0.00       9.5022    0.0585      7.00     10.00     12.00     24.00      0.00
  2.0000   0.1600        4.7520    0.0392      3.00      4.00      6.00     35.00      0.00       2.0112    0.0199      1.00      2.00      3.00     14.00      0.00       9.2460    0.0563      7.00     10.00     12.00     22.00      0.00
  2.0000   0.1400        5.4566    0.0487      3.00      5.00      7.00     35.00      0.00       2.3850    0.0259      1.00      2.00      3.00     22.00      0.00       9.0850    0.0562      6.00     10.00     12.00     23.00      0.00
  2.0000   0.1200        6.3748    0.0592      3.00      5.00      8.00     44.00      0.00       2.8770    0.0328      1.00      2.00      4.00     31.00      0.00       8.8056    0.0552      6.00     10.00     12.00     22.00      0.00
  2.0000   0.1000        7.9078    0.0787      4.00      7.00     10.00     61.00      0.00       3.8318    0.0504      1.00      3.00      5.00     59.00      0.00       8.6324    0.0546      6.00     10.00     11.00     26.00      0.00
  2.0000   0.0800       10.6842    0.1245      5.00      9.00     14.00    146.00      0.00       5.7064    0.0825      2.00      4.00      7.00    117.00      0.00       8.1660    0.0549      6.00      9.00     11.00     19.00      0.00
  2.0000   0.0600       17.3924    0.2362      7.00     13.00     23.00    223.00      0.00      11.2586    0.1907      3.00      7.00     14.00    192.00      0.00       7.7182    0.0560      5.00      9.00     11.00     19.00      0.00
  2.0000   0.0400       40.0258    0.5614     12.00     27.00     56.00    432.00      0.00      32.3138    0.4997      8.00     20.00     46.00    286.00      0.00       6.5384    0.0608      2.00      7.00     10.00     21.00      0.00
  2.0000   0.0200      104.6218    1.5391     28.00     70.00    144.00   1014.00      0.00      95.0252    1.4100     24.00     63.00    132.00    868.00      0.00       3.3484    0.0561      0.00      1.00      7.00     17.00      0.00
  1.8000   0.2000        4.2864    0.0332      3.00      4.00      5.00     22.00      0.00       1.5646    0.0140      1.00      1.00      2.00     12.00      0.00      10.5540    0.0602      8.00     11.00     13.00     27.00      0.00
  1.8000   0.1800        4.7438    0.0391      3.00      4.00      6.00     25.00      0.00       1.7334    0.0166      1.00      1.00      2.00     12.00      0.00      10.2472    0.0595      8.00     11.00     13.00     30.00      0.00
  1.8000   0.1600        5.2848    0.0445      3.00      5.00      7.00     38.00      0.00       2.0158    0.0207      1.00      2.00      3.00     16.00      0.00      10.0122    0.0582      7.00     11.00     13.00     25.00      0.00
  1.8000   0.1400        6.0120    0.0519      3.00      5.00      8.00     34.00      0.00       2.3488    0.0249      1.00      2.00      3.00     19.00      0.00       9.7670    0.0573      7.00     11.00     12.00     26.00      0.00
  1.8000   0.1200        7.0934    0.0665      4.00      6.00      9.00     40.00      0.00       2.8910    0.0318      1.00      2.00      4.00     22.00      0.00       9.4284    0.0572      7.00     10.00     12.00     26.00      0.00
  1.8000   0.1000        8.9382    0.0906      4.00      7.00     12.00     76.00      0.00       3.8246    0.0473      1.00      3.00      5.00     38.00      0.00       9.1626    0.0547      7.00     10.00     12.00     25.00      0.00
  1.8000   0.0800       12.0158    0.1384      6.00     10.00     15.00    114.00      0.00       5.9116    0.0877      2.00      4.00      8.00    105.00      0.00       8.7042    0.0556      6.00     10.00     11.00     21.00      0.00
  1.8000   0.0600       19.9058    0.2619      8.00     15.00     26.00    198.00      0.00      11.7482    0.1977      3.00      7.00     15.00    183.00      0.00       8.3116    0.0578      6.00      9.00     11.00     20.00      0.00
  1.8000   0.0400       42.4584    0.6070     13.00     29.00     57.00    432.00      0.00      30.7460    0.4730      7.00     20.00     43.00    360.00      0.00       6.8848    0.0640      2.00      8.00     11.00     20.00      0.00
  1.8000   0.0200      105.2322    1.4967     30.00     73.00    148.00   1017.00      0.00      92.9168    1.3757     24.00     63.00    130.00    838.00      0.00       3.6746    0.0609      0.00      1.00      7.00     23.00      0.00
  1.6000   0.2000        4.8862    0.0401      3.00      4.00      6.00     39.00      0.00       1.5490    0.0138      1.00      1.00      2.00     11.00      0.00      11.5406    0.0651      9.00     12.00     14.00     32.00      0.00
  1.6000   0.1800        5.4186    0.0452      3.00      5.00      7.00     29.00      0.00       1.7644    0.0171      1.00      1.00      2.00     12.00      0.00      11.2754    0.0647      9.00     12.00     14.00     30.00      0.00
  1.6000   0.1600        6.2038    0.0559      3.00      5.00      8.00     40.00      0.00       1.9850    0.0207      1.00      1.00      3.00     22.00      0.00      10.9572    0.0638      8.00     11.00     14.00     30.00      0.00
  1.6000   0.1400        6.9652    0.0630      4.00      6.00      9.00     38.00      0.00       2.3566    0.0257      1.00      2.00      3.00     27.00      0.00      10.6958    0.0612      8.00     11.00     13.00     35.00      0.00
  1.6000   0.1200        8.3766    0.0830      4.00      7.00     11.00     68.00      0.00       2.9170    0.0338      1.00      2.00      4.00     30.00      0.00      10.4618    0.0592      8.00     11.00     13.00     33.00      0.00
  1.6000   0.1000       10.4266    0.1094      5.00      8.00     13.00    114.00      0.00       3.8214    0.0484      1.00      3.00      5.00     79.00      0.00      10.1316    0.0591      8.00     11.00     13.00     27.00      0.00
  1.6000   0.0800       13.8718    0.1567      6.00     11.00     18.00    124.00      0.00       5.8562    0.0839      2.00      4.00      8.00     92.00      0.00       9.6072    0.0596      7.00     10.00     12.00     27.00      0.00
  1.6000   0.0600       21.9726    0.2837      9.00     16.00     29.00    205.00      0.00      11.2576    0.1728      3.00      7.00     14.00    139.00      0.00       8.9142    0.0623      6.00     10.00     12.00     28.00      0.00
  1.6000   0.0400       46.3156    0.6449     15.00     33.00     63.00    461.00      0.00      31.2998    0.4822      7.00     20.00     43.00    329.00      0.00       7.4504    0.0697      2.00      8.00     11.00     23.00      0.00
  1.6000   0.0200      113.6138    1.5863     31.00     80.00    158.00    888.00      0.00      96.2810    1.4087     24.00     66.00    135.00    793.00      0.00       3.7116    0.0660      0.00      1.00      8.00     25.00      0.00
  1.4000   0.2000        5.7762    0.0487      3.00      5.00      7.00     29.00      0.00       1.5702    0.0142      1.00      1.00      2.00     12.00      0.00      13.0712    0.0747     10.00     13.00     16.00     41.00      0.00
  1.4000   0.1800        6.3048    0.0556      4.00      5.00      8.00     37.00      0.00       1.7216    0.0163      1.00      1.00      2.00      9.00      0.00      12.6158    0.0724     10.00     13.00     16.00     34.00      0.00
  1.4000   0.1600        7.0956    0.0638      4.00      6.00      9.00     68.00      0.00       1.9892    0.0202      1.00      1.00      3.00     17.00      0.00      12.2548    0.0689     10.00     12.00     15.00     37.00      0.00
  1.4000   0.1400        8.2498    0.0764      4.00      7.00     11.00     55.00      0.00       2.3062    0.0246      1.00      2.00      3.00     16.00      0.00      11.8908    0.0698      9.00     12.00     15.00     34.00      0.00
  1.4000   0.1200        9.8086    0.0979      5.00      8.00     13.00     72.00      0.00       2.8376    0.0320      1.00      2.00      4.00     23.00      0.00      11.6000    0.0681      9.00     12.00     14.00     35.00      0.00
  1.4000   0.1000       12.4676    0.1360      6.00     10.00     16.00    119.00      0.00       3.8536    0.0485      1.00      3.00      5.00     46.00      0.00      11.1708    0.0679      9.00     12.00     14.00     36.00      0.00
  1.4000   0.0800       16.7038    0.1943      7.00     13.00     22.00    151.00      0.00       5.8578    0.0851      2.00      4.00      8.00    132.00      0.00      10.6364    0.0685      8.00     11.00     13.00     42.00      0.00
  1.4000   0.0600       25.7360    0.3161     10.00     19.00     35.00    231.00      0.00      11.0316    0.1671      3.00      7.00     14.00    121.00      0.00       9.8994    0.0717      7.00     11.00     13.00     32.00      0.00
  1.4000   0.0400       51.2394    0.7116     16.00     36.00     69.00    555.00      0.00      31.0102    0.4837      7.00     19.00     43.00    325.00      0.00       8.0448    0.0794      2.00      9.00     12.00     26.00      0.00
  1.4000   0.0200      118.3308    1.6811     33.00     81.00    163.00   1293.00      0.00      95.2946    1.3907     26.00     64.00    134.00   1293.00      0.00       4.0514    0.0753      0.00      1.00      8.00     28.00      0.00
  1.2000   0.2000        6.9304    0.0610      4.00      6.00      9.00     44.00      0.00       1.5464    0.0139      1.00      1.00      2.00     11.00      0.00      15.0974    0.0933     11.00     14.00     19.00     57.00      0.00
  1.2000   0.1800        7.7464    0.0700      4.00      7.00     10.00     52.00      0.00       1.7376    0.0164      1.00      1.00      2.00     12.00      0.00      14.8166    0.0902     11.00     14.00     18.00     44.00      0.00
  1.2000   0.1600        8.9820    0.0877      5.00      8.00     12.00     83.00      0.00       1.9730    0.0205      1.00      1.00      2.00     17.00      0.00      14.4890    0.0882     11.00     14.00     18.00     43.00      0.00
  1.2000   0.1400       10.3104    0.0990      5.00      9.00     13.00     68.00      0.00       2.3802    0.0261      1.00      2.00      3.00     22.00      0.00      13.9880    0.0862     11.00     13.00     17.00     50.00      0.00
  1.2000   0.1200       12.2020    0.1305      6.00     10.00     16.00    114.00      0.00       2.8874    0.0330      1.00      2.00      4.00     34.00      0.00      13.3858    0.0862     10.00     13.00     17.00     51.00      0.00
  1.2000   0.1000       15.4284    0.1656      7.00     13.00     20.00    107.00      0.00       3.8560    0.0484      1.00      3.00      5.00     47.00      0.00      12.8368    0.0857     10.00     13.00     16.00     41.00      0.00
  1.2000   0.0800       20.4624    0.2324      9.00     16.00     27.00    126.00      0.00       5.7436    0.0845      2.00      4.00      7.00    103.00      0.00      12.1628    0.0842      9.00     12.00     15.00     39.00      0.00
  1.2000   0.0600       31.7290    0.4074     12.00     23.00     42.00    343.00      0.00      11.1478    0.1767      3.00      7.00     14.00    294.00      0.00      11.3550    0.0894      8.00     12.00     15.00     42.00      0.00
  1.2000   0.0400       60.4666    0.8393     20.00     42.00     82.00    640.00      0.00      31.3348    0.4972      7.00     20.00     44.00    463.00      0.00       9.1592    0.0956      2.00     10.00     14.00     37.00      0.00
  1.2000   0.0200      131.6608    1.9237     39.00     88.00    178.00   1171.00      0.00      96.4958    1.4248     26.00     64.00    133.00    945.00      0.00       4.6450    0.0890      0.00      1.00      9.00     34.00      0.00
  1.0000   0.2000        8.9870    0.0824      5.00      8.00     12.00     60.00      0.00       1.5412    0.0138      1.00      1.00      2.00     10.00      0.00      18.7964    0.1282     13.00     18.00     24.00     78.00      0.00
  1.0000   0.1800       10.0716    0.0970      5.00      8.00     13.00     60.00      0.00       1.7452    0.0169      1.00      1.00      2.00     17.00      0.00      18.0992    0.1234     12.00     17.00     23.00     66.00      0.00
  1.0000   0.1600       11.6254    0.1178      6.00     10.00     15.00     85.00      0.00       1.9824    0.0198      1.00      1.00      3.00     13.00      0.00      17.7562    0.1214     12.00     17.00     22.00     75.00      0.00
  1.0000   0.1400       13.2590    0.1336      7.00     11.00     17.00     85.00      0.00       2.3046    0.0246      1.00      2.00      3.00     22.00      0.00      17.1032    0.1167     12.00     16.00     22.00     59.00      0.00
  1.0000   0.1200       16.1874    0.1756      8.00     13.00     21.00    146.00      0.00       2.9340    0.0344      1.00      2.00      4.00     43.00      0.00      16.6486    0.1184     12.00     16.00     21.00     58.00      0.00
  1.0000   0.1000       20.0066    0.2241      9.00     16.00     27.00    155.00      0.00       3.8828    0.0506      2.00      3.00      5.00     64.00      0.00      15.6262    0.1168     11.00     15.00     20.00     67.00      0.00
  1.0000   0.0800       27.4432    0.3326     11.00     21.00     36.00    227.00      0.00       5.9360    0.0857      2.00      4.00      8.00    100.00      0.00      14.8832    0.1192     10.00     14.00     19.00     59.00      0.00
  1.0000   0.0600       40.9176    0.5250     15.00     30.00     55.00    286.00      0.00      10.9022    0.1734      3.00      7.00     14.00    142.00      0.00      13.5660    0.1207      8.00     13.00     18.00     62.00      0.00
  1.0000   0.0400       73.8330    0.9883     23.00     52.00    102.00    559.00      0.00      31.7812    0.5017      7.00     20.00     44.00    349.00      0.00      10.7254    0.1261      2.00     11.00     16.00     54.00      0.00
  1.0000   0.0200      143.0686    1.9905     42.00    101.00    199.00   1258.00      0.00      97.5014    1.4356     26.00     65.00    136.00   1074.00      0.00       5.1530    0.1096      0.00      1.00      9.00     48.00      0.00
  0.8000   0.2000       12.6104    0.1223      7.00     11.00     17.00     88.00      0.00       1.5810    0.0144      1.00      1.00      2.00     13.00      0.00      25.1750    0.1970     16.00     23.00     33.00    120.00      0.00
  0.8000   0.1800       14.6004    0.1477      7.00     12.00     19.00    135.00      0.00       1.7372    0.0177      1.00      1.00      2.00     28.00      0.00      25.0584    0.1956     16.00     23.00     33.00     98.00      0.00
  0.8000   0.1600       16.3366    0.1673      8.00     14.00     21.00     90.00      0.00       2.0192    0.0206      1.00      1.00      3.00     17.00      0.00      23.7474    0.1847     15.00     22.00     31.00     94.00      0.00
  0.8000   0.1400       19.1908    0.2079      9.00     16.00     25.00    126.00      0.00       2.3886    0.0249      1.00      2.00      3.00     17.00      0.00      23.0786    0.1849     14.00     21.00     30.00    110.00      0.00
  0.8000   0.1200       23.0980    0.2610     10.00     18.00     30.00    191.00      0.00       2.8440    0.0311      1.00      2.00      4.00     27.00      0.00      22.0316    0.1829     13.00     20.00     29.00     89.00      0.00
  0.8000   0.1000       29.4310    0.3672     12.00     22.00     39.00    379.00      0.00       3.9076    0.0489      2.00      3.00      5.00     48.00      0.00      20.8074    0.1830     12.00     19.00     28.00    103.00      0.00
  0.8000   0.0800       38.4752    0.4836     15.00     28.00     52.00    357.00      0.00       5.9064    0.0893      2.00      4.00      8.00     89.00      0.00      19.2448    0.1779     11.00     18.00     26.00    102.00      0.00
  0.8000   0.0600       56.3210    0.7293     21.00     41.00     75.00    486.00      0.00      11.6922    0.1942      3.00      8.00     15.00    199.00      0.00      16.9506    0.1787      7.00     16.00     24.00    100.00      0.00
  0.8000   0.0400       93.1630    1.2818     30.00     66.00    128.00   1007.00      0.00      31.5448    0.4897      7.00     20.00     44.00    367.00      0.00      12.7114    0.1770      2.00     11.00     20.00     99.00      0.00
  0.8000   0.0200      154.5602    2.1444     46.00    107.00    216.00   1321.00      0.00      93.4182    1.3522     25.00     64.00    132.00    981.00      0.00       5.7256    0.1366      0.00      1.00      8.00     61.00      0.00
  0.6000   0.2000       21.3940    0.2242     10.00     18.00     28.00    131.00      0.00       1.5604    0.0139      1.00      1.00      2.00      9.00      0.00      40.3404    0.3609     22.00     36.00     53.00    239.00      0.00
  0.6000   0.1800       24.0934    0.2679     11.00     19.00     32.00    191.00      0.00       1.7668    0.0170      1.00      1.00      2.00      9.00      0.00      38.3680    0.3497     21.00     34.00     51.00    191.00      0.00
  0.6000   0.1600       27.1740    0.3044     12.00     22.00     36.00    229.00      0.00       1.9572    0.0195      1.00      1.00      2.00     17.00      0.00      36.8230    0.3384     20.00     32.00     49.00    176.00      0.00
  0.6000   0.1400       32.0488    0.3788     14.00     25.00     42.00    247.00      0.00       2.3758    0.0255      1.00      2.00      3.00     19.00      0.00      34.7092    0.3355     18.00     30.00     47.00    190.00      0.00
  0.6000   0.1200       39.1420    0.4720     16.00     30.00     52.00    264.00      0.00       2.8466    0.0324      1.00      2.00      4.00     24.00      0.00      33.4558    0.3283     17.00     29.00     45.00    181.00      0.00
  0.6000   0.1000       48.0686    0.5926     19.00     36.00     65.00    315.00      0.00       3.9184    0.0483      1.00      3.00      5.00     45.00      0.00      30.9764    0.3175     15.00     27.00     43.00    162.00      0.00
  0.6000   0.0800       63.8158    0.8506     23.00     46.00     87.00    559.00      0.00       5.8788    0.0895      2.00      4.00      8.00     95.00      0.00      27.4996    0.3127     11.00     23.00     39.00    196.00      0.00
  0.6000   0.0600       87.4166    1.1548     29.00     63.00    119.00    673.00      0.00      11.4750    0.2017      3.00      7.00     14.00    217.00      0.00      22.5434    0.2850      6.00     18.00     33.00    130.00      0.00
  0.6000   0.0400      126.6412    1.7363     40.00     89.00    175.00    980.00      0.00      31.7558    0.5055      7.00     20.00     44.00    332.00      0.00      15.6586    0.2583      2.00      9.00     24.00    143.00      0.00
  0.6000   0.0200      172.3882    2.3802     51.00    119.00    239.00   1426.00      0.00      95.8842    1.3932     25.00     66.00    134.00    857.00      0.00       5.3176    0.1613      0.00      1.00      4.00    114.00      0.00
  0.4000   0.2000       48.3110    0.6124     19.00     37.00     64.00    565.00      0.00       1.5636    0.0141      1.00      1.00      2.00     10.00      0.00      78.4152    0.9105     33.00     62.00    107.00    677.00      0.00
  0.4000   0.1800       54.1084    0.6779     20.00     41.00     73.00    494.00      0.00       1.7246    0.0161      1.00      1.00      2.00     11.00      0.00      74.0074    0.8596     30.00     58.00    101.00    446.00      0.00
  0.4000   0.1600       62.9436    0.8017     23.00     46.00     85.00    447.00      0.00       1.9868    0.0198      1.00      1.00      2.00     12.00      0.00      70.2718    0.8225     28.00     55.00     98.00    433.00      0.00
  0.4000   0.1400       69.5604    0.9345     25.00     50.00     96.00    822.00      0.00       2.3114    0.0248      1.00      2.00      3.00     17.00      0.00      63.6290    0.7872     24.00     49.00     88.00    524.00      0.00
  0.4000   0.1200       83.7908    1.1146     29.00     61.00    115.00    813.00      0.00       2.8892    0.0344      1.00      2.00      4.00     45.00      0.00      58.3738    0.7129     21.00     46.00     81.00    483.00      0.00
  0.4000   0.1000       99.4440    1.3069     33.00     71.00    137.00    691.00      0.00       3.8072    0.0448      2.00      3.00      5.00     42.00      0.00      50.0286    0.6471     16.00     38.00     70.00    326.00      0.00
  0.4000   0.0800      121.7862    1.7172     38.00     85.00    165.00   1000.00      0.00       5.9986    0.0903      2.00      4.00      8.00    118.00      0.00      40.4568    0.5773     10.00     28.00     58.00    329.00      0.00
  0.4000   0.0600      139.7954    1.9105     42.00     99.00    195.00   1193.00      0.00      10.9604    0.1725      3.00      7.00     14.00    148.00      0.00      28.2096    0.4445      5.00     17.00     42.00    234.00      0.00
  0.4000   0.0400      168.3588    2.3969     49.00    115.00    233.00   1358.00      0.00      31.2722    0.4950      7.00     19.00     43.00    336.00      0.00      15.1894    0.3174      1.00      6.00     19.00    221.00      0.00
  0.4000   0.0200      188.2968    2.6547     55.00    131.00    261.00   1687.00      0.00      93.9550    1.3719     25.00     65.00    131.00    825.00      0.00       4.3178    0.1558      0.00      1.00      3.00    139.00      0.00
  0.2000   0.2000      144.0908    2.0735     42.00    100.00    198.00   1469.00      0.00       1.5672    0.0140      1.00      1.00      2.00     10.00      0.00     174.8842    2.6016     50.00    118.00    237.00   2129.00      0.00
  0.2000   0.1800      149.3132    2.0700     43.00    106.00    207.00   1267.00      0.00       1.7560    0.0162      1.00      1.00      2.00     11.00      0.00     150.0104    2.1136     43.00    106.00    208.00   1249.00      0.00
  0.2000   0.1600      161.2106    2.2634     48.00    111.00    223.00   1339.00      0.00       1.9776    0.0202      1.00      1.00      2.00     13.00      0.00     133.5152    1.9368     38.00     91.00    185.00   1017.00      0.00
  0.2000   0.1400      161.7002    2.3242     47.00    111.00    221.00   1440.00      0.00       2.3282    0.0240      1.00      2.00      3.00     14.00      0.00     104.4352    1.5742     28.00     69.00    142.00   1034.00      0.00
  0.2000   0.1200      170.1354    2.4244     50.00    116.00    235.00   1584.00      0.00       2.8982    0.0352      1.00      2.00      4.00     38.00      0.00      82.4346    1.2303     21.00     55.00    116.00    876.00      0.00
  0.2000   0.1000      179.8214    2.4946     56.00    125.00    248.00   1755.00      0.00       3.8924    0.0485      1.00      3.00      5.00     38.00      0.00      61.2190    0.9028     15.00     40.00     87.00    597.00      0.00
  0.2000   0.0800      191.2588    2.6628     56.00    133.00    267.00   1582.00      0.00       5.7168    0.0839      2.00      4.00      7.00    114.00      0.00      42.7504    0.6597     10.00     28.00     59.00    461.00      0.00
  0.2000   0.0600      191.6898    2.6665     54.00    136.00    268.00   1928.00      0.00      11.0192    0.1784      3.00      7.00     14.00    244.00      0.00      24.5276    0.4089      5.00     15.00     33.00    294.00      0.00
  0.2000   0.0400      197.1490    2.7559     57.00    138.00    273.00   1543.00      0.00      30.7740    0.4732      7.00     19.00     44.00    319.00      0.00      11.5968    0.2308      1.00      6.00     15.00    166.00      0.00
  0.2000   0.0200      195.9736    2.8170     55.00    134.00    269.00   1869.00      0.00      92.2148    1.3237     25.00     64.00    129.00    778.00      0.00       2.8310    0.0863      0.00      1.00      3.00     87.00      0.00
