Amp Radius  OC_Mean OC_Std OC_Q1 OC_Med OC_Q3 OC_Max OC_Min  Exp_Mean Exp_Std Exp_Q1 Exp_Med Exp_Q3 Exp_Max Exp_Min  Num_Mean Num_Std Num_Q1 Num_Med Num_Q3 Num_Max Num_Min
  2.0000   0.2000        4.3268    0.0301      3.00      4.00      5.00     27.00      0.00       1.2716    0.0099      1.00      1.00      1.00     16.00      0.00       5.8478    0.0420      4.00      5.00      8.00     20.00      0.00
  2.0000   0.1800        4.5922    0.0332      3.00      4.00      6.00     24.00      0.00       1.3678    0.0120      1.00      1.00      2.00     22.00      0.00       5.3026    0.0383      3.00      5.00      7.00     19.00      0.00
  2.0000   0.1600        5.1536    0.0420      3.00      5.00      6.00     58.00      0.00       1.5826    0.0201      1.00      1.00      2.00     54.00      0.00       4.9178    0.0357      3.00      4.00      6.00     17.00      0.00
  2.0000   0.1400        5.9502    0.0527      4.00      5.00      7.00     49.00      0.00       2.0160    0.0319      1.00      1.00      2.00     39.00      0.00       4.5082    0.0328      3.00      4.00      6.00     23.00      0.00
  2.0000   0.1200        7.0560    0.0757      4.00      6.00      9.00     85.00      0.00       2.8052    0.0539      1.00      2.00      3.00     58.00      0.00       4.2416    0.0291      3.00      4.00      5.00     16.00      0.00
  2.0000   0.1000        9.2576    0.1186      5.00      7.00     11.00    131.00      0.00       4.5740    0.0919      1.00      2.00      5.00     82.00      0.00       4.0222    0.0280      3.00      4.00      5.00     15.00      0.00
  2.0000   0.0800       13.4188    0.1833      5.00      9.00     17.00    146.00      0.00       8.1188    0.1495      2.00      4.00     10.00    110.00      0.00       3.9368    0.0284      3.00      4.00      5.00     14.00      0.00
  2.0000   0.0600       23.5150    0.3305      7.00     15.00     32.00    225.00      0.00      17.2942    0.2939      3.00     10.00     24.00    215.00      0.00       3.7064    0.0297      2.00      4.00      5.00     14.00      0.00
  2.0000   0.0400       45.5492    0.6465     13.00     31.00     62.00    425.00      0.00      36.7542    0.5601      8.00     24.00     51.00    354.00      0.00       3.2640    0.0324      2.00      3.00      5.00     15.00      0.00
  2.0000   0.0200      109.0234    1.5640     30.00     74.00    151.00    969.00      0.00      97.4690    1.4413     25.00     65.00    137.00    966.00      0.00       1.9902    0.0333      0.00      1.00      4.00     13.00      0.00
  1.8000   0.2000        5.0216    0.0353      3.00      5.00      6.00     22.00      0.00       1.2560    0.0089      1.00      1.00      1.00     14.00      0.00       6.8752    0.0508      4.00      6.00      9.00     25.00      0.00
  1.8000   0.1800        5.3544    0.0388      3.00      5.00      7.00     26.00      0.00       1.3600    0.0120      1.00      1.00      2.00     23.00      0.00       6.2372    0.0457      4.00      6.00      8.00     24.00      0.00
  1.8000   0.1600        5.9462    0.0476      4.00      5.00      7.00     38.00      0.00       1.6116    0.0197      1.00      1.00      2.00     32.00      0.00       5.6658    0.0427      4.00      5.00      7.00     23.00      0.00
  1.8000   0.1400        6.8026    0.0594      4.00      6.00      9.00     82.00      0.00       1.9848    0.0300      1.00      1.00      2.00     56.00      0.00       5.3686    0.0394      3.00      5.00      7.00     23.00      0.00
  1.8000   0.1200        8.0364    0.0796      5.00      7.00     10.00     68.00      0.00       2.7162    0.0484      1.00      2.00      3.00     53.00      0.00       4.9706    0.0352      3.00      5.00      6.00     19.00      0.00
  1.8000   0.1000       10.3512    0.1219      5.00      8.00     13.00    125.00      0.00       4.4796    0.0894      1.00      2.00      5.00    100.00      0.00       4.7498    0.0333      3.00      4.00      6.00     16.00      0.00
  1.8000   0.0800       15.2338    0.2042      6.00     11.00     19.00    157.00      0.00       8.3262    0.1563      2.00      4.00     10.00    109.00      0.00       4.6510    0.0347      3.00      4.00      6.00     17.00      0.00
  1.8000   0.0600       25.5062    0.3523      9.00     17.00     34.00    255.00      0.00      17.3424    0.2935      3.00     10.00     24.00    199.00      0.00       4.3992    0.0368      3.00      4.00      6.00     16.00      0.00
  1.8000   0.0400       49.7222    0.6869     15.00     35.00     69.00    417.00      0.00      38.3864    0.5889      9.00     25.00     54.00    413.00      0.00       3.7790    0.0388      2.00      4.00      6.00     18.00      0.00
  1.8000   0.0200      110.6550    1.5492     33.00     75.00    154.00    807.00      0.00      95.8180    1.3938     26.00     64.00    133.00    766.00      0.00       2.3524    0.0396      0.00      1.00      4.00     15.00      0.00
  1.6000   0.2000        5.8824    0.0425      4.00      5.00      8.00     24.00      0.00       1.2494    0.0088      1.00      1.00      1.00     13.00      0.00       8.1434    0.0605      5.00      7.00     11.00     28.00      0.00
  1.6000   0.1800        6.4220    0.0480      4.00      6.00      8.00     39.00      0.00       1.3704    0.0128      1.00      1.00      2.00     31.00      0.00       7.5398    0.0581      5.00      7.00     10.00     27.00      0.00
  1.6000   0.1600        7.1604    0.0560      4.00      6.00      9.00     52.00      0.00       1.6120    0.0199      1.00      1.00      2.00     39.00      0.00       7.0678    0.0542      4.00      6.00      9.00     30.00      0.00
  1.6000   0.1400        8.1172    0.0689      5.00      7.00     10.00     54.00      0.00       1.9536    0.0297      1.00      1.00      2.00     39.00      0.00       6.4494    0.0497      4.00      6.00      8.00     25.00      0.00
  1.6000   0.1200        9.7364    0.0968      6.00      8.00     12.00    108.00      0.00       2.8650    0.0578      1.00      2.00      3.00     83.00      0.00       6.0640    0.0454      4.00      6.00      8.00     27.00      0.00
  1.6000   0.1000       12.0556    0.1321      6.00     10.00     15.00    139.00      0.00       4.5174    0.0865      1.00      2.00      5.00     79.00      0.00       5.6826    0.0428      4.00      5.00      7.00     28.00      0.00
  1.6000   0.0800       17.4822    0.2180      8.00     13.00     22.00    197.00      0.00       8.3660    0.1572      2.00      4.00     11.00    122.00      0.00       5.6598    0.0439      4.00      5.00      7.00     25.00      0.00
  1.6000   0.0600       27.5708    0.3636     10.00     20.00     37.00    231.00      0.00      16.5522    0.2773      3.00      9.00     23.00    171.00      0.00       5.2650    0.0461      3.00      5.00      7.00     24.00      0.00
  1.6000   0.0400       53.7274    0.7480     16.00     37.00     74.00    632.00      0.00      37.5000    0.5922      8.00     24.00     52.00    370.00      0.00       4.5378    0.0479      2.00      4.00      7.00     20.00      0.00
  1.6000   0.0200      117.2156    1.6169     35.00     83.00    164.00    956.00      0.00      98.4472    1.3857     28.00     68.00    138.00    825.00      0.00       2.5556    0.0473      0.00      1.00      5.00     28.00      0.00
  1.4000   0.2000        7.3782    0.0558      5.00      7.00      9.00     46.00      0.00       1.2608    0.0096      1.00      1.00      1.00     12.00      0.00      10.2614    0.0797      6.00      9.00     13.00     39.00      0.00
  1.4000   0.1800        8.0398    0.0617      5.00      7.00     10.00     43.00      0.00       1.4092    0.0139      1.00      1.00      2.00     18.00      0.00       9.5474    0.0745      6.00      9.00     12.00     39.00      0.00
  1.4000   0.1600        8.9114    0.0746      5.00      8.00     11.00     62.00      0.00       1.6276    0.0218      1.00      1.00      2.00     44.00      0.00       8.7616    0.0693      5.00      8.00     11.00     33.00      0.00
  1.4000   0.1400       10.0974    0.0875      6.00      9.00     13.00     91.00      0.00       2.0042    0.0329      1.00      1.00      2.00     41.00      0.00       8.1496    0.0650      5.00      7.00     11.00     41.00      0.00
  1.4000   0.1200       12.0360    0.1119      7.00     10.00     15.00    109.00      0.00       2.7756    0.0494      1.00      2.00      3.00     50.00      0.00       7.6800    0.0602      5.00      7.00     10.00     31.00      0.00
  1.4000   0.1000       14.8782    0.1635      7.00     12.00     19.00    134.00      0.00       4.6026    0.0910      1.00      2.00      5.00     82.00      0.00       7.2182    0.0575      4.00      7.00      9.00     30.00      0.00
  1.4000   0.0800       20.7210    0.2472      9.00     16.00     26.00    185.00      0.00       8.6024    0.1620      2.00      4.00     11.00    119.00      0.00       6.9862    0.0588      4.00      6.00      9.00     32.00      0.00
  1.4000   0.0600       32.0370    0.3974     12.00     23.00     43.00    253.00      0.00      17.2152    0.2849      3.00     10.00     25.00    191.00      0.00       6.4588    0.0597      4.00      6.00      9.00     31.00      0.00
  1.4000   0.0400       57.1358    0.7790     19.00     40.00     78.00    469.00      0.00      37.8884    0.5932      8.00     24.00     52.00    414.00      0.00       5.5816    0.0634      2.00      5.00      8.00     29.00      0.00
  1.4000   0.0200      121.3090    1.6980     37.00     85.00    166.00   1144.00      0.00      95.7580    1.3777     26.00     66.00    133.00    889.00      0.00       3.2374    0.0600      0.00      1.00      6.00     28.00      0.00
  1.2000   0.2000        9.4784    0.0748      6.00      9.00     12.00     47.00      0.00       1.2444    0.0082      1.00      1.00      1.00     13.00      0.00      13.3148    0.1098      8.00     12.00     18.00     53.00      0.00
  1.2000   0.1800       10.3900    0.0855      6.00      9.00     13.00     61.00      0.00       1.3982    0.0142      1.00      1.00      2.00     32.00      0.00      12.3930    0.1043      7.00     11.00     16.00     63.00      0.00
  1.2000   0.1600       11.6988    0.0984      7.00     10.00     15.00     68.00      0.00       1.5876    0.0176      1.00      1.00      2.00     30.00      0.00      11.5208    0.0968      6.00     10.00     15.00     54.00      0.00
  1.2000   0.1400       13.3220    0.1202      7.00     12.00     17.00    124.00      0.00       2.0426    0.0326      1.00      1.00      2.00     51.00      0.00      10.6664    0.0937      6.00      9.00     14.00     69.00      0.00
  1.2000   0.1200       15.2418    0.1429      8.00     13.00     20.00     96.00      0.00       2.7482    0.0515      1.00      2.00      3.00     66.00      0.00       9.8780    0.0827      6.00      9.00     13.00     41.00      0.00
  1.2000   0.1000       19.0822    0.2006     10.00     16.00     24.00    150.00      0.00       4.4896    0.0862      1.00      2.00      5.00     72.00      0.00       9.5288    0.0792      6.00      9.00     13.00     48.00      0.00
  1.2000   0.0800       25.5664    0.2925     12.00     20.00     33.00    256.00      0.00       8.4106    0.1570      2.00      4.00     10.00    113.00      0.00       9.1416    0.0821      5.00      8.00     12.00     41.00      0.00
  1.2000   0.0600       38.9736    0.4974     15.00     28.00     52.00    394.00      0.00      16.8422    0.2795      3.00      9.00     23.00    152.00      0.00       8.4126    0.0840      4.00      8.00     12.00     39.00      0.00
  1.2000   0.0400       66.6844    0.9113     22.00     47.00     91.00    568.00      0.00      36.8768    0.5746      8.00     24.00     53.00    561.00      0.00       6.9734    0.0867      1.00      6.00     10.00     52.00      0.00
  1.2000   0.0200      132.5028    1.8689     39.00     91.00    185.00    938.00      0.00      97.3714    1.4380     25.00     66.00    135.00    931.00      0.00       3.7188    0.0778      0.00      1.00      6.00     37.00      0.00
  1.0000   0.2000       12.8934    0.1071      7.00     12.00     17.00     66.00      0.00       1.2600    0.0097      1.00      1.00      1.00     15.00      0.00      18.3288    0.1627     10.00     16.00     24.00     89.00      0.00
  1.0000   0.1800       14.2410    0.1224      8.00     13.00     18.00     69.00      0.00       1.3878    0.0123      1.00      1.00      2.00     24.00      0.00      17.2378    0.1540      9.00     15.00     23.00     83.00      0.00
  1.0000   0.1600       16.1396    0.1452      9.00     14.00     21.00     98.00      0.00       1.6106    0.0193      1.00      1.00      2.00     26.00      0.00      16.1448    0.1514      8.00     14.00     22.00    123.00      0.00
  1.0000   0.1400       18.4428    0.1683     10.00     16.00     24.00    138.00      0.00       2.0020    0.0339      1.00      1.00      2.00     74.00      0.00      15.0774    0.1361      8.00     13.00     20.00    102.00      0.00
  1.0000   0.1200       21.4984    0.2115     11.00     18.00     28.00    158.00      0.00       2.7268    0.0488      1.00      2.00      3.00     62.00      0.00      13.9980    0.1319      7.00     12.00     19.00     92.00      0.00
  1.0000   0.1000       25.9736    0.2693     13.00     22.00     34.00    203.00      0.00       4.3908    0.0857      1.00      2.00      5.00     90.00      0.00      13.4098    0.1248      7.00     12.00     18.00     78.00      0.00
  1.0000   0.0800       33.4294    0.3773     15.00     26.00     44.00    275.00      0.00       8.5322    0.1617      2.00      4.00     11.00    143.00      0.00      12.3834    0.1235      6.00     11.00     17.00     64.00      0.00
  1.0000   0.0600       50.1214    0.6008     21.00     38.00     68.00    350.00      0.00      17.7212    0.3015      3.00     10.00     24.00    208.00      0.00      11.6966    0.1277      5.00     10.00     16.00     67.00      0.00
  1.0000   0.0400       81.7852    1.0747     29.00     59.00    111.00    640.00      0.00      37.4822    0.5725      8.00     24.00     53.00    425.00      0.00       9.3496    0.1262      2.00      8.00     14.00     65.00      0.00
  1.0000   0.0200      143.1086    1.9302     46.00    103.00    198.00   1213.00      0.00      95.7758    1.3610     27.00     67.00    133.00    970.00      0.00       4.6028    0.1052      0.00      1.00      7.00     55.00      0.00
  0.8000   0.2000       19.8616    0.1860     11.00     17.00     26.00    138.00      0.00       1.2560    0.0084      1.00      1.00      1.00     13.00      0.00      28.0332    0.2741     14.00     24.00     37.00    152.00      0.00
  0.8000   0.1800       22.1594    0.2184     12.00     19.00     29.00    157.00      0.00       1.3768    0.0131      1.00      1.00      2.00     21.00      0.00      26.3700    0.2677     13.00     22.00     35.00    154.00      0.00
  0.8000   0.1600       24.5946    0.2394     13.00     21.00     32.00    156.00      0.00       1.6118    0.0196      1.00      1.00      2.00     26.00      0.00      24.6538    0.2494     12.00     21.00     33.00    139.00      0.00
  0.8000   0.1400       28.2304    0.2810     14.00     24.00     37.00    178.00      0.00       1.9602    0.0294      1.00      1.00      2.00     39.00      0.00      23.1460    0.2392     11.00     19.00     31.00    153.00      0.00
  0.8000   0.1200       33.3370    0.3459     16.00     28.00     44.00    283.00      0.00       2.8026    0.0538      1.00      2.00      3.00     55.00      0.00      21.5748    0.2243     10.00     18.00     29.00    129.00      0.00
  0.8000   0.1000       39.4712    0.4442     18.00     31.00     52.00    262.00      0.00       4.5290    0.0957      1.00      2.00      5.00    112.00      0.00      20.0918    0.2247      9.00     16.00     27.00    117.00      0.00
  0.8000   0.0800       48.9746    0.5718     21.00     39.00     64.00    438.00      0.00       8.1698    0.1545      2.00      4.00     10.00    211.00      0.00      18.6862    0.2138      8.00     15.00     26.00    133.00      0.00
  0.8000   0.0600       68.7318    0.8563     27.00     52.00     93.00    519.00      0.00      16.5858    0.2811      3.00      9.00     23.00    185.00      0.00      16.9114    0.2131      6.00     14.00     24.00    137.00      0.00
  0.8000   0.0400      103.3224    1.3459     36.00     75.00    142.00    714.00      0.00      37.8056    0.5910      8.00     24.00     53.00    432.00      0.00      12.6366    0.2008      1.00      8.00     19.00    105.00      0.00
  0.8000   0.0200      162.7194    2.2085     51.00    116.00    224.00   1210.00      0.00      96.3416    1.3655     26.00     68.00    137.00    987.00      0.00       5.2924    0.1422      0.00      1.00      6.00     78.00      0.00
  0.6000   0.2000       36.6332    0.4117     16.00     30.00     49.00    284.00      0.00       1.2446    0.0084      1.00      1.00      1.00     11.00      0.00      49.7290    0.5638     21.00     40.00     68.00    345.00      0.00
  0.6000   0.1800       40.3584    0.4667     18.00     32.00     53.00    385.00      0.00       1.3958    0.0151      1.00      1.00      2.00     37.00      0.00      46.6640    0.5498     19.00     37.00     62.00    347.00      0.00
  0.6000   0.1600       46.3166    0.5363     20.00     36.00     61.00    345.00      0.00       1.6206    0.0198      1.00      1.00      2.00     24.00      0.00      44.6888    0.5341     18.00     34.00     60.00    278.00      0.00
  0.6000   0.1400       52.4056    0.6309     21.00     41.00     70.00    373.00      0.00       2.0156    0.0311      1.00      1.00      2.00     40.00      0.00      40.6272    0.5013     16.00     31.00     54.00    341.00      0.00
  0.6000   0.1200       61.5660    0.7588     24.00     47.00     83.00    525.00      0.00       2.7426    0.0526      1.00      2.00      3.00     59.00      0.00      37.8056    0.4808     14.00     29.00     52.00    329.00      0.00
  0.6000   0.1000       72.1328    0.9058     28.00     54.00     96.00    666.00      0.00       4.5498    0.0891      1.00      2.00      5.00     86.00      0.00      33.9972    0.4410     12.00     25.00     46.00    293.00      0.00
  0.6000   0.0800       86.7826    1.0931     32.00     65.00    119.00    743.00      0.00       8.3374    0.1571      2.00      4.00     10.00    111.00      0.00      30.3912    0.4164      9.00     22.00     42.00    269.00      0.00
  0.6000   0.0600      111.4366    1.4322     40.00     83.00    154.00   1091.00      0.00      17.0818    0.2917      3.00     10.00     23.00    177.00      0.00      24.8720    0.3697      5.00     17.00     37.00    250.00      0.00
  0.6000   0.0400      144.5146    2.0400     47.00    102.00    196.00   1352.00      0.00      36.8600    0.5750      8.00     24.00     51.00    426.00      0.00      16.3490    0.3021      1.00      8.00     23.00    167.00      0.00
  0.6000   0.0200      181.6074    2.5854     51.00    123.00    252.00   1501.00      0.00      96.2516    1.4062     26.00     65.00    136.00    889.00      0.00       5.0744    0.1548      0.00      1.00      4.00    112.00      0.00
  0.4000   0.2000       85.9168    1.1558     29.00     62.00    116.00    667.00      0.00       1.2400    0.0088      1.00      1.00      1.00     15.00      0.00     106.0392    1.4409     34.00     76.00    145.00    970.00      0.00
  0.4000   0.1800       93.9260    1.2792     32.00     69.00    128.00   1238.00      0.00       1.3858    0.0121      1.00      1.00      2.00     16.00      0.00      97.3626    1.3243     32.00     70.00    135.00    866.00      0.00
  0.4000   0.1600      104.3936    1.3895     34.00     75.00    142.00    720.00      0.00       1.5994    0.0183      1.00      1.00      2.00     26.00      0.00      88.1598    1.1857     28.00     64.00    122.00    656.00      0.00
  0.4000   0.1400      112.1104    1.5160     36.00     82.00    152.00    956.00      0.00       1.9902    0.0285      1.00      1.00      2.00     28.00      0.00      76.0936    1.0454     23.00     54.00    105.00    636.00      0.00
  0.4000   0.1200      128.5896    1.8101     40.00     90.00    176.00   1343.00      0.00       2.7112    0.0499      1.00      2.00      3.00     70.00      0.00      66.2064    0.9358     20.00     46.00     91.00    627.00      0.00
  0.4000   0.1000      140.4760    1.9576     42.00     98.00    195.00   1174.00      0.00       4.7988    0.1001      1.00      2.00      5.00    140.00      0.00      53.8542    0.7718     15.00     37.00     76.00    476.00      0.00
  0.4000   0.0800      150.9922    2.0809     46.00    106.00    209.00   1367.00      0.00       8.3006    0.1548      2.00      4.00     10.00    131.00      0.00      40.4236    0.6116     10.00     27.00     57.00    397.00      0.00
  0.4000   0.0600      174.2206    2.4922     51.00    120.00    237.00   1873.00      0.00      17.0800    0.2920      3.00     10.00     23.00    205.00      0.00      28.2218    0.4665      5.00     17.00     40.00    314.00      0.00
  0.4000   0.0400      182.3006    2.5716     54.00    127.00    253.00   1682.00      0.00      37.4456    0.5605      9.00     25.00     53.00    397.00      0.00      14.5218    0.2901      1.00      6.00     19.00    201.00      0.00
  0.4000   0.0200      199.4190    2.8132     59.00    141.00    279.00   2000.00      0.00      94.9582    1.3697     25.00     64.00    135.00    753.00      0.00       3.9542    0.1254      0.00      1.00      3.00    105.00      0.00
  0.2000   0.2000      171.4468    2.4362     49.00    119.00    238.00   1617.00      0.00       1.2534    0.0095      1.00      1.00      1.00     20.00      0.00     190.3598    2.8099     51.00    126.00    265.00   2069.00      0.00
  0.2000   0.1800      171.3932    2.4446     50.00    118.00    235.00   1538.00      0.00       1.3634    0.0113      1.00      1.00      2.00     13.00      0.00     156.9206    2.3264     43.00    105.00    216.00   1444.00      0.00
  0.2000   0.1600      186.0578    2.6318     53.00    131.00    257.00   1518.00      0.00       1.6174    0.0207      1.00      1.00      2.00     34.00      0.00     137.9910    2.0235     38.00     95.00    190.00   1160.00      0.00
  0.2000   0.1400      184.7222    2.6008     53.00    127.00    261.00   1510.00      0.00       1.9706    0.0290      1.00      1.00      2.00     40.00      0.00     106.8346    1.5561     29.00     72.00    147.00   1047.00      0.00
  0.2000   0.1200      189.0722    2.6918     55.00    130.00    261.00   1758.00      0.00       2.8690    0.0566      1.00      2.00      3.00     68.00      0.00      82.1564    1.2184     22.00     55.00    113.00    855.00      0.00
  0.2000   0.1000      194.8478    2.7452     57.00    137.00    269.00   1913.00      0.00       4.6184    0.0915      1.00      2.00      5.00     93.00      0.00      60.6742    0.8907     16.00     41.00     85.00    493.00      0.00
  0.2000   0.0800      199.2910    2.8848     55.00    134.00    273.00   1609.00      0.00       8.4718    0.1590      2.00      4.00     11.00    119.00      0.00      41.4796    0.6459      9.00     27.00     57.00    376.00      0.00
  0.2000   0.0600      200.0632    2.7624     58.00    140.00    276.00   1318.00      0.00      16.9254    0.2824      3.00     10.00     23.00    192.00      0.00      23.9714    0.3767      5.00     15.00     34.00    235.00      0.00
  0.2000   0.0400      205.2230    2.8929     59.00    142.00    280.00   1880.00      0.00      38.3162    0.5917      8.00     25.00     54.00    352.00      0.00      11.3942    0.2089      1.00      6.00     16.00    110.00      0.00
  0.2000   0.0200      203.7924    2.8707     58.00    138.00    285.00   1809.00      0.00      97.7116    1.4087     27.00     66.00    136.00    815.00      0.00       2.7990    0.0764      0.00      1.00      3.00     53.00      0.00
