Amp Radius  OC_Mean OC_Std OC_Q1 OC_Med OC_Q3 OC_Max OC_Min  Exp_Mean Exp_Std Exp_Q1 Exp_Med Exp_Q3 Exp_Max Exp_Min  Num_Mean Num_Std Num_Q1 Num_Med Num_Q3 Num_Max Num_Min
  2.0000   0.2000        6.8068    0.0538      4.00      6.00      9.00     28.00      0.00       1.3566    0.0094      1.00      1.00      2.00      7.00      0.00       8.2924    0.0675      5.00      8.00     11.00     32.00      0.00
  2.0000   0.1800        7.4166    0.0599      4.00      7.00     10.00     31.00      0.00       1.4802    0.0111      1.00      1.00      2.00      7.00      0.00       7.6668    0.0627      4.00      7.00     10.00     30.00      0.00
  2.0000   0.1600        8.2948    0.0663      5.00      8.00     11.00     41.00      0.00       1.6626    0.0133      1.00      1.00      2.00      7.00      0.00       7.1244    0.0582      4.00      7.00      9.00     27.00      0.00
  2.0000   0.1400        9.3012    0.0775      5.00      9.00     12.00     50.00      0.00       1.9066    0.0162      1.00      2.00      2.00     11.00      0.00       6.4272    0.0536      4.00      6.00      8.00     25.00      0.00
  2.0000   0.1200       10.8918    0.0910      6.00     10.00     14.00     52.00      0.00       2.3102    0.0207      1.00      2.00      3.00     12.00      0.00       5.9152    0.0501      3.00      5.00      8.00     24.00      0.00
  2.0000   0.1000       13.1400    0.1146      7.00     12.00     17.00     71.00      0.00       2.8784    0.0266      1.00      2.00      4.00     18.00      0.00       5.2886    0.0444      3.00      5.00      7.00     23.00      0.00
  2.0000   0.0800       16.2686    0.1508      9.00     14.00     21.00    108.00      0.00       3.9532    0.0411      2.00      3.00      5.00     56.00      0.00       4.6236    0.0397      3.00      4.00      6.00     24.00      0.00
  2.0000   0.0600       22.8372    0.2273     12.00     19.00     30.00    178.00      0.00       6.4190    0.0747      3.00      5.00      9.00     71.00      0.00       4.1044    0.0359      2.00      4.00      5.00     21.00      0.00
  2.0000   0.0400       38.0592    0.4414     16.00     30.00     51.00    289.00      0.00      15.8704    0.2312      5.00     11.00     21.00    149.00      0.00       3.6386    0.0338      2.00      3.00      5.00     17.00      0.00
  2.0000   0.0200       91.0062    1.2276     30.00     65.00    124.00    708.00      0.00      61.1866    0.8883     17.00     42.00     84.00    596.00      0.00       2.3360    0.0335      0.00      2.00      4.00     17.00      0.00
  1.8000   0.2000        8.3160    0.0682      5.00      8.00     11.00     40.00      0.00       1.3630    0.0097      1.00      1.00      2.00      6.00      0.00      10.0924    0.0844      6.00      9.00     13.00     41.00      0.00
  1.8000   0.1800        9.2588    0.0779      5.00      8.00     12.00     46.00      0.00       1.4968    0.0112      1.00      1.00      2.00      7.00      0.00       9.4994    0.0804      5.00      9.00     13.00     46.00      0.00
  1.8000   0.1600       10.0578    0.0832      6.00      9.00     13.00     43.00      0.00       1.6740    0.0136      1.00      1.00      2.00      8.00      0.00       8.5664    0.0722      5.00      8.00     11.00     47.00      0.00
  1.8000   0.1400       11.5954    0.0971      7.00     11.00     16.00     67.00      0.00       1.9210    0.0163      1.00      2.00      2.00     14.00      0.00       7.9668    0.0681      4.00      7.00     11.00     42.00      0.00
  1.8000   0.1200       13.5212    0.1175      8.00     12.00     18.00     71.00      0.00       2.2964    0.0201      1.00      2.00      3.00     12.00      0.00       7.2294    0.0616      4.00      6.00     10.00     30.00      0.00
  1.8000   0.1000       16.2058    0.1469      9.00     14.00     21.00     84.00      0.00       2.8392    0.0259      1.00      2.00      4.00     14.00      0.00       6.5124    0.0569      4.00      6.00      9.00     31.00      0.00
  1.8000   0.0800       20.5018    0.1998     11.00     17.00     27.00    127.00      0.00       3.8990    0.0396      2.00      3.00      5.00     32.00      0.00       5.7320    0.0521      3.00      5.00      8.00     30.00      0.00
  1.8000   0.0600       27.5874    0.2857     13.00     23.00     37.00    201.00      0.00       6.1932    0.0718      3.00      5.00      8.00     69.00      0.00       4.8686    0.0453      3.00      4.00      6.00     27.00      0.00
  1.8000   0.0400       46.9882    0.5528     20.00     36.00     63.00    367.00      0.00      16.1182    0.2363      5.00     11.00     22.00    192.00      0.00       4.3178    0.0439      2.00      4.00      6.00     24.00      0.00
  1.8000   0.0200      104.3658    1.3770     35.00     77.00    142.00    998.00      0.00      61.5590    0.8635     17.00     42.00     87.00    485.00      0.00       2.6464    0.0407      0.00      2.00      4.00     19.00      0.00
  1.6000   0.2000       10.5692    0.0921      6.00      9.00     14.00     51.00      0.00       1.3590    0.0094      1.00      1.00      2.00      6.00      0.00      12.7464    0.1096      7.00     11.00     17.00     65.00      0.00
  1.6000   0.1800       11.8398    0.1013      7.00     11.00     16.00     66.00      0.00       1.4920    0.0112      1.00      1.00      2.00      9.00      0.00      12.1838    0.1047      7.00     11.00     16.00     58.00      0.00
  1.6000   0.1600       13.2980    0.1142      8.00     12.00     17.00     68.00      0.00       1.6638    0.0132      1.00      1.00      2.00      9.00      0.00      11.2208    0.0979      6.00     10.00     15.00     62.00      0.00
  1.6000   0.1400       14.7656    0.1309      8.00     13.00     20.00     86.00      0.00       1.9448    0.0166      1.00      2.00      3.00     10.00      0.00      10.0478    0.0878      6.00      9.00     14.00     49.00      0.00
  1.6000   0.1200       17.6224    0.1660      9.00     15.00     23.00     99.00      0.00       2.2980    0.0201      1.00      2.00      3.00     11.00      0.00       9.3514    0.0860      5.00      8.00     12.00     47.00      0.00
  1.6000   0.1000       20.6920    0.1947     11.00     18.00     27.00    131.00      0.00       2.8058    0.0263      1.00      2.00      4.00     16.00      0.00       8.1972    0.0754      4.00      7.00     11.00     44.00      0.00
  1.6000   0.0800       26.5694    0.2780     13.00     22.00     35.00    173.00      0.00       3.7958    0.0373      2.00      3.00      5.00     27.00      0.00       7.2436    0.0719      4.00      6.00     10.00     42.00      0.00
  1.6000   0.0600       36.2816    0.3971     17.00     30.00     48.00    271.00      0.00       6.2356    0.0717      3.00      5.00      8.00     65.00      0.00       6.1884    0.0622      3.00      5.00      8.00     46.00      0.00
  1.6000   0.0400       58.5052    0.7215     23.00     44.00     80.00    480.00      0.00      15.5040    0.2287      5.00     11.00     20.00    193.00      0.00       5.2440    0.0582      2.00      4.00      7.00     31.00      0.00
  1.6000   0.0200      119.0990    1.6554     37.00     84.00    163.00   1104.00      0.00      61.5624    0.9010     16.00     42.00     86.00    794.00      0.00       3.0044    0.0491      0.00      2.00      5.00     30.00      0.00
  1.4000   0.2000       14.0640    0.1240      8.00     13.00     19.00    112.00      0.00       1.3678    0.0094      1.00      1.00      2.00      7.00      0.00      16.9964    0.1531      9.00     15.00     23.00     83.00      0.00
  1.4000   0.1800       15.4244    0.1371      8.00     14.00     20.00     94.00      0.00       1.4922    0.0111      1.00      1.00      2.00      6.00      0.00      15.7014    0.1423      8.00     14.00     21.00     91.00      0.00
  1.4000   0.1600       17.5904    0.1621      9.00     15.00     24.00     89.00      0.00       1.6724    0.0134      1.00      1.00      2.00      7.00      0.00      14.7602    0.1351      8.00     13.00     20.00     66.00      0.00
  1.4000   0.1400       20.2140    0.1978     11.00     17.00     27.00    125.00      0.00       1.8974    0.0157      1.00      2.00      2.00      8.00      0.00      13.5130    0.1285      7.00     12.00     18.00     80.00      0.00
  1.4000   0.1200       23.3230    0.2377     12.00     20.00     31.00    192.00      0.00       2.2850    0.0200      1.00      2.00      3.00     11.00      0.00      12.0660    0.1188      6.00     10.00     16.00     64.00      0.00
  1.4000   0.1000       28.1122    0.2881     14.00     23.00     37.00    192.00      0.00       2.8658    0.0259      1.00      2.00      4.00     19.00      0.00      10.8494    0.1099      5.00      9.00     15.00     66.00      0.00
  1.4000   0.0800       36.9714    0.4198     16.00     29.00     49.00    287.00      0.00       3.8918    0.0393      2.00      3.00      5.00     31.00      0.00       9.7550    0.1045      4.00      8.00     13.00     57.00      0.00
  1.4000   0.0600       50.7074    0.5786     22.00     40.00     68.00    353.00      0.00       6.3170    0.0759      3.00      5.00      8.00     73.00      0.00       8.1618    0.0890      4.00      7.00     11.00     59.00      0.00
  1.4000   0.0400       77.4020    1.0102     28.00     57.00    103.00    582.00      0.00      15.2890    0.2187      5.00     10.00     21.00    151.00      0.00       6.5098    0.0816      2.00      5.00      9.00     42.00      0.00
  1.4000   0.0200      135.2330    1.8320     42.00     97.00    187.00   1068.00      0.00      62.1446    0.9147     16.00     42.00     85.00    569.00      0.00       3.3010    0.0574      0.00      2.00      5.00     34.00      0.00
  1.2000   0.2000       19.7198    0.1942     10.00     17.00     26.00    127.00      0.00       1.3776    0.0097      1.00      1.00      2.00      6.00      0.00      23.3970    0.2305     12.00     20.00     31.00    136.00      0.00
  1.2000   0.1800       22.3522    0.2182     12.00     19.00     29.00    123.00      0.00       1.4974    0.0113      1.00      1.00      2.00      6.00      0.00      22.4354    0.2207     11.00     19.00     30.00    130.00      0.00
  1.2000   0.1600       24.6314    0.2508     12.00     21.00     33.00    167.00      0.00       1.6878    0.0140      1.00      1.00      2.00     13.00      0.00      20.1652    0.2019     10.00     17.00     27.00    122.00      0.00
  1.2000   0.1400       29.0714    0.3074     14.00     24.00     39.00    220.00      0.00       1.8844    0.0159      1.00      2.00      2.00     12.00      0.00      19.0540    0.1982      9.00     16.00     25.00    129.00      0.00
  1.2000   0.1200       34.8126    0.3794     16.00     28.00     46.00    207.00      0.00       2.2984    0.0207      1.00      2.00      3.00     14.00      0.00      17.4420    0.1863      8.00     14.00     23.00    111.00      0.00
  1.2000   0.1000       42.4438    0.4931     18.00     33.00     57.00    344.00      0.00       2.8018    0.0262      1.00      2.00      4.00     18.00      0.00      15.5894    0.1772      7.00     13.00     21.00    133.00      0.00
  1.2000   0.0800       53.9492    0.6630     22.00     41.00     72.00    535.00      0.00       3.9274    0.0412      2.00      3.00      5.00     59.00      0.00      13.5040    0.1611      6.00     11.00     18.00    114.00      0.00
  1.2000   0.0600       74.2798    0.9283     27.00     56.00    100.00    605.00      0.00       6.2980    0.0757      3.00      5.00      8.00     74.00      0.00      11.0422    0.1341      4.00      9.00     15.00     78.00      0.00
  1.2000   0.0400      106.7104    1.4479     35.00     74.00    145.00    742.00      0.00      15.4380    0.2212      5.00     11.00     20.00    217.00      0.00       8.1194    0.1103      3.00      6.00     11.00     61.00      0.00
  1.2000   0.0200      156.3428    2.1979     48.00    107.00    217.00   1380.00      0.00      60.5122    0.8729     17.00     42.00     82.00    693.00      0.00       3.3826    0.0616      0.00      2.00      5.00     37.00      0.00
  1.0000   0.2000       30.3466    0.3318     14.00     25.00     41.00    232.00      0.00       1.3530    0.0094      1.00      1.00      2.00      6.00      0.00      35.1824    0.3760     16.00     29.00     48.00    220.00      0.00
  1.0000   0.1800       34.9768    0.4023     16.00     28.00     47.00    315.00      0.00       1.4660    0.0109      1.00      1.00      2.00     10.00      0.00      34.0436    0.3773     15.00     28.00     46.00    306.00      0.00
  1.0000   0.1600       39.3130    0.4532     17.00     31.00     52.00    274.00      0.00       1.6550    0.0134      1.00      1.00      2.00     10.00      0.00      31.4236    0.3604     13.00     25.00     42.00    192.00      0.00
  1.0000   0.1400       45.2772    0.5373     18.00     35.00     61.00    312.00      0.00       1.9080    0.0162      1.00      2.00      2.00      9.00      0.00      28.7240    0.3373     12.00     23.00     39.00    238.00      0.00
  1.0000   0.1200       55.5870    0.6990     23.00     42.00     74.00    490.00      0.00       2.2798    0.0200      1.00      2.00      3.00     12.00      0.00      26.5398    0.3198     11.00     21.00     36.00    252.00      0.00
  1.0000   0.1000       66.6978    0.8567     24.00     50.00     90.00    568.00      0.00       2.8448    0.0261      1.00      2.00      4.00     14.00      0.00      23.0284    0.2911      9.00     17.00     31.00    199.00      0.00
  1.0000   0.0800       83.9864    1.0831     30.00     61.00    116.00    791.00      0.00       3.8462    0.0385      2.00      3.00      5.00     34.00      0.00      19.4890    0.2505      7.00     15.00     27.00    145.00      0.00
  1.0000   0.0600      105.7264    1.4123     35.00     76.00    144.00    774.00      0.00       6.3696    0.0768      3.00      5.00      8.00     74.00      0.00      14.4016    0.1878      5.00     11.00     20.00     99.00      0.00
  1.0000   0.0400      137.6612    1.9200     42.00     96.00    191.00   1042.00      0.00      15.5468    0.2298      5.00     10.00     20.00    164.00      0.00       9.3356    0.1322      3.00      7.00     13.00     69.00      0.00
  1.0000   0.0200      175.9080    2.4774     52.00    123.00    243.00   2000.00      0.00      61.5090    0.9293     16.00     40.00     84.00    684.00      0.00       3.3294    0.0631      0.00      2.00      5.00     36.00      0.00
  0.8000   0.2000       53.6268    0.6787     20.00     41.00     71.00    441.00      0.00       1.3716    0.0097      1.00      1.00      2.00      6.00      0.00      59.8230    0.7330     22.00     46.00     81.00    441.00      0.00
  0.8000   0.1800       59.9042    0.7825     22.00     43.00     81.00    547.00      0.00       1.4954    0.0111      1.00      1.00      2.00      6.00      0.00      55.8196    0.7079     21.00     41.00     76.00    386.00      0.00
  0.8000   0.1600       68.4292    0.9200     25.00     48.00     92.00    721.00      0.00       1.6584    0.0132      1.00      1.00      2.00      8.00      0.00      51.8180    0.6752     19.00     37.00     71.00    442.00      0.00
  0.8000   0.1400       76.5600    1.0447     25.00     54.00    105.00    714.00      0.00       1.9452    0.0164      1.00      2.00      3.00     10.00      0.00      45.7128    0.6190     15.00     33.00     62.00    485.00      0.00
  0.8000   0.1200       91.1720    1.2186     30.00     65.00    124.00    852.00      0.00       2.2852    0.0200      1.00      2.00      3.00     11.00      0.00      41.4664    0.5594     14.00     30.00     57.00    391.00      0.00
  0.8000   0.1000      106.2792    1.4923     32.00     73.00    145.00    899.00      0.00       2.8322    0.0268      1.00      2.00      4.00     31.00      0.00      34.8368    0.4946     10.00     24.00     47.00    322.00      0.00
  0.8000   0.0800      119.8632    1.6444     38.00     84.00    164.00   1014.00      0.00       3.8300    0.0388      2.00      3.00      5.00     42.00      0.00      25.9218    0.3581      8.00     18.00     36.00    230.00      0.00
  0.8000   0.0600      145.2376    2.0197     45.00    101.00    199.00   1242.00      0.00       6.3506    0.0752      3.00      5.00      8.00     61.00      0.00      18.1700    0.2545      6.00     13.00     25.00    188.00      0.00
  0.8000   0.0400      169.5682    2.3649     48.00    119.00    239.00   1424.00      0.00      15.5376    0.2248      5.00     10.00     21.00    180.00      0.00      10.1774    0.1494      3.00      7.00     14.00     98.00      0.00
  0.8000   0.0200      183.6644    2.5376     54.00    132.00    254.00   2000.00      0.00      61.9614    0.9048     17.00     42.00     85.00    586.00      0.00       2.9954    0.0563      0.00      2.00      4.00     40.00      0.00
  0.6000   0.2000       96.7420    1.3686     30.00     68.00    132.00    992.00      0.00       1.3830    0.0099      1.00      1.00      2.00      8.00      0.00     104.0968    1.4502     33.00     74.00    142.00   1227.00      0.00
  0.6000   0.1800      103.7800    1.4440     32.00     72.00    140.00   1040.00      0.00       1.5024    0.0111      1.00      1.00      2.00      6.00      0.00      94.4636    1.3340     30.00     65.00    127.00   1137.00      0.00
  0.6000   0.1600      113.0006    1.5675     35.00     80.00    157.00    923.00      0.00       1.6896    0.0137      1.00      1.00      2.00      9.00      0.00      81.4976    1.1089     25.00     58.00    113.00    648.00      0.00
  0.6000   0.1400      127.2472    1.7604     39.00     88.00    178.00   1428.00      0.00       1.9276    0.0161      1.00      2.00      3.00     11.00      0.00      72.6782    1.0039     22.00     50.00    101.00    542.00      0.00
  0.6000   0.1200      135.9684    1.8942     41.00     96.00    186.00   1080.00      0.00       2.2728    0.0200      1.00      2.00      3.00     14.00      0.00      58.8676    0.8328     17.00     41.00     81.00    515.00      0.00
  0.6000   0.1000      152.1284    2.1723     45.00    104.00    210.00   1549.00      0.00       2.8558    0.0264      1.00      2.00      4.00     21.00      0.00      46.4904    0.6713     14.00     32.00     65.00    465.00      0.00
  0.6000   0.0800      161.1296    2.2443     47.00    112.00    227.00   1177.00      0.00       3.9188    0.0394      2.00      3.00      5.00     33.00      0.00      32.5172    0.4601      9.00     23.00     46.00    237.00      0.00
  0.6000   0.0600      173.9678    2.4560     50.00    120.00    238.00   1726.00      0.00       6.1760    0.0722      3.00      5.00      8.00     72.00      0.00      20.3734    0.2929      6.00     14.00     28.00    210.00      0.00
  0.6000   0.0400      187.4586    2.6655     54.00    129.00    259.00   1899.00      0.00      15.5876    0.2283      5.00     11.00     20.00    258.00      0.00      10.2040    0.1526      3.00      7.00     14.00    103.00      0.00
  0.6000   0.0200      193.4030    2.7603     55.00    132.00    267.00   1756.00      0.00      60.8438    0.9081     16.00     41.00     82.00    609.00      0.00       2.7932    0.0506      0.00      2.00      4.00     28.00      0.00
  0.4000   0.2000      146.4412    2.0268     44.00    103.00    202.00   1348.00      0.00       1.3792    0.0097      1.00      1.00      2.00      6.00      0.00     156.2984    2.2359     46.00    108.00    213.00   1627.00      0.00
  0.4000   0.1800      152.7658    2.1105     47.00    109.00    208.00   1197.00      0.00       1.4858    0.0109      1.00      1.00      2.00      6.00      0.00     134.7392    1.9195     39.00     94.00    187.00   1257.00      0.00
  0.4000   0.1600      163.0748    2.2630     48.00    114.00    229.00   1543.00      0.00       1.6752    0.0134      1.00      1.00      2.00      7.00      0.00     116.2312    1.6602     33.00     80.00    163.00   1247.00      0.00
  0.4000   0.1400      169.3530    2.4140     47.00    115.00    238.00   1410.00      0.00       1.8960    0.0160      1.00      2.00      2.00     10.00      0.00      94.4216    1.3899     25.00     62.00    132.00    877.00      0.00
  0.4000   0.1200      175.7134    2.4940     51.00    120.00    240.00   1552.00      0.00       2.2526    0.0202      1.00      2.00      3.00     14.00      0.00      73.3118    1.0561     21.00     49.00    101.00    606.00      0.00
  0.4000   0.1000      177.6696    2.5231     52.00    121.00    244.00   1682.00      0.00       2.8570    0.0271      1.00      2.00      4.00     17.00      0.00      52.3812    0.7623     15.00     35.00     72.00    531.00      0.00
  0.4000   0.0800      186.1840    2.6732     55.00    129.00    254.00   2000.00      0.00       3.9156    0.0391      2.00      3.00      5.00     29.00      0.00      35.9594    0.5262     10.00     25.00     49.00    380.00      0.00
  0.4000   0.0600      188.4270    2.6385     53.00    132.00    263.00   1439.00      0.00       6.1500    0.0724      3.00      5.00      8.00     78.00      0.00      20.9542    0.3001      6.00     15.00     29.00    168.00      0.00
  0.4000   0.0400      195.8116    2.7712     56.00    135.00    274.00   1664.00      0.00      15.8846    0.2287      5.00     11.00     21.00    161.00      0.00       9.9424    0.1470      2.00      7.00     14.00     85.00      0.00
  0.4000   0.0200      196.5300    2.7255     58.00    139.00    273.00   1566.00      0.00      60.4102    0.8479     17.00     41.00     85.00    457.00      0.00       2.6190    0.0461      0.00      1.00      4.00     32.00      0.00
  0.2000   0.2000      184.3428    2.6167     53.00    128.00    257.00   1509.00      0.00       1.3800    0.0098      1.00      1.00      2.00      6.00      0.00     194.8826    2.9197     52.00    130.00    266.00   1894.00      0.00
  0.2000   0.1800      183.4190    2.5689     53.00    128.00    255.00   1423.00      0.00       1.5000    0.0114      1.00      1.00      2.00      7.00      0.00     158.5438    2.3130     43.00    106.00    219.00   1402.00      0.00
  0.2000   0.1600      183.5790    2.6028     50.00    125.00    256.00   1381.00      0.00       1.6740    0.0135      1.00      1.00      2.00      8.00      0.00     128.6370    1.8798     34.00     86.00    180.00    994.00      0.00
  0.2000   0.1400      188.1590    2.6667     52.00    130.00    262.00   1795.00      0.00       1.9044    0.0156      1.00      2.00      2.00      8.00      0.00     102.6096    1.4859     28.00     70.00    144.00   1104.00      0.00
  0.2000   0.1200      193.8486    2.8614     54.00    130.00    265.00   1933.00      0.00       2.2966    0.0204      1.00      2.00      3.00     12.00      0.00      79.1644    1.2042     21.00     52.00    107.00    875.00      0.00
  0.2000   0.1000      188.5016    2.6622     55.00    132.00    263.00   1990.00      0.00       2.8618    0.0263      1.00      2.00      4.00     20.00      0.00      54.5894    0.7936     15.00     37.00     77.00    613.00      0.00
  0.2000   0.0800      187.2554    2.6387     56.00    132.00    258.00   1751.00      0.00       3.9152    0.0392      2.00      3.00      5.00     33.00      0.00      35.3108    0.5060     10.00     24.00     49.00    381.00      0.00
  0.2000   0.0600      190.2026    2.8170     53.00    127.00    258.00   1797.00      0.00       6.0872    0.0713      3.00      5.00      8.00     76.00      0.00      20.5978    0.3091      6.00     14.00     28.00    223.00      0.00
  0.2000   0.0400      196.9260    2.7673     57.00    136.00    273.00   1423.00      0.00      15.6696    0.2273      5.00     10.00     21.00    171.00      0.00       9.6850    0.1420      2.00      7.00     13.00     75.00      0.00
  0.2000   0.0200      194.6416    2.7294     55.00    137.00    268.00   1797.00      0.00      60.6416    0.8546     17.00     42.00     84.00    468.00      0.00       2.4426    0.0431      0.00      1.00      4.00     27.00      0.00
