Amp Radius  OC_Mean OC_Std OC_Q1 OC_Med OC_Q3 OC_Max OC_Min  Exp_Mean Exp_Std Exp_Q1 Exp_Med Exp_Q3 Exp_Max Exp_Min  Num_Mean Num_Std Num_Q1 Num_Med Num_Q3 Num_Max Num_Min
  2.0000   0.2000        4.2668    0.0294      3.00      4.00      5.00     18.00      0.00       1.3216    0.0088      1.00      1.00      2.00      7.00      0.00       6.7912    0.0529      4.00      6.00      9.00     25.00      0.00
  2.0000   0.1800        4.6148    0.0324      3.00      4.00      6.00     23.00      0.00       1.4428    0.0104      1.00      1.00      2.00      7.00      0.00       6.3568    0.0507      4.00      6.00      8.00     25.00      0.00
  2.0000   0.1600        5.1076    0.0368      3.00      5.00      7.00     26.00      0.00       1.6394    0.0145      1.00      1.00      2.00     23.00      0.00       5.9546    0.0481      3.00      5.00      8.00     25.00      0.00
  2.0000   0.1400        5.7432    0.0441      4.00      5.00      7.00     26.00      0.00       1.9066    0.0183      1.00      2.00      2.00     19.00      0.00       5.4546    0.0453      3.00      5.00      7.00     23.00      0.00
  2.0000   0.1200        6.6610    0.0581      4.00      6.00      8.00     54.00      0.00       2.3588    0.0315      1.00      2.00      3.00     52.00      0.00       5.1702    0.0458      3.00      4.00      7.00     21.00      0.00
  2.0000   0.1000        8.2084    0.0824      5.00      7.00     10.00    179.00      0.00       3.3420    0.0582      1.00      2.00      4.00    165.00      0.00       4.8282    0.0422      3.00      4.00      6.00     22.00      0.00
  2.0000   0.0800       11.1178    0.1285      6.00      9.00     14.00     99.00      0.00       5.6166    0.1001      2.00      3.00      6.00     99.00      0.00       4.5248    0.0403      3.00      4.00      6.00     18.00      0.00
  2.0000   0.0600       19.4812    0.2661      8.00     14.00     25.00    211.00      0.00      12.8904    0.2248      3.00      7.00     17.00    210.00      0.00       4.3204    0.0417      2.00      4.00      6.00     22.00      0.00
  2.0000   0.0400       42.3526    0.6025     12.00     29.00     58.00    527.00      0.00      33.8970    0.5321      7.00     22.00     48.00    527.00      0.00       3.6948    0.0418      2.00      3.00      5.00     17.00      0.00
  2.0000   0.0200      102.3186    1.4501     29.00     71.00    143.00    891.00      0.00      92.8166    1.3541     23.00     63.00    130.00    799.00      0.00       2.1242    0.0379      0.00      1.00      4.00     19.00      0.00
  1.8000   0.2000        4.9972    0.0345      3.00      5.00      6.00     20.00      0.00       1.3182    0.0090      1.00      1.00      2.00      8.00      0.00       8.0782    0.0626      5.00      7.00     11.00     30.00      0.00
  1.8000   0.1800        5.3964    0.0392      3.00      5.00      7.00     29.00      0.00       1.4580    0.0114      1.00      1.00      2.00     14.00      0.00       7.4666    0.0596      4.00      7.00     10.00     38.00      0.00
  1.8000   0.1600        5.9894    0.0437      4.00      6.00      8.00     30.00      0.00       1.6212    0.0131      1.00      1.00      2.00     12.00      0.00       7.0690    0.0567      4.00      6.00      9.00     25.00      0.00
  1.8000   0.1400        6.7610    0.0538      4.00      6.00      9.00     49.00      0.00       1.9318    0.0205      1.00      2.00      2.00     35.00      0.00       6.5248    0.0548      4.00      6.00      9.00     33.00      0.00
  1.8000   0.1200        7.8886    0.0681      5.00      7.00     10.00     97.00      0.00       2.4020    0.0309      1.00      2.00      3.00     79.00      0.00       6.0848    0.0517      3.00      5.00      8.00     24.00      0.00
  1.8000   0.1000        9.4840    0.0933      5.00      8.00     12.00    113.00      0.00       3.2584    0.0503      1.00      2.00      4.00     72.00      0.00       5.7050    0.0486      3.00      5.00      7.00     25.00      0.00
  1.8000   0.0800       12.8052    0.1456      6.00     10.00     16.00    124.00      0.00       5.5874    0.0992      2.00      3.00      6.00    115.00      0.00       5.4596    0.0479      3.00      5.00      7.00     24.00      0.00
  1.8000   0.0600       21.6858    0.2903      8.00     15.00     28.00    224.00      0.00      13.0024    0.2268      3.00      7.00     17.00    153.00      0.00       5.0200    0.0480      3.00      4.00      7.00     22.00      0.00
  1.8000   0.0400       43.4250    0.6004     13.00     30.00     59.00    433.00      0.00      32.4116    0.5141      6.00     20.00     45.00    429.00      0.00       4.3104    0.0486      2.00      4.00      6.00     21.00      0.00
  1.8000   0.0200      104.8006    1.4697     29.00     72.00    145.00    675.00      0.00      91.9966    1.3387     23.00     62.00    128.00    668.00      0.00       2.5522    0.0446      0.00      1.00      4.00     19.00      0.00
  1.6000   0.2000        5.9736    0.0421      4.00      6.00      8.00     39.00      0.00       1.3072    0.0089      1.00      1.00      2.00     13.00      0.00       9.7846    0.0742      6.00      9.00     13.00     38.00      0.00
  1.6000   0.1800        6.3936    0.0454      4.00      6.00      8.00     27.00      0.00       1.4460    0.0106      1.00      1.00      2.00     15.00      0.00       9.0172    0.0697      5.00      8.00     12.00     31.00      0.00
  1.6000   0.1600        7.1348    0.0541      4.00      7.00      9.00     34.00      0.00       1.6042    0.0132      1.00      1.00      2.00     12.00      0.00       8.6192    0.0692      5.00      8.00     12.00     33.00      0.00
  1.6000   0.1400        8.0148    0.0618      5.00      7.00     10.00     50.00      0.00       1.8868    0.0174      1.00      2.00      2.00     13.00      0.00       7.9806    0.0642      5.00      7.00     11.00     33.00      0.00
  1.6000   0.1200        9.3280    0.0793      6.00      8.00     12.00     55.00      0.00       2.4400    0.0319      1.00      2.00      3.00     36.00      0.00       7.3686    0.0616      4.00      6.00     10.00     29.00      0.00
  1.6000   0.1000       11.3864    0.1080      6.00     10.00     15.00     93.00      0.00       3.3594    0.0524      1.00      2.00      4.00     66.00      0.00       6.9648    0.0586      4.00      6.00      9.00     31.00      0.00
  1.6000   0.0800       14.9792    0.1657      8.00     12.00     19.00    151.00      0.00       5.6688    0.0999      2.00      3.00      6.00     82.00      0.00       6.4542    0.0564      4.00      6.00      9.00     25.00      0.00
  1.6000   0.0600       24.5532    0.3045     10.00     18.00     33.00    182.00      0.00      13.0110    0.2262      3.00      7.00     17.00    166.00      0.00       6.0550    0.0568      3.00      5.00      8.00     25.00      0.00
  1.6000   0.0400       47.8188    0.6525     16.00     33.00     65.00    430.00      0.00      32.6748    0.5065      7.00     21.00     46.00    392.00      0.00       5.2836    0.0599      2.00      5.00      8.00     24.00      0.00
  1.6000   0.0200      111.8200    1.6192     33.00     77.00    151.00   1108.00      0.00      92.5956    1.3689     25.00     62.00    128.00    865.00      0.00       2.9358    0.0535      0.00      1.00      5.00     31.00      0.00
  1.4000   0.2000        7.2958    0.0525      5.00      7.00      9.00     27.00      0.00       1.3248    0.0091      1.00      1.00      2.00     11.00      0.00      12.0940    0.0928      7.00     11.00     16.00     49.00      0.00
  1.4000   0.1800        7.8954    0.0588      5.00      7.00     10.00     37.00      0.00       1.4388    0.0109      1.00      1.00      2.00     14.00      0.00      11.1172    0.0881      6.00     10.00     15.00     44.00      0.00
  1.4000   0.1600        8.7688    0.0674      5.00      8.00     11.00     46.00      0.00       1.6334    0.0136      1.00      1.00      2.00     14.00      0.00      10.4666    0.0851      6.00      9.00     14.00     50.00      0.00
  1.4000   0.1400        9.8698    0.0812      6.00      9.00     12.00     57.00      0.00       1.9056    0.0202      1.00      2.00      2.00     40.00      0.00       9.8220    0.0808      6.00      9.00     13.00     39.00      0.00
  1.4000   0.1200       11.5198    0.0977      7.00     10.00     15.00     55.00      0.00       2.3932    0.0298      1.00      2.00      3.00     41.00      0.00       9.0588    0.0750      5.00      8.00     12.00     40.00      0.00
  1.4000   0.1000       13.8330    0.1272      8.00     12.00     18.00     83.00      0.00       3.3296    0.0544      1.00      2.00      4.00     59.00      0.00       8.4970    0.0699      5.00      8.00     11.00     37.00      0.00
  1.4000   0.0800       18.0422    0.1947      9.00     15.00     23.00    131.00      0.00       5.5504    0.0967      2.00      3.00      6.00     90.00      0.00       7.9724    0.0698      4.00      7.00     11.00     42.00      0.00
  1.4000   0.0600       28.7596    0.3644     12.00     21.00     37.00    328.00      0.00      12.8814    0.2248      3.00      7.00     17.00    145.00      0.00       7.5254    0.0706      4.00      7.00     11.00     32.00      0.00
  1.4000   0.0400       54.7044    0.7370     18.00     39.00     75.00    505.00      0.00      33.4986    0.5483      6.00     20.00     47.00    368.00      0.00       6.2366    0.0711      2.00      6.00      9.00     27.00      0.00
  1.4000   0.0200      118.0898    1.6496     36.00     82.00    161.00   1033.00      0.00      93.4508    1.3940     25.00     63.00    128.00   1033.00      0.00       3.4486    0.0657      0.00      1.00      6.00     28.00      0.00
  1.2000   0.2000        9.2770    0.0724      6.00      8.00     12.00     47.00      0.00       1.3392    0.0094      1.00      1.00      2.00      7.00      0.00      15.0290    0.1200      9.00     14.00     20.00     59.00      0.00
  1.2000   0.1800       10.2420    0.0809      6.00      9.00     13.00     57.00      0.00       1.4588    0.0111      1.00      1.00      2.00      8.00      0.00      14.4032    0.1154      8.00     13.00     19.00     58.00      0.00
  1.2000   0.1600       11.4782    0.0936      7.00     10.00     15.00     81.00      0.00       1.6332    0.0146      1.00      1.00      2.00     26.00      0.00      13.6818    0.1143      8.00     12.00     18.00     65.00      0.00
  1.2000   0.1400       12.5568    0.1047      7.00     11.00     16.00     68.00      0.00       1.9258    0.0193      1.00      2.00      2.00     22.00      0.00      12.3260    0.1045      7.00     11.00     16.00     55.00      0.00
  1.2000   0.1200       14.8884    0.1304      8.00     13.00     19.00     88.00      0.00       2.3806    0.0281      1.00      2.00      3.00     37.00      0.00      11.6930    0.0979      7.00     11.00     16.00     49.00      0.00
  1.2000   0.1000       17.9564    0.1702     10.00     15.00     23.00    135.00      0.00       3.3200    0.0505      1.00      2.00      4.00     58.00      0.00      10.8068    0.0930      6.00     10.00     15.00     47.00      0.00
  1.2000   0.0800       23.2732    0.2527     11.00     19.00     30.00    194.00      0.00       5.5038    0.0975      2.00      3.00      6.00    113.00      0.00      10.1260    0.0888      5.00      9.00     14.00     49.00      0.00
  1.2000   0.0600       35.7902    0.4364     15.00     26.00     47.00    268.00      0.00      12.7342    0.2276      3.00      7.00     16.00    152.00      0.00       9.3042    0.0897      4.00      9.00     13.00     48.00      0.00
  1.2000   0.0400       63.8926    0.8498     22.00     45.00     88.00    668.00      0.00      33.6430    0.5438      7.00     21.00     46.00    605.00      0.00       7.7026    0.0927      2.00      7.00     12.00     48.00      0.00
  1.2000   0.0200      126.0994    1.7753     39.00     87.00    171.00   1059.00      0.00      91.4840    1.3339     25.00     62.00    127.00    987.00      0.00       3.9736    0.0793      0.00      1.00      7.00     45.00      0.00
  1.0000   0.2000       12.7076    0.1057      7.00     11.00     17.00     79.00      0.00       1.3300    0.0091      1.00      1.00      2.00      8.00      0.00      20.5848    0.1766     12.00     19.00     27.00    109.00      0.00
  1.0000   0.1800       13.9336    0.1160      8.00     13.00     18.00     78.00      0.00       1.4448    0.0108      1.00      1.00      2.00      9.00      0.00      19.4642    0.1670     11.00     18.00     26.00     84.00      0.00
  1.0000   0.1600       15.5518    0.1353      9.00     14.00     20.00    121.00      0.00       1.6496    0.0146      1.00      1.00      2.00     20.00      0.00      18.1592    0.1570     10.00     16.00     24.00     79.00      0.00
  1.0000   0.1400       17.4622    0.1547     10.00     15.00     23.00    125.00      0.00       1.8928    0.0178      1.00      2.00      2.00     30.00      0.00      16.7536    0.1444      9.00     15.00     22.00     70.00      0.00
  1.0000   0.1200       20.6118    0.1943     11.00     18.00     27.00    133.00      0.00       2.3780    0.0337      1.00      2.00      3.00     46.00      0.00      15.8908    0.1429      9.00     14.00     21.00     77.00      0.00
  1.0000   0.1000       25.1234    0.2553     13.00     21.00     32.00    255.00      0.00       3.3600    0.0531      1.00      2.00      4.00     57.00      0.00      14.6582    0.1339      8.00     13.00     20.00     78.00      0.00
  1.0000   0.0800       32.4334    0.3505     15.00     26.00     43.00    241.00      0.00       5.5776    0.0990      2.00      3.00      6.00     95.00      0.00      13.6146    0.1273      7.00     12.00     18.00     63.00      0.00
  1.0000   0.0600       47.1064    0.5476     20.00     36.00     63.00    325.00      0.00      12.8532    0.2183      3.00      7.00     17.00    148.00      0.00      12.5134    0.1299      5.00     11.00     18.00     82.00      0.00
  1.0000   0.0400       76.2534    0.9832     28.00     55.00    104.00    742.00      0.00      32.6828    0.5235      7.00     20.00     46.00    472.00      0.00       9.8448    0.1288      2.00      8.00     15.00     60.00      0.00
  1.0000   0.0200      141.1736    1.9319     43.00     99.00    196.00   1483.00      0.00      92.6890    1.3383     25.00     63.00    130.00    814.00      0.00       4.5358    0.1028      0.00      1.00      7.00     60.00      0.00
  0.8000   0.2000       19.1018    0.1758     10.00     17.00     25.00    144.00      0.00       1.3254    0.0089      1.00      1.00      2.00      7.00      0.00      29.8416    0.2797     16.00     26.00     40.00    162.00      0.00
  0.8000   0.1800       21.4724    0.1994     11.00     19.00     28.00    125.00      0.00       1.4714    0.0123      1.00      1.00      2.00     18.00      0.00      28.6702    0.2666     15.00     25.00     38.00    148.00      0.00
  0.8000   0.1600       23.9870    0.2308     13.00     21.00     31.00    140.00      0.00       1.6324    0.0140      1.00      1.00      2.00     18.00      0.00      27.0676    0.2607     14.00     23.00     37.00    166.00      0.00
  0.8000   0.1400       27.3720    0.2654     14.00     24.00     36.00    154.00      0.00       1.9278    0.0201      1.00      2.00      2.00     26.00      0.00      25.2100    0.2459     13.00     22.00     33.00    154.00      0.00
  0.8000   0.1200       31.9938    0.3457     16.00     26.00     42.00    350.00      0.00       2.4266    0.0305      1.00      2.00      3.00     38.00      0.00      23.2044    0.2321     11.00     20.00     32.00    153.00      0.00
  0.8000   0.1000       39.4628    0.4258     18.00     32.00     53.00    270.00      0.00       3.3476    0.0522      1.00      2.00      4.00     62.00      0.00      21.4918    0.2215     10.00     18.00     29.00    142.00      0.00
  0.8000   0.0800       50.5348    0.5926     22.00     40.00     67.00    404.00      0.00       5.7048    0.1048      2.00      3.00      6.00    118.00      0.00      19.6392    0.2097      9.00     17.00     27.00    136.00      0.00
  0.8000   0.0600       67.8870    0.8416     26.00     52.00     90.00    477.00      0.00      12.8216    0.2303      3.00      7.00     16.00    156.00      0.00      17.4248    0.2072      6.00     15.00     25.00    118.00      0.00
  0.8000   0.0400      102.5858    1.3576     34.00     74.00    139.00    843.00      0.00      31.7336    0.4910      7.00     20.00     45.00    290.00      0.00      12.7576    0.1923      2.00      9.00     20.00    115.00      0.00
  0.8000   0.0200      162.4510    2.2309     48.00    113.00    228.00   1073.00      0.00      94.1090    1.3931     24.00     62.00    131.00    950.00      0.00       5.5298    0.1390      0.00      1.00      7.00     88.00      0.00
  0.6000   0.2000       35.8346    0.4001     17.00     29.00     48.00    404.00      0.00       1.3326    0.0091      1.00      1.00      2.00      6.00      0.00      51.5956    0.5622     24.00     42.00     70.00    469.00      0.00
  0.6000   0.1800       39.4936    0.4461     18.00     32.00     52.00    324.00      0.00       1.4492    0.0108      1.00      1.00      2.00      7.00      0.00      48.4888    0.5353     22.00     39.00     66.00    291.00      0.00
  0.6000   0.1600       45.5880    0.5358     19.00     36.00     61.00    382.00      0.00       1.6422    0.0144      1.00      1.00      2.00     26.00      0.00      46.6110    0.5370     20.00     37.00     63.00    290.00      0.00
  0.6000   0.1400       52.1032    0.6173     22.00     40.00     68.00    353.00      0.00       1.9028    0.0192      1.00      2.00      2.00     23.00      0.00      42.9246    0.5063     18.00     33.00     58.00    340.00      0.00
  0.6000   0.1200       60.3366    0.7386     24.00     46.00     81.00    498.00      0.00       2.4418    0.0360      1.00      2.00      3.00     59.00      0.00      38.5198    0.4604     15.00     30.00     52.00    254.00      0.00
  0.6000   0.1000       72.2712    0.9102     28.00     54.00     98.00    840.00      0.00       3.3610    0.0595      1.00      2.00      4.00    132.00      0.00      34.0986    0.4170     13.00     27.00     47.00    242.00      0.00
  0.6000   0.0800       91.0866    1.1874     32.00     66.00    123.00    906.00      0.00       5.5166    0.0960      2.00      3.00      6.00     81.00      0.00      30.0954    0.3878     10.00     23.00     42.00    191.00      0.00
  0.6000   0.0600      111.5052    1.4375     38.00     82.00    152.00    869.00      0.00      12.8656    0.2298      3.00      7.00     16.00    180.00      0.00      23.4030    0.3281      6.00     17.00     33.00    199.00      0.00
  0.6000   0.0400      143.3394    1.9681     44.00    102.00    197.00   1157.00      0.00      33.1832    0.5128      7.00     21.00     46.00    288.00      0.00      14.3984    0.2555      1.00      8.00     21.00    182.00      0.00
  0.6000   0.0200      182.4904    2.5803     53.00    128.00    249.00   1720.00      0.00      95.0124    1.3918     25.00     65.00    134.00    874.00      0.00       4.8722    0.1447      0.00      1.00      4.00    103.00      0.00
  0.4000   0.2000       86.0636    1.1367     30.00     61.00    118.00    682.00      0.00       1.3244    0.0090      1.00      1.00      2.00      6.00      0.00     108.3790    1.4296     38.00     78.00    146.00    785.00      0.00
  0.4000   0.1800       92.5256    1.2405     32.00     68.00    124.00    793.00      0.00       1.4570    0.0120      1.00      1.00      2.00     20.00      0.00      97.4598    1.3007     33.00     71.00    131.00    820.00      0.00
  0.4000   0.1600      103.9362    1.4514     33.00     73.00    141.00    989.00      0.00       1.6182    0.0137      1.00      1.00      2.00     17.00      0.00      89.5870    1.2516     29.00     62.00    121.00    934.00      0.00
  0.4000   0.1400      114.5254    1.5763     37.00     82.00    155.00   1079.00      0.00       1.8880    0.0178      1.00      2.00      2.00     18.00      0.00      78.9618    1.1059     25.00     55.00    107.00    745.00      0.00
  0.4000   0.1200      125.3974    1.7334     41.00     87.00    167.00   1219.00      0.00       2.3838    0.0299      1.00      2.00      3.00     36.00      0.00      65.4808    0.9210     20.00     45.00     90.00    647.00      0.00
  0.4000   0.1000      140.9246    1.9737     43.00     97.00    194.00   1208.00      0.00       3.2742    0.0521      1.00      2.00      4.00     69.00      0.00      52.6350    0.7575     15.00     36.00     73.00    494.00      0.00
  0.4000   0.0800      159.1132    2.1927     48.00    112.00    220.00   1495.00      0.00       5.5646    0.1052      2.00      3.00      6.00    145.00      0.00      40.0574    0.5739     11.00     27.00     57.00    320.00      0.00
  0.4000   0.0600      170.7120    2.3684     51.00    120.00    237.00   1373.00      0.00      13.1570    0.2281      3.00      7.00     18.00    155.00      0.00      25.6688    0.3967      6.00     16.00     37.00    247.00      0.00
  0.4000   0.0400      186.7180    2.7131     53.00    127.00    258.00   1971.00      0.00      33.0764    0.5328      7.00     21.00     46.00    404.00      0.00      13.5978    0.2636      1.00      7.00     19.00    189.00      0.00
  0.4000   0.0200      197.1860    2.7516     57.00    135.00    273.00   1748.00      0.00      92.4798    1.3587     25.00     62.00    127.00    918.00      0.00       3.7156    0.1121      0.00      1.00      4.00    108.00      0.00
  0.2000   0.2000      165.0458    2.3217     51.00    113.00    226.00   1427.00      0.00       1.3378    0.0094      1.00      1.00      2.00      8.00      0.00     182.4928    2.6854     53.00    122.00    247.00   1982.00      0.00
  0.2000   0.1800      176.2934    2.4831     52.00    122.00    243.00   1554.00      0.00       1.4682    0.0111      1.00      1.00      2.00     10.00      0.00     162.3042    2.3658     45.00    108.00    224.00   1452.00      0.00
  0.2000   0.1600      177.8950    2.5400     50.00    124.00    245.00   1631.00      0.00       1.6268    0.0141      1.00      1.00      2.00     20.00      0.00     131.0162    1.9291     35.00     90.00    180.00   1335.00      0.00
  0.2000   0.1400      182.7396    2.6458     50.00    129.00    249.00   1478.00      0.00       1.8936    0.0187      1.00      2.00      2.00     21.00      0.00     105.4990    1.5791     28.00     71.00    143.00    895.00      0.00
  0.2000   0.1200      182.9892    2.6076     52.00    127.00    254.00   1867.00      0.00       2.4008    0.0298      1.00      2.00      3.00     55.00      0.00      78.9494    1.1682     21.00     53.00    109.00    970.00      0.00
  0.2000   0.1000      196.6806    2.7213     56.00    138.00    278.00   1475.00      0.00       3.3122    0.0528      1.00      2.00      4.00     60.00      0.00      60.9112    0.8768     16.00     42.00     85.00    492.00      0.00
  0.2000   0.0800      194.9824    2.8362     55.00    132.00    269.00   1813.00      0.00       5.5236    0.0953      2.00      3.00      6.00    115.00      0.00      39.4542    0.5989     10.00     26.00     54.00    350.00      0.00
  0.2000   0.0600      192.9872    2.7087     57.00    134.00    261.00   2000.00      0.00      12.5046    0.2264      3.00      6.00     16.00    267.00      0.00      22.9088    0.3502      5.00     15.00     32.00    283.00      0.00
  0.2000   0.0400      193.9578    2.7596     55.00    134.00    271.00   1748.00      0.00      32.8170    0.5133      7.00     21.00     46.00    300.00      0.00      10.4266    0.1851      1.00      6.00     15.00    125.00      0.00
  0.2000   0.0200      197.1898    2.8133     55.00    139.00    270.00   1532.00      0.00      93.1184    1.3466     24.00     64.00    130.00    814.00      0.00       2.7436    0.0742      0.00      1.00      3.00     62.00      0.00
