Amp Radius  OC_Mean OC_Std OC_Q1 OC_Med OC_Q3 OC_Max OC_Min  Exp_Mean Exp_Std Exp_Q1 Exp_Med Exp_Q3 Exp_Max Exp_Min  Num_Mean Num_Std Num_Q1 Num_Med Num_Q3 Num_Max Num_Min
  2.0000   0.2000        4.0678    0.0279      3.00      4.00      5.00     19.00      0.00       1.3752    0.0104      1.00      1.00      2.00     14.00      0.00       8.6670    0.0645      5.00      8.00     12.00     29.00      0.00
  2.0000   0.1800        4.3720    0.0307      3.00      4.00      5.00     20.00      0.00       1.4946    0.0124      1.00      1.00      2.00      9.00      0.00       8.3786    0.0633      5.00      8.00     12.00     27.00      0.00
  2.0000   0.1600        4.8404    0.0364      3.00      4.00      6.00     31.00      0.00       1.7304    0.0173      1.00      1.00      2.00     23.00      0.00       8.0366    0.0621      4.00      8.00     11.00     24.00      0.00
  2.0000   0.1400        5.4792    0.0445      3.00      5.00      7.00     31.00      0.00       2.0512    0.0234      1.00      2.00      3.00     31.00      0.00       7.6002    0.0608      4.00      7.00     11.00     23.00      0.00
  2.0000   0.1200        6.4314    0.0623      4.00      5.00      8.00     57.00      0.00       2.5928    0.0384      1.00      2.00      3.00     56.00      0.00       7.4054    0.0607      3.00      7.00     11.00     21.00      0.00
  2.0000   0.1000        8.2984    0.0959      4.00      7.00     10.00    120.00      0.00       3.9168    0.0713      1.00      3.00      4.00     91.00      0.00       7.1610    0.0589      3.00      7.00     11.00     20.00      0.00
  2.0000   0.0800       11.7846    0.1640      5.00      8.00     14.00    148.00      0.00       7.0750    0.1391      2.00      4.00      8.00    144.00      0.00       6.7240    0.0588      3.00      6.00     10.00     22.00      0.00
  2.0000   0.0600       22.0632    0.3304      7.00     14.00     29.00    282.00      0.00      15.9030    0.2775      3.00      8.00     22.00    173.00      0.00       6.3458    0.0600      3.00      6.00     10.00     17.00      0.00
  2.0000   0.0400       48.4394    0.6966     13.00     32.00     67.00    437.00      0.00      41.1644    0.6444      9.00     26.00     57.00    437.00      0.00       5.3366    0.0611      2.00      5.00      9.00     19.00      0.00
  2.0000   0.0200      111.8942    1.5915     31.00     76.00    159.00    966.00      0.00     103.7040    1.5062     27.00     70.00    148.00    963.00      0.00       2.7882    0.0517      0.00      0.00      5.00     16.00      0.00
  1.8000   0.2000        4.5766    0.0320      3.00      4.00      6.00     20.00      0.00       1.3758    0.0103      1.00      1.00      2.00      7.00      0.00       9.7756    0.0702      6.00     10.00     13.00     30.00      0.00
  1.8000   0.1800        5.0164    0.0362      3.00      5.00      6.00     27.00      0.00       1.5124    0.0133      1.00      1.00      2.00     17.00      0.00       9.4604    0.0680      6.00      9.00     13.00     28.00      0.00
  1.8000   0.1600        5.4818    0.0434      3.00      5.00      7.00     37.00      0.00       1.7228    0.0186      1.00      1.00      2.00     32.00      0.00       9.0198    0.0665      5.00      9.00     13.00     26.00      0.00
  1.8000   0.1400        6.2426    0.0538      4.00      6.00      8.00     70.00      0.00       2.0658    0.0254      1.00      2.00      3.00     53.00      0.00       8.6110    0.0651      5.00      9.00     12.00     24.00      0.00
  1.8000   0.1200        7.3902    0.0673      4.00      6.00      9.00     57.00      0.00       2.6476    0.0375      1.00      2.00      3.00     41.00      0.00       8.4030    0.0629      5.00      8.00     12.00     26.00      0.00
  1.8000   0.1000        9.1490    0.0971      5.00      7.00     11.00     95.00      0.00       3.8368    0.0678      1.00      3.00      4.00     94.00      0.00       7.9376    0.0626      4.00      8.00     12.00     24.00      0.00
  1.8000   0.0800       13.4312    0.1825      6.00     10.00     17.00    223.00      0.00       7.2232    0.1472      2.00      4.00      8.00    221.00      0.00       7.6734    0.0613      4.00      8.00     11.00     25.00      0.00
  1.8000   0.0600       24.2030    0.3493      8.00     16.00     32.00    326.00      0.00      16.1292    0.2897      3.00      8.00     22.00    193.00      0.00       7.1358    0.0635      3.00      7.00     11.00     20.00      0.00
  1.8000   0.0400       48.5222    0.7164     13.00     32.00     66.00    480.00      0.00      38.9016    0.6238      8.00     24.00     54.00    415.00      0.00       5.9308    0.0651      2.00      6.00     10.00     19.00      0.00
  1.8000   0.0200      115.3232    1.6401     33.00     79.00    158.00    947.00      0.00     104.2994    1.5191     28.00     70.00    145.00    947.00      0.00       2.9850    0.0568      0.00      0.00      6.00     18.00      0.00
  1.6000   0.2000        5.2558    0.0377      3.00      5.00      7.00     25.00      0.00       1.3530    0.0100      1.00      1.00      2.00     12.00      0.00      11.1582    0.0756      7.00     11.00     15.00     36.00      0.00
  1.6000   0.1800        5.8176    0.0441      4.00      5.00      7.00     38.00      0.00       1.5152    0.0128      1.00      1.00      2.00     17.00      0.00      10.7392    0.0742      7.00     11.00     14.00     34.00      0.00
  1.6000   0.1600        6.3614    0.0516      4.00      6.00      8.00     47.00      0.00       1.7230    0.0178      1.00      1.00      2.00     25.00      0.00      10.1916    0.0722      6.00     10.00     14.00     35.00      0.00
  1.6000   0.1400        7.3022    0.0624      4.00      6.00      9.00     50.00      0.00       2.1022    0.0263      1.00      2.00      3.00     36.00      0.00       9.8660    0.0690      6.00     10.00     13.00     31.00      0.00
  1.6000   0.1200        8.4948    0.0782      5.00      7.00     11.00     81.00      0.00       2.6376    0.0413      1.00      2.00      3.00     75.00      0.00       9.3668    0.0670      6.00     10.00     13.00     31.00      0.00
  1.6000   0.1000       10.6448    0.1165      6.00      9.00     13.00    123.00      0.00       3.9186    0.0747      1.00      3.00      4.00    115.00      0.00       9.0862    0.0655      5.00     10.00     13.00     28.00      0.00
  1.6000   0.0800       14.8860    0.1910      7.00     11.00     18.00    171.00      0.00       6.9026    0.1382      2.00      4.00      7.00    141.00      0.00       8.6026    0.0645      5.00      9.00     12.00     25.00      0.00
  1.6000   0.0600       26.1152    0.3603      9.00     17.00     34.00    243.00      0.00      16.0574    0.2858      3.00      8.00     21.00    213.00      0.00       8.0392    0.0683      4.00      8.00     12.00     27.00      0.00
  1.6000   0.0400       53.0406    0.7702     15.00     35.00     72.00    465.00      0.00      40.0824    0.6502      8.00     25.00     56.00    430.00      0.00       6.5160    0.0719      2.00      7.00     11.00     26.00      0.00
  1.6000   0.0200      116.5600    1.6423     33.00     82.00    162.00    914.00      0.00     103.7114    1.5193     27.00     71.00    145.00    914.00      0.00       3.4970    0.0647      0.00      0.00      7.00     25.00      0.00
  1.4000   0.2000        6.3376    0.0475      4.00      6.00      8.00     27.00      0.00       1.3720    0.0105      1.00      1.00      2.00     13.00      0.00      13.0798    0.0875      9.00     13.00     17.00     42.00      0.00
  1.4000   0.1800        6.9480    0.0557      4.00      6.00      9.00     48.00      0.00       1.5032    0.0127      1.00      1.00      2.00     12.00      0.00      12.4394    0.0854      8.00     12.00     16.00     41.00      0.00
  1.4000   0.1600        7.7686    0.0640      5.00      7.00     10.00     59.00      0.00       1.7282    0.0166      1.00      1.00      2.00     22.00      0.00      11.9316    0.0809      8.00     12.00     16.00     41.00      0.00
  1.4000   0.1400        8.6958    0.0742      5.00      8.00     11.00     46.00      0.00       2.0608    0.0264      1.00      2.00      3.00     33.00      0.00      11.4148    0.0780      7.00     12.00     15.00     33.00      0.00
  1.4000   0.1200       10.3478    0.1022      6.00      9.00     13.00    125.00      0.00       2.6678    0.0475      1.00      2.00      3.00    116.00      0.00      10.8374    0.0763      7.00     11.00     14.00     37.00      0.00
  1.4000   0.1000       12.8224    0.1341      7.00     11.00     16.00    107.00      0.00       3.9084    0.0756      1.00      3.00      4.00     82.00      0.00      10.4586    0.0737      7.00     11.00     14.00     31.00      0.00
  1.4000   0.0800       17.8782    0.2169      8.00     14.00     22.00    193.00      0.00       7.1130    0.1430      2.00      4.00      8.00    166.00      0.00       9.9140    0.0734      6.00     10.00     14.00     36.00      0.00
  1.4000   0.0600       29.1282    0.4035     10.00     20.00     38.00    314.00      0.00      16.0378    0.2881      3.00      8.00     21.00    176.00      0.00       9.0462    0.0766      5.00     10.00     13.00     31.00      0.00
  1.4000   0.0400       59.4514    0.8204     18.00     41.00     83.00    579.00      0.00      40.8344    0.6380      8.00     25.00     58.00    454.00      0.00       7.4056    0.0815      1.00      8.00     12.00     29.00      0.00
  1.4000   0.0200      122.8496    1.7180     36.00     86.00    169.00   1142.00      0.00     102.9660    1.4744     28.00     72.00    142.00   1015.00      0.00       3.7592    0.0727      0.00      0.00      8.00     29.00      0.00
  1.2000   0.2000        7.8620    0.0621      5.00      7.00     10.00     39.00      0.00       1.3824    0.0112      1.00      1.00      2.00     16.00      0.00      15.5988    0.1042     11.00     15.00     20.00     48.00      0.00
  1.2000   0.1800        8.5608    0.0698      5.00      8.00     11.00     69.00      0.00       1.4966    0.0120      1.00      1.00      2.00     10.00      0.00      14.9690    0.1025     10.00     15.00     19.00     52.00      0.00
  1.2000   0.1600        9.4824    0.0782      6.00      8.00     12.00     52.00      0.00       1.7096    0.0174      1.00      1.00      2.00     25.00      0.00      14.2138    0.0957     10.00     14.00     18.00     47.00      0.00
  1.2000   0.1400       10.9910    0.0975      6.00     10.00     14.00     67.00      0.00       2.0354    0.0230      1.00      2.00      3.00     29.00      0.00      13.6756    0.0948      9.00     13.00     18.00     61.00      0.00
  1.2000   0.1200       12.9750    0.1249      7.00     11.00     17.00     90.00      0.00       2.6212    0.0383      1.00      2.00      3.00     44.00      0.00      12.9276    0.0904      9.00     13.00     17.00     50.00      0.00
  1.2000   0.1000       15.9176    0.1701      8.00     13.00     20.00    184.00      0.00       3.8302    0.0705      1.00      3.00      4.00    113.00      0.00      12.2440    0.0879      8.00     12.00     16.00     42.00      0.00
  1.2000   0.0800       21.5404    0.2551     10.00     16.00     28.00    205.00      0.00       7.0946    0.1410      2.00      4.00      8.00    116.00      0.00      11.5468    0.0873      7.00     12.00     15.00     58.00      0.00
  1.2000   0.0600       34.8594    0.4662     13.00     25.00     46.00    462.00      0.00      15.8368    0.2900      3.00      8.00     21.00    242.00      0.00      10.7538    0.0915      6.00     11.00     15.00     39.00      0.00
  1.2000   0.0400       65.1626    0.9056     20.00     46.00     89.00    572.00      0.00      40.3782    0.6461      8.00     25.00     55.00    379.00      0.00       8.6704    0.0980      1.00      9.00     14.00     38.00      0.00
  1.2000   0.0200      129.1460    1.8062     38.00     91.00    179.00   1009.00      0.00     101.7866    1.4522     27.00     70.00    141.00    780.00      0.00       4.3742    0.0886      0.00      0.00      9.00     41.00      0.00
  1.0000   0.2000       10.2396    0.0859      6.00      9.00     13.00     61.00      0.00       1.3726    0.0104      1.00      1.00      2.00     14.00      0.00      19.5770    0.1417     13.00     18.00     25.00     91.00      0.00
  1.0000   0.1800       11.3312    0.0961      7.00     10.00     15.00     61.00      0.00       1.5348    0.0128      1.00      1.00      2.00     15.00      0.00      18.7042    0.1385     12.00     18.00     24.00     73.00      0.00
  1.0000   0.1600       12.6816    0.1144      7.00     11.00     16.00     96.00      0.00       1.6990    0.0162      1.00      1.00      2.00     22.00      0.00      17.9352    0.1314     12.00     17.00     23.00     70.00      0.00
  1.0000   0.1400       14.4764    0.1348      8.00     13.00     19.00     97.00      0.00       2.0310    0.0275      1.00      2.00      3.00     84.00      0.00      16.9926    0.1270     11.00     16.00     22.00     63.00      0.00
  1.0000   0.1200       17.4324    0.1711      9.00     15.00     22.00    109.00      0.00       2.6636    0.0385      1.00      2.00      3.00     51.00      0.00      16.2202    0.1219     11.00     15.00     21.00     72.00      0.00
  1.0000   0.1000       21.1378    0.2361     10.00     17.00     27.00    221.00      0.00       3.8194    0.0687      1.00      3.00      4.00     79.00      0.00      15.2314    0.1206     10.00     15.00     20.00     64.00      0.00
  1.0000   0.0800       28.3712    0.3249     13.00     22.00     37.00    261.00      0.00       7.1048    0.1352      2.00      4.00      8.00    105.00      0.00      14.2112    0.1174      9.00     14.00     19.00     64.00      0.00
  1.0000   0.0600       43.9526    0.5624     17.00     32.00     59.00    361.00      0.00      15.9728    0.2872      3.00      8.00     21.00    182.00      0.00      13.1036    0.1235      6.00     13.00     18.00     63.00      0.00
  1.0000   0.0400       76.6950    1.0367     25.00     55.00    105.00    617.00      0.00      39.5332    0.6286      8.00     25.00     56.00    422.00      0.00      10.4774    0.1270      2.00     10.00     16.00     65.00      0.00
  1.0000   0.0200      144.0474    1.9669     44.00    101.00    201.00   1320.00      0.00     105.5454    1.5280     28.00     72.00    147.00    798.00      0.00       4.7628    0.1066      0.00      0.00      8.00     50.00      0.00
  0.8000   0.2000       15.0118    0.1371      8.00     13.00     20.00     96.00      0.00       1.3604    0.0104      1.00      1.00      2.00     12.00      0.00      27.1136    0.2234     16.00     24.00     35.00    113.00      0.00
  0.8000   0.1800       16.5852    0.1564      9.00     14.00     22.00    129.00      0.00       1.4878    0.0125      1.00      1.00      2.00     15.00      0.00      26.0082    0.2157     16.00     23.00     34.00    121.00      0.00
  0.8000   0.1600       19.0694    0.1852     10.00     16.00     25.00    129.00      0.00       1.7230    0.0173      1.00      1.00      2.00     26.00      0.00      24.9456    0.2067     15.00     22.00     32.00    107.00      0.00
  0.8000   0.1400       21.8232    0.2211     11.00     18.00     28.00    154.00      0.00       2.0882    0.0257      1.00      2.00      3.00     36.00      0.00      23.4438    0.1992     14.00     21.00     31.00    106.00      0.00
  0.8000   0.1200       25.2650    0.2710     12.00     20.00     33.00    235.00      0.00       2.6648    0.0431      1.00      2.00      3.00     77.00      0.00      21.8594    0.1906     13.00     20.00     29.00    114.00      0.00
  0.8000   0.1000       31.7822    0.3503     15.00     25.00     42.00    306.00      0.00       3.8792    0.0677      1.00      3.00      4.00     78.00      0.00      20.6944    0.1846     12.00     19.00     27.00     97.00      0.00
  0.8000   0.0800       41.3214    0.4880     18.00     32.00     54.00    254.00      0.00       6.9574    0.1414      2.00      4.00      8.00    187.00      0.00      19.2198    0.1842     10.00     18.00     26.00     96.00      0.00
  0.8000   0.0600       60.0342    0.7489     23.00     44.00     81.00    448.00      0.00      15.8302    0.2856      3.00      8.00     21.00    201.00      0.00      17.1576    0.1906      7.00     16.00     24.00    101.00      0.00
  0.8000   0.0400       97.0100    1.3087     32.00     68.00    132.00    978.00      0.00      39.4896    0.6164      8.00     25.00     56.00    380.00      0.00      12.7228    0.1811      1.00     10.00     20.00     87.00      0.00
  0.8000   0.0200      158.8390    2.1885     48.00    111.00    223.00   1302.00      0.00     106.1936    1.5274     28.00     73.00    149.00    963.00      0.00       5.3316    0.1383      0.00      0.00      6.00     76.00      0.00
  0.6000   0.2000       26.2944    0.2779     13.00     22.00     35.00    232.00      0.00       1.3724    0.0110      1.00      1.00      2.00     21.00      0.00      43.7896    0.4286     23.00     37.00     58.00    262.00      0.00
  0.6000   0.1800       29.0362    0.3243     14.00     23.00     38.00    272.00      0.00       1.4970    0.0123      1.00      1.00      2.00      8.00      0.00      41.2872    0.4230     21.00     34.00     55.00    247.00      0.00
  0.6000   0.1600       33.2040    0.3716     15.00     27.00     44.00    266.00      0.00       1.7136    0.0176      1.00      1.00      2.00     36.00      0.00      39.6774    0.4107     19.00     33.00     52.00    278.00      0.00
  0.6000   0.1400       38.0710    0.4225     17.00     31.00     51.00    317.00      0.00       2.0430    0.0259      1.00      2.00      3.00     48.00      0.00      37.3244    0.3854     18.00     31.00     50.00    219.00      0.00
  0.6000   0.1200       45.2666    0.5296     19.00     35.00     60.00    355.00      0.00       2.6156    0.0376      1.00      2.00      3.00     51.00      0.00      34.4936    0.3691     16.00     29.00     47.00    247.00      0.00
  0.6000   0.1000       56.2594    0.6833     22.00     43.00     76.00    547.00      0.00       3.9430    0.0735      1.00      3.00      4.00    128.00      0.00      31.8292    0.3589     14.00     26.00     43.00    196.00      0.00
  0.6000   0.0800       69.3392    0.8726     26.00     52.00     94.00    605.00      0.00       6.8512    0.1327      2.00      4.00      8.00    120.00      0.00      28.0898    0.3370     11.00     23.00     39.00    206.00      0.00
  0.6000   0.0600       94.4960    1.2444     33.00     69.00    127.00    903.00      0.00      16.4980    0.3023      3.00      8.00     22.00    259.00      0.00      23.3806    0.3147      6.00     18.00     34.00    183.00      0.00
  0.6000   0.0400      131.5618    1.8082     41.00     93.00    181.00   1045.00      0.00      39.4098    0.6311      8.00     24.00     54.00    448.00      0.00      15.4570    0.2727      1.00      8.00     23.00    166.00      0.00
  0.6000   0.0200      178.0228    2.5231     51.00    120.00    248.00   1511.00      0.00     105.1020    1.5769     27.00     71.00    145.00   1368.00      0.00       5.3144    0.1655      0.00      0.00      4.00    117.00      0.00
  0.4000   0.2000       62.0234    0.7918     23.00     45.00     84.00    512.00      0.00       1.3464    0.0099      1.00      1.00      2.00     11.00      0.00      88.6360    1.1010     33.00     67.00    121.00    688.00      0.00
  0.4000   0.1800       69.7354    0.8974     26.00     52.00     94.00    550.00      0.00       1.5008    0.0121      1.00      1.00      2.00      9.00      0.00      82.9436    1.0379     31.00     63.00    113.00    619.00      0.00
  0.4000   0.1600       77.8304    1.0098     27.00     56.00    105.00    610.00      0.00       1.7070    0.0166      1.00      1.00      2.00     24.00      0.00      77.0226    0.9790     28.00     57.00    105.00    499.00      0.00
  0.4000   0.1400       88.9758    1.1691     31.00     64.00    121.00    663.00      0.00       2.0620    0.0262      1.00      2.00      3.00     45.00      0.00      70.7848    0.9374     25.00     52.00     97.00    579.00      0.00
  0.4000   0.1200      102.8020    1.3842     35.00     74.00    140.00    949.00      0.00       2.6368    0.0403      1.00      2.00      3.00     58.00      0.00      61.5420    0.8285     20.00     45.00     85.00    648.00      0.00
  0.4000   0.1000      119.3752    1.6554     37.00     84.00    164.00   1340.00      0.00       3.8000    0.0662      1.00      2.00      4.00     55.00      0.00      52.1800    0.7266     16.00     37.00     73.00    441.00      0.00
  0.4000   0.0800      133.8038    1.8496     41.00     94.00    185.00    997.00      0.00       7.0224    0.1442      2.00      4.00      8.00    159.00      0.00      39.7952    0.5706     10.00     28.00     56.00    392.00      0.00
  0.4000   0.0600      156.8138    2.1763     48.00    111.00    217.00   1443.00      0.00      16.4532    0.2944      3.00      8.00     22.00    220.00      0.00      28.6218    0.4643      5.00     17.00     41.00    272.00      0.00
  0.4000   0.0400      174.7518    2.4491     51.00    121.00    242.00   1460.00      0.00      39.1460    0.6088      8.00     25.00     55.00    444.00      0.00      15.0404    0.3002      1.00      6.00     21.00    162.00      0.00
  0.4000   0.0200      201.3750    2.8134     59.00    140.00    279.00   1575.00      0.00     103.8614    1.4937     28.00     73.00    145.00   1055.00      0.00       4.6242    0.1505      0.00      0.00      4.00     98.00      0.00
  0.2000   0.2000      159.0380    2.2190     46.00    112.00    220.00   1417.00      0.00       1.3642    0.0101      1.00      1.00      2.00     10.00      0.00     182.9852    2.6008     52.00    126.00    253.00   1767.00      0.00
  0.2000   0.1800      164.0754    2.3294     47.00    111.00    225.00   1496.00      0.00       1.5058    0.0125      1.00      1.00      2.00     13.00      0.00     155.4852    2.2610     43.00    103.00    214.00   1188.00      0.00
  0.2000   0.1600      171.4082    2.4486     50.00    120.00    238.00   1710.00      0.00       1.7152    0.0176      1.00      1.00      2.00     32.00      0.00     132.2364    1.9565     36.00     90.00    181.00   1487.00      0.00
  0.2000   0.1400      174.9700    2.4493     52.00    122.00    238.00   1418.00      0.00       2.1086    0.0266      1.00      2.00      3.00     34.00      0.00     105.6174    1.5450     30.00     71.00    145.00   1004.00      0.00
  0.2000   0.1200      179.7558    2.4803     52.00    127.00    253.00   1522.00      0.00       2.5734    0.0387      1.00      2.00      3.00     64.00      0.00      81.8200    1.1796     22.00     56.00    114.00    751.00      0.00
  0.2000   0.1000      190.4706    2.7558     52.00    129.00    262.00   1457.00      0.00       3.7908    0.0661      1.00      3.00      4.00     74.00      0.00      61.3974    0.9211     16.00     41.00     85.00    568.00      0.00
  0.2000   0.0800      190.9558    2.6656     57.00    132.00    263.00   1434.00      0.00       7.0704    0.1371      2.00      4.00      8.00    119.00      0.00      40.7062    0.6101     10.00     27.00     56.00    369.00      0.00
  0.2000   0.0600      196.0746    2.8249     56.00    131.00    274.00   1614.00      0.00      15.8672    0.2907      3.00      8.00     21.00    192.00      0.00      24.5218    0.4080      5.00     15.00     34.00    259.00      0.00
  0.2000   0.0400      193.1224    2.7594     53.00    132.00    270.00   1554.00      0.00      38.9512    0.6025      8.00     25.00     54.00    339.00      0.00      10.8178    0.2084      1.00      5.00     15.00    130.00      0.00
  0.2000   0.0200      202.9430    2.9524     56.00    138.00    280.00   2000.00      0.00     102.8868    1.5536     26.00     68.00    141.00   1048.00      0.00       3.0318    0.0890      0.00      0.00      3.00     99.00      0.00
