Amp Radius  OC_Mean OC_Std OC_Q1 OC_Med OC_Q3 OC_Max OC_Min  Exp_Mean Exp_Std Exp_Q1 Exp_Med Exp_Q3 Exp_Max Exp_Min  Num_Mean Num_Std Num_Q1 Num_Med Num_Q3 Num_Max Num_Min
  2.0000   0.2000        3.8860    0.0298      2.00      3.00      5.00     19.00      0.00       1.6092    0.0156      1.00      1.00      2.00     11.00      0.00       9.5912    0.0569      7.00     10.00     12.00     25.00      0.00
  2.0000   0.1800        4.2270    0.0342      3.00      4.00      5.00     22.00      0.00       1.7802    0.0179      1.00      1.00      2.00     12.00      0.00       9.3976    0.0547      7.00     10.00     12.00     25.00      0.00
  2.0000   0.1600        4.7020    0.0401      3.00      4.00      6.00     29.00      0.00       2.0972    0.0237      1.00      2.00      3.00     22.00      0.00       9.0930    0.0535      7.00     10.00     12.00     24.00      0.00
  2.0000   0.1400        5.5180    0.0529      3.00      5.00      7.00     42.00      0.00       2.4688    0.0311      1.00      2.00      3.00     34.00      0.00       8.9246    0.0532      6.00     10.00     12.00     22.00      0.00
  2.0000   0.1200        6.4206    0.0645      3.00      5.00      8.00     57.00      0.00       3.1058    0.0441      1.00      2.00      4.00     46.00      0.00       8.7124    0.0521      6.00     10.00     11.00     22.00      0.00
  2.0000   0.1000        8.3414    0.0974      4.00      7.00     11.00     94.00      0.00       4.4454    0.0736      2.00      3.00      5.00     92.00      0.00       8.5038    0.0513      6.00     10.00     11.00     20.00      0.00
  2.0000   0.0800       11.9748    0.1621      5.00      9.00     15.00    125.00      0.00       7.5322    0.1335      2.00      5.00      9.00    113.00      0.00       8.0400    0.0535      6.00      9.00     11.00     19.00      0.00
  2.0000   0.0600       21.9212    0.3315      7.00     14.00     28.00    339.00      0.00      16.3108    0.2816      4.00      9.00     21.00    217.00      0.00       7.3916    0.0569      5.00      8.00     11.00     19.00      0.00
  2.0000   0.0400       48.7130    0.7424     12.00     31.00     67.00    550.00      0.00      41.9886    0.6824      8.00     25.00     59.00    548.00      0.00       5.9962    0.0616      1.00      7.00     10.00     20.00      0.00
  2.0000   0.0200      116.5186    1.6835     32.00     79.00    162.00   1213.00      0.00     109.8892    1.6165     28.00     75.00    153.00   1213.00      0.00       2.9558    0.0551      0.00      0.00      6.00     21.00      0.00
  1.8000   0.2000        4.3086    0.0348      3.00      4.00      5.00     29.00      0.00       1.6112    0.0153      1.00      1.00      2.00     10.00      0.00      10.3266    0.0591      8.00     11.00     13.00     28.00      0.00
  1.8000   0.1800        4.7350    0.0400      3.00      4.00      6.00     26.00      0.00       1.7844    0.0181      1.00      1.00      2.00     15.00      0.00      10.1814    0.0567      8.00     11.00     13.00     27.00      0.00
  1.8000   0.1600        5.2266    0.0453      3.00      4.00      7.00     32.00      0.00       2.0888    0.0236      1.00      1.00      3.00     19.00      0.00       9.7390    0.0552      7.00     10.00     12.00     24.00      0.00
  1.8000   0.1400        6.0556    0.0571      3.00      5.00      8.00     43.00      0.00       2.4650    0.0297      1.00      2.00      3.00     30.00      0.00       9.5828    0.0554      7.00     10.00     12.00     23.00      0.00
  1.8000   0.1200        7.3204    0.0758      4.00      6.00      9.00     71.00      0.00       3.1558    0.0426      1.00      2.00      4.00     56.00      0.00       9.3774    0.0533      7.00     10.00     12.00     24.00      0.00
  1.8000   0.1000        9.3312    0.1088      4.00      7.00     12.00    129.00      0.00       4.5214    0.0721      2.00      3.00      6.00     74.00      0.00       8.9576    0.0538      7.00     10.00     12.00     23.00      0.00
  1.8000   0.0800       12.8708    0.1687      5.00      9.00     16.00    192.00      0.00       7.4190    0.1350      2.00      5.00      9.00    192.00      0.00       8.6656    0.0547      6.00     10.00     11.00     23.00      0.00
  1.8000   0.0600       22.9786    0.3372      7.00     15.00     30.00    245.00      0.00      16.3174    0.2912      3.00      9.00     21.00    238.00      0.00       7.8918    0.0584      6.00      9.00     11.00     21.00      0.00
  1.8000   0.0400       52.7332    0.7755     14.00     35.00     73.00    574.00      0.00      43.7388    0.6951      9.00     27.00     62.00    517.00      0.00       6.5198    0.0655      1.00      7.00     10.00     23.00      0.00
  1.8000   0.0200      116.6888    1.6480     33.00     80.00    163.00    905.00      0.00     106.9834    1.5508     28.00     73.00    150.00    904.00      0.00       3.1626    0.0585      0.00      0.00      7.00     19.00      0.00
  1.6000   0.2000        4.8366    0.0390      3.00      4.00      6.00     25.00      0.00       1.5946    0.0152      1.00      1.00      2.00     12.00      0.00      11.3080    0.0614      9.00     11.00     14.00     35.00      0.00
  1.6000   0.1800        5.3550    0.0453      3.00      5.00      7.00     39.00      0.00       1.8056    0.0181      1.00      1.00      2.00     15.00      0.00      10.9608    0.0613      8.00     11.00     14.00     35.00      0.00
  1.6000   0.1600        5.9340    0.0526      3.00      5.00      8.00     45.00      0.00       2.0442    0.0217      1.00      2.00      3.00     22.00      0.00      10.7016    0.0613      8.00     11.00     13.00     35.00      0.00
  1.6000   0.1400        6.8900    0.0663      4.00      6.00      9.00     63.00      0.00       2.5050    0.0319      1.00      2.00      3.00     59.00      0.00      10.3950    0.0586      8.00     11.00     13.00     27.00      0.00
  1.6000   0.1200        8.4620    0.0867      4.00      7.00     11.00     66.00      0.00       3.2060    0.0442      1.00      2.00      4.00     50.00      0.00      10.1414    0.0580      8.00     11.00     13.00     31.00      0.00
  1.6000   0.1000       10.4682    0.1202      5.00      8.00     13.00    137.00      0.00       4.3776    0.0673      1.00      3.00      5.00     63.00      0.00       9.7990    0.0574      8.00     10.00     12.00     26.00      0.00
  1.6000   0.0800       14.6832    0.1933      6.00     11.00     19.00    226.00      0.00       7.4188    0.1358      2.00      5.00      9.00    182.00      0.00       9.2964    0.0596      7.00     10.00     12.00     26.00      0.00
  1.6000   0.0600       25.8196    0.3721      8.00     17.00     34.00    229.00      0.00      16.4290    0.2923      3.00      9.00     22.00    221.00      0.00       8.5590    0.0632      6.00     10.00     12.00     25.00      0.00
  1.6000   0.0400       53.6152    0.7816     15.00     37.00     73.00    641.00      0.00      41.6352    0.6608      9.00     27.00     58.00    519.00      0.00       6.8886    0.0709      1.00      8.00     11.00     22.00      0.00
  1.6000   0.0200      122.7958    1.7254     35.00     84.00    173.00   1158.00      0.00     109.1260    1.5864     29.00     75.00    152.00   1153.00      0.00       3.3816    0.0650      0.00      0.00      7.00     26.00      0.00
  1.4000   0.2000        5.6418    0.0470      3.00      5.00      7.00     33.00      0.00       1.5980    0.0158      1.00      1.00      2.00     18.00      0.00      12.6156    0.0717     10.00     13.00     16.00     36.00      0.00
  1.4000   0.1800        6.1822    0.0554      4.00      5.00      8.00     34.00      0.00       1.7842    0.0184      1.00      1.00      2.00     18.00      0.00      12.4150    0.0700     10.00     12.00     15.00     38.00      0.00
  1.4000   0.1600        6.9612    0.0660      4.00      6.00      9.00     59.00      0.00       2.0692    0.0242      1.00      1.00      3.00     35.00      0.00      12.0194    0.0706      9.00     12.00     15.00     36.00      0.00
  1.4000   0.1400        8.0970    0.0787      4.00      7.00     10.00     62.00      0.00       2.5086    0.0303      1.00      2.00      3.00     34.00      0.00      11.6562    0.0669      9.00     12.00     14.00     33.00      0.00
  1.4000   0.1200        9.6268    0.1015      5.00      8.00     12.00     81.00      0.00       3.1374    0.0414      1.00      2.00      4.00     43.00      0.00      11.1902    0.0657      9.00     11.00     14.00     33.00      0.00
  1.4000   0.1000       12.3574    0.1391      6.00     10.00     16.00     99.00      0.00       4.4012    0.0667      2.00      3.00      6.00     79.00      0.00      10.9026    0.0653      8.00     11.00     13.00     32.00      0.00
  1.4000   0.0800       17.2344    0.2091      7.00     13.00     22.00    195.00      0.00       7.2916    0.1220      2.00      5.00      9.00    108.00      0.00      10.3658    0.0678      8.00     11.00     13.00     34.00      0.00
  1.4000   0.0600       30.2616    0.4186     10.00     21.00     40.00    422.00      0.00      16.9412    0.2957      4.00      9.00     22.00    228.00      0.00       9.4776    0.0742      7.00     10.00     13.00     31.00      0.00
  1.4000   0.0400       61.0626    0.8640     18.00     42.00     84.00    622.00      0.00      43.9904    0.6890      9.00     28.00     62.00    486.00      0.00       7.6430    0.0816      1.00      9.00     12.00     30.00      0.00
  1.4000   0.0200      127.2528    1.7673     38.00     89.00    177.00    943.00      0.00     109.1582    1.5804     30.00     74.00    152.00    932.00      0.00       3.7194    0.0745      0.00      0.00      8.00     28.00      0.00
  1.2000   0.2000        6.6872    0.0576      4.00      6.00      9.00     40.00      0.00       1.5880    0.0148      1.00      1.00      2.00     10.00      0.00      14.8630    0.0900     11.00     14.00     18.00     53.00      0.00
  1.2000   0.1800        7.4968    0.0704      4.00      6.00     10.00     58.00      0.00       1.7722    0.0178      1.00      1.00      2.00     13.00      0.00      14.3374    0.0869     11.00     14.00     18.00     44.00      0.00
  1.2000   0.1600        8.4320    0.0805      5.00      7.00     11.00     78.00      0.00       2.0782    0.0233      1.00      1.00      3.00     19.00      0.00      13.9108    0.0875     10.00     13.00     17.00     50.00      0.00
  1.2000   0.1400        9.9598    0.1007      5.00      8.00     13.00     87.00      0.00       2.4918    0.0296      1.00      2.00      3.00     33.00      0.00      13.6128    0.0844     10.00     13.00     17.00     42.00      0.00
  1.2000   0.1200       11.5828    0.1259      6.00      9.00     15.00    128.00      0.00       3.1054    0.0445      1.00      2.00      4.00     52.00      0.00      12.9720    0.0822     10.00     13.00     16.00     41.00      0.00
  1.2000   0.1000       15.3480    0.1833      7.00     12.00     20.00    244.00      0.00       4.4138    0.0691      1.00      3.00      6.00     71.00      0.00      12.6394    0.0816     10.00     12.00     16.00     39.00      0.00
  1.2000   0.0800       21.2074    0.2700      9.00     16.00     27.00    224.00      0.00       7.5974    0.1387      2.00      5.00      9.00    148.00      0.00      11.9874    0.0844      9.00     12.00     15.00     41.00      0.00
  1.2000   0.0600       33.8382    0.4538     12.00     24.00     45.00    374.00      0.00      16.3764    0.2824      4.00      9.00     22.00    271.00      0.00      10.8358    0.0893      7.00     11.00     15.00     37.00      0.00
  1.2000   0.0400       65.9390    0.9211     20.00     45.00     90.00    611.00      0.00      41.5000    0.6492      9.00     26.00     58.00    352.00      0.00       8.6284    0.0983      1.00      9.00     13.00     37.00      0.00
  1.2000   0.0200      133.7708    1.8798     39.00     95.00    185.00   1477.00      0.00     108.8246    1.6199     28.00     74.00    151.00   1477.00      0.00       4.2022    0.0880      0.00      0.00      9.00     40.00      0.00
  1.0000   0.2000        8.5792    0.0781      5.00      7.00     11.00     59.00      0.00       1.6022    0.0152      1.00      1.00      2.00     15.00      0.00      18.2376    0.1199     13.00     17.00     23.00     71.00      0.00
  1.0000   0.1800        9.5494    0.0939      5.00      8.00     12.00    107.00      0.00       1.7928    0.0189      1.00      1.00      2.00     18.00      0.00      17.5900    0.1193     12.00     16.00     22.00     68.00      0.00
  1.0000   0.1600       10.7604    0.1052      6.00      9.00     14.00     68.00      0.00       2.0226    0.0212      1.00      1.00      3.00     15.00      0.00      17.2082    0.1176     12.00     16.00     22.00     59.00      0.00
  1.0000   0.1400       12.8284    0.1369      6.00     11.00     16.00    104.00      0.00       2.4522    0.0280      1.00      2.00      3.00     30.00      0.00      16.6404    0.1159     11.00     16.00     21.00     64.00      0.00
  1.0000   0.1200       15.7186    0.1730      7.00     13.00     20.00    122.00      0.00       3.2382    0.0464      1.00      2.00      4.00     53.00      0.00      16.1546    0.1143     11.00     15.00     20.00     58.00      0.00
  1.0000   0.1000       19.7328    0.2409      8.00     15.00     25.00    189.00      0.00       4.4074    0.0679      1.00      3.00      6.00     73.00      0.00      15.2734    0.1125     11.00     14.00     20.00     68.00      0.00
  1.0000   0.0800       26.4906    0.3353     10.00     20.00     35.00    371.00      0.00       7.3522    0.1293      2.00      5.00      9.00    121.00      0.00      14.4756    0.1164     10.00     14.00     19.00     55.00      0.00
  1.0000   0.0600       43.5540    0.5808     15.00     31.00     59.00    400.00      0.00      17.2756    0.2994      4.00     10.00     22.00    241.00      0.00      13.1204    0.1226      7.00     13.00     18.00     61.00      0.00
  1.0000   0.0400       76.9366    1.0636     23.00     53.00    107.00    676.00      0.00      41.9772    0.6650      9.00     26.00     59.00    588.00      0.00      10.1568    0.1279      1.00     10.00     16.00     60.00      0.00
  1.0000   0.0200      142.4356    2.0169     41.00     99.00    197.00   1172.00      0.00     107.9742    1.5696     29.00     73.00    150.00   1172.00      0.00       4.7298    0.1091      0.00      0.00      9.00     60.00      0.00
  0.8000   0.2000       11.8118    0.1142      6.00     10.00     15.00     67.00      0.00       1.5840    0.0151      1.00      1.00      2.00     12.00      0.00      24.3676    0.1876     15.00     22.00     31.00    125.00      0.00
  0.8000   0.1800       13.5096    0.1362      7.00     11.00     18.00    102.00      0.00       1.7882    0.0187      1.00      1.00      2.00     14.00      0.00      23.8912    0.1801     15.00     22.00     31.00     85.00      0.00
  0.8000   0.1600       15.3538    0.1592      8.00     13.00     20.00    123.00      0.00       2.1190    0.0230      1.00      2.00      3.00     18.00      0.00      22.9374    0.1781     14.00     21.00     30.00     99.00      0.00
  0.8000   0.1400       18.0424    0.1993      9.00     14.00     23.00    130.00      0.00       2.4794    0.0300      1.00      2.00      3.00     37.00      0.00      22.2728    0.1733     14.00     21.00     29.00    103.00      0.00
  0.8000   0.1200       21.8694    0.2473     10.00     17.00     29.00    155.00      0.00       3.1272    0.0429      1.00      2.00      4.00     57.00      0.00      21.2350    0.1684     13.00     20.00     28.00     92.00      0.00
  0.8000   0.1000       28.0812    0.3410     12.00     21.00     37.00    210.00      0.00       4.5704    0.0784      1.00      3.00      6.00    116.00      0.00      20.6136    0.1736     12.00     19.00     28.00     80.00      0.00
  0.8000   0.0800       37.6718    0.4810     15.00     27.00     51.00    522.00      0.00       7.3686    0.1266      2.00      4.00      9.00    108.00      0.00      19.0216    0.1746     11.00     18.00     26.00     81.00      0.00
  0.8000   0.0600       57.2714    0.7680     20.00     40.00     78.00    563.00      0.00      16.4486    0.2905      4.00      9.00     22.00    284.00      0.00      16.7474    0.1776      6.00     16.00     25.00     84.00      0.00
  0.8000   0.0400       94.2916    1.2947     29.00     68.00    128.00    750.00      0.00      41.7890    0.6536      8.00     26.00     61.00    381.00      0.00      12.4490    0.1814      1.00     10.00     20.00     92.00      0.00
  0.8000   0.0200      154.7198    2.1579     46.00    108.00    211.00   1351.00      0.00     109.2920    1.5866     29.00     74.00    153.00   1024.00      0.00       5.2158    0.1379      0.00      0.00      5.00     78.00      0.00
  0.6000   0.2000       19.2142    0.1998     10.00     16.00     25.00    147.00      0.00       1.6232    0.0161      1.00      1.00      2.00     21.00      0.00      38.0268    0.3358     21.00     34.00     51.00    194.00      0.00
  0.6000   0.1800       22.1582    0.2436     10.00     18.00     29.00    211.00      0.00       1.8252    0.0191      1.00      1.00      2.00     17.00      0.00      36.7168    0.3311     20.00     32.00     49.00    187.00      0.00
  0.6000   0.1600       25.3374    0.2902     12.00     20.00     33.00    402.00      0.00       2.0670    0.0236      1.00      1.00      3.00     45.00      0.00      35.8276    0.3276     20.00     31.00     47.00    195.00      0.00
  0.6000   0.1400       28.8754    0.3327     13.00     23.00     38.00    259.00      0.00       2.4738    0.0315      1.00      2.00      3.00     58.00      0.00      33.9144    0.3119     18.00     30.00     46.00    160.00      0.00
  0.6000   0.1200       34.7618    0.4179     15.00     26.00     46.00    249.00      0.00       3.1234    0.0417      1.00      2.00      4.00     44.00      0.00      32.4758    0.3162     17.00     29.00     44.00    162.00      0.00
  0.6000   0.1000       44.3386    0.5667     17.00     33.00     58.00    359.00      0.00       4.5132    0.0726      2.00      3.00      6.00     85.00      0.00      30.1672    0.3082     15.00     27.00     41.00    165.00      0.00
  0.6000   0.0800       58.1344    0.7385     22.00     44.00     79.00    553.00      0.00       7.3832    0.1301      2.00      5.00      9.00    153.00      0.00      26.8274    0.2966     11.00     23.00     38.00    137.00      0.00
  0.6000   0.0600       80.8962    1.0888     27.00     58.00    111.00    803.00      0.00      16.4984    0.2889      4.00      9.00     22.00    218.00      0.00      22.7430    0.2873      5.00     19.00     35.00    149.00      0.00
  0.6000   0.0400      122.3408    1.7335     37.00     85.00    168.00   1500.00      0.00      42.1596    0.6601      9.00     27.00     59.00    516.00      0.00      15.2516    0.2626      1.00      8.00     25.00    142.00      0.00
  0.6000   0.0200      173.4244    2.4626     50.00    120.00    241.00   1918.00      0.00     109.1384    1.5965     29.00     74.00    150.00   1247.00      0.00       6.0396    0.1909      0.00      0.00      4.00    136.00      0.00
  0.4000   0.2000       42.2660    0.5109     17.00     33.00     57.00    414.00      0.00       1.6022    0.0153      1.00      1.00      2.00     11.00      0.00      73.1286    0.8250     31.00     59.00     98.00    433.00      0.00
  0.4000   0.1800       47.0520    0.5907     19.00     36.00     63.00    386.00      0.00       1.7918    0.0180      1.00      1.00      2.00     14.00      0.00      68.4910    0.7941     29.00     55.00     92.00    551.00      0.00
  0.4000   0.1600       54.4786    0.6843     21.00     40.00     74.00    662.00      0.00       2.0572    0.0226      1.00      1.00      3.00     19.00      0.00      66.1234    0.7731     27.00     52.00     91.00    426.00      0.00
  0.4000   0.1400       63.3006    0.8237     23.00     46.00     85.00    525.00      0.00       2.4512    0.0294      1.00      2.00      3.00     34.00      0.00      61.6142    0.7481     24.00     48.00     84.00    458.00      0.00
  0.4000   0.1200       74.2044    0.9802     26.00     54.00     99.00    578.00      0.00       3.1676    0.0468      1.00      2.00      4.00     60.00      0.00      56.3122    0.7117     21.00     43.00     78.00    382.00      0.00
  0.4000   0.1000       88.1422    1.1957     30.00     64.00    118.00    916.00      0.00       4.4710    0.0727      1.00      3.00      6.00    109.00      0.00      49.5264    0.6600     16.00     37.00     69.00    512.00      0.00
  0.4000   0.0800      112.8150    1.5600     36.00     77.00    153.00   1029.00      0.00       7.7262    0.1434      2.00      5.00      9.00    142.00      0.00      41.2278    0.5816     10.00     29.00     60.00    367.00      0.00
  0.4000   0.0600      137.3404    1.8643     42.00     98.00    188.00   1083.00      0.00      16.5328    0.2898      3.00      9.00     22.00    187.00      0.00      30.0930    0.4869      4.00     18.00     44.00    263.00      0.00
  0.4000   0.0400      160.8444    2.2315     48.00    111.00    222.00   1257.00      0.00      41.4738    0.6379      9.00     27.00     58.00    370.00      0.00      16.2396    0.3597      1.00      5.00     21.00    221.00      0.00
  0.4000   0.0200      189.8524    2.6511     55.00    134.00    265.00   1909.00      0.00     109.1102    1.5601     29.00     75.00    155.00   1124.00      0.00       4.6398    0.1829      0.00      0.00      3.00    162.00      0.00
  0.2000   0.2000      132.1620    1.8296     40.00     95.00    181.00   1498.00      0.00       1.6020    0.0151      1.00      1.00      2.00     12.00      0.00     166.8822    2.3461     49.00    116.00    230.00   1392.00      0.00
  0.2000   0.1800      141.6822    1.9651     42.00     97.00    200.00   1120.00      0.00       1.7792    0.0181      1.00      1.00      2.00     24.00      0.00     149.7708    2.1052     43.00    104.00    212.00   1238.00      0.00
  0.2000   0.1600      147.1440    2.0460     43.00    103.00    205.00   1334.00      0.00       2.0672    0.0229      1.00      1.00      3.00     20.00      0.00     125.5530    1.8323     33.00     85.00    175.00   1238.00      0.00
  0.2000   0.1400      160.3866    2.3013     46.00    111.00    218.00   1570.00      0.00       2.5038    0.0312      1.00      2.00      3.00     44.00      0.00     107.8276    1.6347     28.00     71.00    149.00   1159.00      0.00
  0.2000   0.1200      164.1946    2.3276     47.00    114.00    227.00   1755.00      0.00       3.1190    0.0505      1.00      2.00      4.00    149.00      0.00      83.8768    1.2673     20.00     54.00    120.00    913.00      0.00
  0.2000   0.1000      173.4254    2.4327     50.00    121.00    240.00   1609.00      0.00       4.4922    0.0739      2.00      3.00      6.00     93.00      0.00      61.7930    0.9542     14.00     40.00     87.00    631.00      0.00
  0.2000   0.0800      181.0766    2.5780     49.00    127.00    250.00   2000.00      0.00       7.0734    0.1249      2.00      4.00      8.00    108.00      0.00      42.6702    0.6915      8.00     26.00     61.00    456.00      0.00
  0.2000   0.0600      187.0968    2.6203     53.00    130.00    262.00   1406.00      0.00      16.8932    0.2945      4.00      9.00     22.00    228.00      0.00      25.5394    0.4667      3.00     13.00     36.00    300.00      0.00
  0.2000   0.0400      191.3854    2.7500     51.00    130.00    267.00   1864.00      0.00      41.7480    0.6648      8.00     26.00     57.00    464.00      0.00      12.2480    0.2951      1.00      5.00     14.00    386.00      0.00
  0.2000   0.0200      199.4028    2.7670     59.00    140.00    282.00   1810.00      0.00     110.7314    1.5834     32.00     77.00    153.00    779.00      0.00       3.0162    0.1056      0.00      0.00      3.00     84.00      0.00
