Amp Radius  OC_Mean OC_Std OC_Q1 OC_Med OC_Q3 OC_Max OC_Min  Exp_Mean Exp_Std Exp_Q1 Exp_Med Exp_Q3 Exp_Max Exp_Min  Num_Mean Num_Std Num_Q1 Num_Med Num_Q3 Num_Max Num_Min
  2.0000   0.2000        6.6308    0.0521      4.00      6.00      9.00     38.00      0.00       1.3064    0.0084      1.00      1.00      2.00      7.00      0.00       7.9566    0.0638      5.00      7.00     11.00     36.00      0.00
  2.0000   0.1800        7.3510    0.0579      4.00      7.00     10.00     33.00      0.00       1.4092    0.0099      1.00      1.00      2.00      6.00      0.00       7.4112    0.0590      4.00      7.00     10.00     28.00      0.00
  2.0000   0.1600        8.0810    0.0653      5.00      7.00     10.00     51.00      0.00       1.5684    0.0116      1.00      1.00      2.00      7.00      0.00       6.7802    0.0547      4.00      6.00      9.00     27.00      0.00
  2.0000   0.1400        9.2146    0.0735      6.00      9.00     12.00     40.00      0.00       1.8156    0.0145      1.00      2.00      2.00     12.00      0.00       6.2296    0.0504      4.00      6.00      8.00     26.00      0.00
  2.0000   0.1200       10.5716    0.0898      6.00      9.00     14.00     72.00      0.00       2.1274    0.0181      1.00      2.00      3.00     17.00      0.00       5.5780    0.0453      3.00      5.00      7.00     23.00      0.00
  2.0000   0.1000       12.5870    0.1125      7.00     11.00     17.00     96.00      0.00       2.7388    0.0264      1.00      2.00      4.00     19.00      0.00       4.9094    0.0412      3.00      4.00      6.00     22.00      0.00
  2.0000   0.0800       15.7872    0.1477      9.00     14.00     20.00     97.00      0.00       3.7930    0.0449      2.00      3.00      5.00     46.00      0.00       4.3610    0.0363      3.00      4.00      6.00     21.00      0.00
  2.0000   0.0600       22.5732    0.2373     11.00     19.00     29.00    158.00      0.00       6.8782    0.0999      3.00      5.00      9.00     99.00      0.00       4.0174    0.0341      2.00      4.00      5.00     18.00      0.00
  2.0000   0.0400       40.1964    0.4886     16.00     30.00     54.00    462.00      0.00      17.9804    0.2617      5.00     12.00     24.00    174.00      0.00       3.5860    0.0346      2.00      3.00      5.00     26.00      0.00
  2.0000   0.0200       96.8084    1.3218     32.00     70.00    131.00    889.00      0.00      64.3978    0.9335     18.00     44.00     91.00    815.00      0.00       2.3870    0.0338      0.00      2.00      4.00     15.00      0.00
  1.8000   0.2000        8.1526    0.0653      5.00      8.00     11.00     42.00      0.00       1.3262    0.0086      1.00      1.00      2.00      6.00      0.00       9.7102    0.0782      6.00      9.00     13.00     45.00      0.00
  1.8000   0.1800        8.9650    0.0717      5.00      8.00     12.00     40.00      0.00       1.4272    0.0100      1.00      1.00      2.00      6.00      0.00       9.0970    0.0746      5.00      8.00     12.00     48.00      0.00
  1.8000   0.1600        9.8322    0.0808      6.00      9.00     13.00     69.00      0.00       1.5824    0.0116      1.00      1.00      2.00      8.00      0.00       8.2274    0.0671      5.00      7.00     11.00     35.00      0.00
  1.8000   0.1400       11.0976    0.0923      6.00     10.00     15.00     56.00      0.00       1.7776    0.0140      1.00      2.00      2.00      9.00      0.00       7.5102    0.0629      4.00      7.00     10.00     31.00      0.00
  1.8000   0.1200       13.0786    0.1140      7.00     12.00     17.00    109.00      0.00       2.1200    0.0184      1.00      2.00      3.00     25.00      0.00       6.8036    0.0570      4.00      6.00      9.00     28.00      0.00
  1.8000   0.1000       15.4616    0.1399      8.00     14.00     20.00    114.00      0.00       2.6726    0.0248      1.00      2.00      4.00     21.00      0.00       5.9810    0.0516      3.00      5.00      8.00     35.00      0.00
  1.8000   0.0800       19.6168    0.1859     10.00     17.00     26.00    111.00      0.00       3.8252    0.0450      2.00      3.00      5.00     60.00      0.00       5.3474    0.0469      3.00      5.00      7.00     26.00      0.00
  1.8000   0.0600       27.5798    0.2877     13.00     23.00     36.00    171.00      0.00       6.9256    0.0995      3.00      5.00      9.00    126.00      0.00       4.8920    0.0446      3.00      4.00      6.00     29.00      0.00
  1.8000   0.0400       47.1042    0.5818     19.00     35.00     63.00    315.00      0.00      18.1382    0.2746      5.00     12.00     24.00    250.00      0.00       4.2968    0.0447      2.00      4.00      6.00     29.00      0.00
  1.8000   0.0200      104.8276    1.4005     35.00     75.00    142.00    990.00      0.00      62.6280    0.8867     17.00     44.00     87.00    503.00      0.00       2.6350    0.0403      0.00      2.00      4.00     21.00      0.00
  1.6000   0.2000       10.3346    0.0832      6.00      9.00     14.00     41.00      0.00       1.3078    0.0083      1.00      1.00      2.00      5.00      0.00      12.3262    0.1025      7.00     11.00     16.00     47.00      0.00
  1.6000   0.1800       11.2352    0.0936      7.00     10.00     15.00     67.00      0.00       1.4146    0.0096      1.00      1.00      2.00      5.00      0.00      11.3676    0.0957      6.00     10.00     15.00     59.00      0.00
  1.6000   0.1600       12.6900    0.1118      7.00     11.00     17.00     73.00      0.00       1.5694    0.0118      1.00      1.00      2.00     11.00      0.00      10.5390    0.0911      6.00     10.00     14.00     49.00      0.00
  1.6000   0.1400       14.4046    0.1276      8.00     13.00     19.00    134.00      0.00       1.8100    0.0145      1.00      2.00      2.00     10.00      0.00       9.5574    0.0822      5.00      9.00     13.00     51.00      0.00
  1.6000   0.1200       16.7030    0.1544      9.00     15.00     22.00    100.00      0.00       2.1280    0.0187      1.00      2.00      3.00     15.00      0.00       8.6966    0.0790      5.00      8.00     12.00     45.00      0.00
  1.6000   0.1000       20.0990    0.1872     11.00     18.00     26.00    111.00      0.00       2.6684    0.0254      1.00      2.00      4.00     29.00      0.00       7.7528    0.0712      4.00      7.00     10.00     36.00      0.00
  1.6000   0.0800       25.3402    0.2564     13.00     21.00     34.00    176.00      0.00       3.8092    0.0450      2.00      3.00      5.00     58.00      0.00       6.7500    0.0650      3.00      6.00      9.00     34.00      0.00
  1.6000   0.0600       35.9016    0.4048     16.00     29.00     47.00    297.00      0.00       6.8616    0.0944      3.00      5.00      9.00     92.00      0.00       6.1084    0.0607      3.00      5.00      8.00     31.00      0.00
  1.6000   0.0400       58.2680    0.7174     23.00     44.00     78.00    419.00      0.00      18.2238    0.2787      5.00     12.00     25.00    234.00      0.00       5.2528    0.0587      2.00      4.00      7.00     31.00      0.00
  1.6000   0.0200      119.2724    1.6332     38.00     86.00    163.00   1199.00      0.00      65.3986    0.9371     17.00     45.00     92.00    504.00      0.00       2.9018    0.0469      0.00      2.00      5.00     31.00      0.00
  1.4000   0.2000       13.4452    0.1125      8.00     12.00     18.00     85.00      0.00       1.2936    0.0080      1.00      1.00      2.00      4.00      0.00      15.9132    0.1345      9.00     14.00     21.00     75.00      0.00
  1.4000   0.1800       15.0976    0.1358      8.00     13.00     20.00     96.00      0.00       1.4082    0.0098      1.00      1.00      2.00      6.00      0.00      15.0130    0.1332      8.00     13.00     20.00     70.00      0.00
  1.4000   0.1600       16.7562    0.1569      9.00     15.00     22.00    102.00      0.00       1.5750    0.0118      1.00      1.00      2.00     10.00      0.00      13.6842    0.1256      7.00     12.00     18.00     71.00      0.00
  1.4000   0.1400       18.8956    0.1808     10.00     16.00     25.00    115.00      0.00       1.7842    0.0146      1.00      2.00      2.00     19.00      0.00      12.5198    0.1194      7.00     11.00     17.00     94.00      0.00
  1.4000   0.1200       22.6306    0.2212     12.00     19.00     30.00    184.00      0.00       2.1478    0.0186      1.00      2.00      3.00     12.00      0.00      11.4314    0.1096      6.00     10.00     15.00     64.00      0.00
  1.4000   0.1000       27.3260    0.2866     13.00     23.00     36.00    219.00      0.00       2.6574    0.0269      1.00      2.00      4.00     60.00      0.00      10.3364    0.1064      5.00      9.00     14.00    103.00      0.00
  1.4000   0.0800       35.6712    0.3889     16.00     29.00     48.00    255.00      0.00       3.7766    0.0436      2.00      3.00      5.00     36.00      0.00       9.1290    0.0948      4.00      8.00     12.00     62.00      0.00
  1.4000   0.0600       50.0268    0.5918     21.00     39.00     68.00    432.00      0.00       6.9990    0.0960      3.00      5.00      9.00     75.00      0.00       8.0880    0.0904      4.00      7.00     11.00     63.00      0.00
  1.4000   0.0400       77.7982    0.9927     29.00     58.00    106.00    663.00      0.00      18.3140    0.2839      5.00     12.00     25.00    357.00      0.00       6.5526    0.0788      2.00      5.00      9.00     42.00      0.00
  1.4000   0.0200      140.2420    1.9720     43.00     98.00    192.00   1422.00      0.00      64.8328    0.9557     18.00     44.00     90.00    753.00      0.00       3.3700    0.0591      0.00      2.00      5.00     30.00      0.00
  1.2000   0.2000       18.7086    0.1833     10.00     16.00     25.00    151.00      0.00       1.3016    0.0085      1.00      1.00      2.00      6.00      0.00      21.7980    0.2070     11.00     19.00     29.00    133.00      0.00
  1.2000   0.1800       20.9968    0.2099     11.00     18.00     28.00    165.00      0.00       1.4078    0.0097      1.00      1.00      2.00      7.00      0.00      20.5802    0.1984     10.00     18.00     28.00    148.00      0.00
  1.2000   0.1600       23.4322    0.2439     12.00     20.00     31.00    175.00      0.00       1.5668    0.0116      1.00      1.00      2.00      8.00      0.00      18.8382    0.1884      9.00     16.00     25.00    112.00      0.00
  1.2000   0.1400       27.7248    0.2950     13.00     23.00     37.00    202.00      0.00       1.7966    0.0146      1.00      2.00      2.00     10.00      0.00      17.7004    0.1830      8.00     15.00     24.00    135.00      0.00
  1.2000   0.1200       33.1122    0.3592     16.00     27.00     44.00    219.00      0.00       2.1266    0.0184      1.00      2.00      3.00     17.00      0.00      16.5050    0.1754      8.00     14.00     22.00    100.00      0.00
  1.2000   0.1000       39.0498    0.4534     17.00     30.00     52.00    276.00      0.00       2.6548    0.0254      1.00      2.00      4.00     26.00      0.00      14.1672    0.1585      6.00     11.00     19.00    100.00      0.00
  1.2000   0.0800       52.2274    0.6334     20.00     40.00     71.00    360.00      0.00       3.8272    0.0485      2.00      3.00      5.00     74.00      0.00      12.7376    0.1476      5.00     10.00     17.00     88.00      0.00
  1.2000   0.0600       70.2038    0.8883     27.00     52.00     94.00    590.00      0.00       6.8770    0.0946      3.00      5.00      9.00     77.00      0.00      10.6924    0.1291      4.00      8.00     15.00     74.00      0.00
  1.2000   0.0400      103.3816    1.3488     36.00     76.00    143.00    865.00      0.00      17.6832    0.2587      5.00     12.00     24.00    196.00      0.00       8.1732    0.1068      3.00      6.00     11.00     60.00      0.00
  1.2000   0.0200      160.5888    2.2773     47.00    110.00    224.00   1329.00      0.00      64.0048    0.9582     17.00     43.00     88.00    688.00      0.00       3.4388    0.0643      0.00      2.00      5.00     41.00      0.00
  1.0000   0.2000       28.9404    0.3192     13.00     23.00     39.00    240.00      0.00       1.3046    0.0082      1.00      1.00      2.00      5.00      0.00      32.8966    0.3497     15.00     27.00     44.00    229.00      0.00
  1.0000   0.1800       32.2516    0.3581     15.00     26.00     43.00    251.00      0.00       1.4144    0.0096      1.00      1.00      2.00      6.00      0.00      31.0006    0.3435     14.00     25.00     41.00    212.00      0.00
  1.0000   0.1600       37.6946    0.4428     17.00     30.00     50.00    405.00      0.00       1.5896    0.0118      1.00      1.00      2.00      7.00      0.00      29.3330    0.3274     13.00     24.00     39.00    202.00      0.00
  1.0000   0.1400       44.5376    0.5457     18.00     34.00     59.00    404.00      0.00       1.8260    0.0147      1.00      2.00      2.00     10.00      0.00      27.4386    0.3281     11.00     22.00     37.00    191.00      0.00
  1.0000   0.1200       51.5644    0.6299     21.00     40.00     69.00    447.00      0.00       2.1138    0.0184      1.00      2.00      3.00     12.00      0.00      24.3830    0.2878     10.00     19.00     34.00    199.00      0.00
  1.0000   0.1000       62.9736    0.7955     24.00     48.00     84.00    526.00      0.00       2.7274    0.0264      1.00      2.00      4.00     36.00      0.00      21.7196    0.2693      8.00     17.00     29.00    155.00      0.00
  1.0000   0.0800       80.4538    1.0688     29.00     58.00    108.00    625.00      0.00       3.8484    0.0456      2.00      3.00      5.00     68.00      0.00      18.3906    0.2395      7.00     13.00     25.00    127.00      0.00
  1.0000   0.0600      104.4972    1.4229     34.00     74.00    143.00    822.00      0.00       6.7722    0.0950      3.00      5.00      9.00     98.00      0.00      14.6236    0.1969      5.00     10.00     20.00    107.00      0.00
  1.0000   0.0400      139.6370    1.9298     44.00     97.00    192.00   1129.00      0.00      18.2922    0.2769      5.00     12.00     25.00    240.00      0.00       9.7864    0.1379      3.00      7.00     14.00     91.00      0.00
  1.0000   0.0200      176.7520    2.4948     52.00    123.00    244.00   1631.00      0.00      63.2786    0.8969     17.00     43.00     90.00    474.00      0.00       3.4890    0.0666      0.00      2.00      5.00     43.00      0.00
  0.8000   0.2000       51.2500    0.6602     20.00     38.00     68.00    512.00      0.00       1.3016    0.0084      1.00      1.00      2.00      6.00      0.00      56.6890    0.6982     22.00     43.00     78.00    460.00      0.00
  0.8000   0.1800       57.8932    0.7494     22.00     43.00     76.00    589.00      0.00       1.4346    0.0102      1.00      1.00      2.00      7.00      0.00      52.7052    0.6595     20.00     40.00     71.00    448.00      0.00
  0.8000   0.1600       65.3072    0.8645     23.00     47.00     89.00    612.00      0.00       1.5670    0.0118      1.00      1.00      2.00      9.00      0.00      49.2948    0.6366     18.00     36.00     68.00    516.00      0.00
  0.8000   0.1400       75.7908    1.0217     26.00     54.00    104.00    896.00      0.00       1.7994    0.0143      1.00      2.00      2.00     15.00      0.00      44.9344    0.5982     15.00     32.00     62.00    534.00      0.00
  0.8000   0.1200       88.9298    1.1984     29.00     64.00    119.00    706.00      0.00       2.0974    0.0176      1.00      2.00      3.00     18.00      0.00      40.2218    0.5355     14.00     29.00     54.00    315.00      0.00
  0.8000   0.1000      102.8374    1.4140     34.00     73.00    139.00    806.00      0.00       2.6934    0.0266      1.00      2.00      4.00     37.00      0.00      33.3326    0.4594     11.00     24.00     45.00    277.00      0.00
  0.8000   0.0800      125.7070    1.7455     38.00     86.00    175.00   1018.00      0.00       3.8616    0.0452      2.00      3.00      5.00     40.00      0.00      26.8984    0.3750      8.00     19.00     37.00    203.00      0.00
  0.8000   0.0600      144.2056    1.9830     43.00    102.00    199.00   1123.00      0.00       6.9500    0.0930      3.00      5.00      9.00     72.00      0.00      18.4212    0.2562      5.00     13.00     25.00    174.00      0.00
  0.8000   0.0400      175.8952    2.4618     51.00    122.00    248.00   1495.00      0.00      18.0010    0.2637      5.00     12.00     24.00    160.00      0.00      10.8338    0.1620      3.00      7.00     15.00    103.00      0.00
  0.8000   0.0200      195.0164    2.7045     54.00    139.00    278.00   1546.00      0.00      63.7592    0.9389     17.00     43.00     87.00    526.00      0.00       3.2012    0.0607      0.00      2.00      5.00     39.00      0.00
  0.6000   0.2000       90.4500    1.2415     29.00     64.00    122.00    937.00      0.00       1.3014    0.0083      1.00      1.00      2.00      5.00      0.00      97.2744    1.3229     32.00     69.00    133.00    795.00      0.00
  0.6000   0.1800      102.4300    1.4084     32.00     73.00    141.00    960.00      0.00       1.4160    0.0098      1.00      1.00      2.00      6.00      0.00      92.0498    1.2693     28.00     64.00    127.00    657.00      0.00
  0.6000   0.1600      109.5018    1.5192     34.00     77.00    150.00   1020.00      0.00       1.5670    0.0118      1.00      1.00      2.00      9.00      0.00      79.7758    1.1128     24.00     56.00    111.00    717.00      0.00
  0.6000   0.1400      126.4414    1.7407     38.00     89.00    176.00   1344.00      0.00       1.7806    0.0142      1.00      2.00      2.00      8.00      0.00      71.8168    0.9957     22.00     50.00    100.00    858.00      0.00
  0.6000   0.1200      133.9572    1.8572     42.00     95.00    184.00   1188.00      0.00       2.1250    0.0183      1.00      2.00      3.00     17.00      0.00      57.5338    0.8045     17.00     40.00     79.00    545.00      0.00
  0.6000   0.1000      150.5502    2.0937     46.00    106.00    207.00   1287.00      0.00       2.7134    0.0272      1.00      2.00      4.00     38.00      0.00      46.4412    0.6603     14.00     32.00     64.00    428.00      0.00
  0.6000   0.0800      163.4952    2.2226     48.00    117.00    228.00   1585.00      0.00       3.8410    0.0419      2.00      3.00      5.00     35.00      0.00      33.1518    0.4618     10.00     23.00     46.00    343.00      0.00
  0.6000   0.0600      176.8326    2.5254     50.00    121.00    242.00   1768.00      0.00       6.8150    0.0941      3.00      5.00      8.00     97.00      0.00      20.7980    0.3025      6.00     14.00     28.00    214.00      0.00
  0.6000   0.0400      183.8006    2.5959     54.00    127.00    252.00   1684.00      0.00      18.4732    0.2702      5.00     12.00     25.00    177.00      0.00      10.2134    0.1540      2.00      7.00     14.00     94.00      0.00
  0.6000   0.0200      199.8708    2.8479     57.00    138.00    277.00   1556.00      0.00      63.9936    0.9288     17.00     43.00     89.00    540.00      0.00       2.8738    0.0550      0.00      1.00      4.00     37.00      0.00
  0.4000   0.2000      150.4778    2.1584     43.00    103.00    207.00   1404.00      0.00       1.3010    0.0085      1.00      1.00      2.00      5.00      0.00     159.8390    2.3764     44.00    107.00    220.00   1709.00      0.00
  0.4000   0.1800      152.6030    2.1751     43.00    106.00    209.00   1235.00      0.00       1.4432    0.0104      1.00      1.00      2.00      9.00      0.00     133.4852    1.9531     36.00     90.00    186.00   1293.00      0.00
  0.4000   0.1600      165.1756    2.3782     47.00    113.00    227.00   1445.00      0.00       1.5824    0.0121      1.00      1.00      2.00      7.00      0.00     117.8836    1.7373     33.00     80.00    160.00   1070.00      0.00
  0.4000   0.1400      170.4168    2.4808     47.00    115.00    233.00   1677.00      0.00       1.7696    0.0141      1.00      2.00      2.00      9.00      0.00      94.8404    1.4088     25.00     62.00    129.00    733.00      0.00
  0.4000   0.1200      176.8980    2.5007     51.00    123.00    243.00   1467.00      0.00       2.1446    0.0184      1.00      2.00      3.00     13.00      0.00      72.6138    1.0546     20.00     50.00     99.00    682.00      0.00
  0.4000   0.1000      183.6108    2.6240     53.00    124.00    258.00   1795.00      0.00       2.7262    0.0271      1.00      2.00      4.00     26.00      0.00      53.8982    0.7936     15.00     37.00     74.00    587.00      0.00
  0.4000   0.0800      186.1226    2.6359     52.00    129.00    261.00   1613.00      0.00       3.7942    0.0432      2.00      3.00      5.00     38.00      0.00      35.8558    0.5200     10.00     25.00     50.00    365.00      0.00
  0.4000   0.0600      193.0382    2.7421     56.00    134.00    266.00   1506.00      0.00       6.9374    0.0966      3.00      5.00      9.00     92.00      0.00      21.5678    0.3150      6.00     15.00     30.00    192.00      0.00
  0.4000   0.0400      198.0320    2.8358     55.00    135.00    275.00   1928.00      0.00      18.3288    0.2649      5.00     12.00     25.00    158.00      0.00      10.1718    0.1541      2.00      7.00     14.00    105.00      0.00
  0.4000   0.0200      199.0032    2.8248     56.00    137.00    278.00   1842.00      0.00      64.2042    0.9552     17.00     42.00     88.00    605.00      0.00       2.6286    0.0480      0.00      1.00      4.00     32.00      0.00
  0.2000   0.2000      187.8704    2.6125     53.00    133.00    263.00   1548.00      0.00       1.2978    0.0083      1.00      1.00      2.00      5.00      0.00     199.1162    2.9049     54.00    135.00    275.00   1943.00      0.00
  0.2000   0.1800      193.8864    2.7097     57.00    135.00    269.00   1884.00      0.00       1.4138    0.0098      1.00      1.00      2.00      7.00      0.00     168.9440    2.4468     49.00    114.00    233.00   1919.00      0.00
  0.2000   0.1600      196.4742    2.8093     56.00    137.00    273.00   1797.00      0.00       1.6178    0.0124      1.00      1.00      2.00      9.00      0.00     137.5558    2.0564     37.00     92.00    190.00   1312.00      0.00
  0.2000   0.1400      196.3962    2.8431     55.00    136.00    266.00   1637.00      0.00       1.7828    0.0139      1.00      2.00      2.00     12.00      0.00     108.7458    1.6425     29.00     73.00    147.00   1001.00      0.00
  0.2000   0.1200      194.2084    2.7698     54.00    133.00    270.00   2000.00      0.00       2.1048    0.0177      1.00      2.00      3.00     13.00      0.00      79.7834    1.1701     22.00     53.00    109.00    831.00      0.00
  0.2000   0.1000      204.2466    2.8436     59.00    146.00    281.00   1929.00      0.00       2.7162    0.0268      1.00      2.00      4.00     26.00      0.00      59.1628    0.8501     16.00     41.00     80.00    590.00      0.00
  0.2000   0.0800      192.3008    2.7353     54.00    134.00    266.00   1612.00      0.00       3.8436    0.0442      2.00      3.00      5.00     49.00      0.00      36.2994    0.5275     10.00     25.00     51.00    359.00      0.00
  0.2000   0.0600      199.7412    2.8299     56.00    138.00    282.00   1668.00      0.00       6.8946    0.0977      3.00      5.00      9.00     96.00      0.00      21.6648    0.3136      6.00     15.00     31.00    197.00      0.00
  0.2000   0.0400      199.7620    2.8628     59.00    139.00    274.00   2000.00      0.00      18.3506    0.2701      5.00     12.00     25.00    157.00      0.00       9.9060    0.1508      3.00      7.00     14.00    132.00      0.00
  0.2000   0.0200      200.1566    2.8877     56.00    137.00    276.00   1831.00      0.00      63.0696    0.9228     18.00     43.00     86.00    638.00      0.00       2.5186    0.0449      0.00      1.00      4.00     27.00      0.00
