Amp Radius  OC_Mean OC_Std OC_Q1 OC_Med OC_Q3 OC_Max OC_Min  Exp_Mean Exp_Std Exp_Q1 Exp_Med Exp_Q3 Exp_Max Exp_Min  Num_Mean Num_Std Num_Q1 Num_Med Num_Q3 Num_Max Num_Min
  2.0000   0.2000        3.9196    0.0324      2.00      3.00      5.00     26.00      0.00       1.7454    0.0181      1.00      1.00      2.00     15.00      0.00       9.7448    0.0542      7.00     10.00     12.00     27.00      0.00
  2.0000   0.1800        4.2980    0.0380      2.00      4.00      5.00     36.00      0.00       2.0000    0.0218      1.00      1.00      3.00     25.00      0.00       9.3974    0.0523      7.00     10.00     12.00     24.00      0.00
  2.0000   0.1600        4.7858    0.0428      3.00      4.00      6.00     27.00      0.00       2.2394    0.0251      1.00      2.00      3.00     24.00      0.00       9.2262    0.0525      7.00     10.00     12.00     23.00      0.00
  2.0000   0.1400        5.6886    0.0548      3.00      5.00      7.00     52.00      0.00       2.7978    0.0344      1.00      2.00      4.00     43.00      0.00       9.0414    0.0515      7.00     10.00     11.00     23.00      0.00
  2.0000   0.1200        6.6734    0.0654      3.00      6.00      9.00     48.00      0.00       3.3912    0.0417      1.00      2.00      5.00     42.00      0.00       8.8836    0.0503      7.00     10.00     11.00     23.00      0.00
  2.0000   0.1000        8.3956    0.0969      4.00      7.00     11.00     89.00      0.00       4.5818    0.0685      2.00      3.00      6.00     81.00      0.00       8.5522    0.0506      7.00     10.00     11.00     24.00      0.00
  2.0000   0.0800       11.7778    0.1418      5.00      9.00     15.00    103.00      0.00       7.1298    0.1035      2.00      5.00      9.00     84.00      0.00       8.3182    0.0510      6.00      9.00     11.00     21.00      0.00
  2.0000   0.0600       20.6090    0.2922      7.00     14.00     27.00    272.00      0.00      14.7470    0.2434      4.00      9.00     19.00    270.00      0.00       7.5826    0.0551      6.00      8.00     11.00     18.00      0.00
  2.0000   0.0400       45.9972    0.6850     13.00     30.00     62.00    414.00      0.00      38.5984    0.6125      9.00     24.00     53.00    414.00      0.00       6.1156    0.0604      1.00      7.00     10.00     19.00      0.00
  2.0000   0.0200      112.0590    1.6406     32.00     77.00    153.00   1041.00      0.00     104.0198    1.5469     29.00     70.00    145.00   1040.00      0.00       3.1950    0.0550      0.00      0.00      7.00     17.00      0.00
  1.8000   0.2000        4.3054    0.0369      2.00      4.00      5.00     43.00      0.00       1.7486    0.0181      1.00      1.00      2.00     12.00      0.00      10.2952    0.0551      8.00     11.00     13.00     27.00      0.00
  1.8000   0.1800        4.8252    0.0440      3.00      4.00      6.00     37.00      0.00       1.9922    0.0222      1.00      1.00      2.00     14.00      0.00      10.1854    0.0540      8.00     11.00     13.00     26.00      0.00
  1.8000   0.1600        5.4204    0.0505      3.00      5.00      7.00     58.00      0.00       2.2806    0.0260      1.00      2.00      3.00     27.00      0.00       9.9114    0.0544      8.00     10.00     12.00     24.00      0.00
  1.8000   0.1400        6.2942    0.0648      3.00      5.00      8.00     77.00      0.00       2.7362    0.0347      1.00      2.00      4.00     46.00      0.00       9.6166    0.0524      7.00     10.00     12.00     22.00      0.00
  1.8000   0.1200        7.4558    0.0772      4.00      6.00     10.00     68.00      0.00       3.4102    0.0422      1.00      2.00      5.00     33.00      0.00       9.3492    0.0523      7.00     10.00     12.00     28.00      0.00
  1.8000   0.1000        9.4944    0.1078      4.00      8.00     12.00     91.00      0.00       4.6508    0.0688      2.00      3.00      6.00     91.00      0.00       9.1408    0.0526      7.00     10.00     12.00     26.00      0.00
  1.8000   0.0800       13.0482    0.1682      5.00     10.00     17.00    126.00      0.00       7.2998    0.1151      2.00      5.00      9.00    111.00      0.00       8.7160    0.0539      7.00     10.00     11.00     24.00      0.00
  1.8000   0.0600       22.4096    0.3257      8.00     15.00     29.00    260.00      0.00      15.0592    0.2650      4.00      9.00     19.00    257.00      0.00       8.1428    0.0568      6.00      9.00     11.00     21.00      0.00
  1.8000   0.0400       49.9528    0.7221     14.00     34.00     69.00    487.00      0.00      38.8448    0.6142      9.00     25.00     53.00    409.00      0.00       6.6550    0.0652      2.00      7.00     10.00     25.00      0.00
  1.8000   0.0200      117.4062    1.6960     34.00     80.00    162.00   1231.00      0.00     107.0798    1.5847     29.00     72.00    150.00   1231.00      0.00       3.2496    0.0591      0.00      0.00      7.00     19.00      0.00
  1.6000   0.2000        4.8082    0.0417      3.00      4.00      6.00     33.00      0.00       1.7628    0.0185      1.00      1.00      2.00     16.00      0.00      11.0452    0.0600      9.00     11.00     14.00     31.00      0.00
  1.6000   0.1800        5.4428    0.0489      3.00      5.00      7.00     31.00      0.00       2.0314    0.0227      1.00      1.00      3.00     18.00      0.00      10.9074    0.0590      9.00     11.00     13.00     30.00      0.00
  1.6000   0.1600        6.0232    0.0553      3.00      5.00      8.00     53.00      0.00       2.2932    0.0262      1.00      2.00      3.00     25.00      0.00      10.5546    0.0582      8.00     11.00     13.00     28.00      0.00
  1.6000   0.1400        7.1034    0.0702      4.00      6.00      9.00     55.00      0.00       2.7456    0.0328      1.00      2.00      4.00     32.00      0.00      10.4562    0.0565      8.00     11.00     13.00     26.00      0.00
  1.6000   0.1200        8.5222    0.0911      4.00      7.00     11.00     73.00      0.00       3.4094    0.0430      1.00      3.00      5.00     41.00      0.00      10.1542    0.0581      8.00     11.00     12.00     29.00      0.00
  1.6000   0.1000       10.7878    0.1219      5.00      9.00     14.00     82.00      0.00       4.6876    0.0675      2.00      3.00      6.00     78.00      0.00       9.8054    0.0573      8.00     10.00     12.00     28.00      0.00
  1.6000   0.0800       15.1482    0.1863      6.00     12.00     20.00    140.00      0.00       7.2606    0.1138      2.00      5.00      9.00    115.00      0.00       9.5620    0.0584      7.00     10.00     12.00     28.00      0.00
  1.6000   0.0600       24.9826    0.3310      9.00     18.00     34.00    306.00      0.00      14.9414    0.2371      4.00      9.00     20.00    165.00      0.00       8.7618    0.0621      6.00     10.00     12.00     28.00      0.00
  1.6000   0.0400       52.3054    0.7640     15.00     35.00     71.00    559.00      0.00      38.8584    0.6230      9.00     25.00     52.00    495.00      0.00       7.2090    0.0706      2.00      8.00     11.00     24.00      0.00
  1.6000   0.0200      117.2732    1.6404     33.00     81.00    163.00    951.00      0.00     102.3650    1.4785     27.00     69.00    143.00    887.00      0.00       3.4742    0.0652      0.00      0.00      7.00     26.00      0.00
  1.4000   0.2000        5.5920    0.0506      3.00      5.00      7.00     35.00      0.00       1.7656    0.0187      1.00      1.00      2.00     14.00      0.00      12.5484    0.0700     10.00     12.00     15.00     38.00      0.00
  1.4000   0.1800        6.2110    0.0576      3.00      5.00      8.00     46.00      0.00       2.0082    0.0222      1.00      1.00      2.00     19.00      0.00      12.1900    0.0701     10.00     12.00     15.00     40.00      0.00
  1.4000   0.1600        7.0856    0.0698      4.00      6.00      9.00     62.00      0.00       2.3376    0.0278      1.00      2.00      3.00     19.00      0.00      11.9286    0.0691      9.00     12.00     15.00     33.00      0.00
  1.4000   0.1400        8.3382    0.0874      4.00      7.00     11.00     63.00      0.00       2.6790    0.0319      1.00      2.00      3.00     24.00      0.00      11.7112    0.0666      9.00     12.00     14.00     36.00      0.00
  1.4000   0.1200       10.0954    0.1097      5.00      8.00     13.00     88.00      0.00       3.4472    0.0434      1.00      2.00      5.00     50.00      0.00      11.3574    0.0659      9.00     11.00     14.00     35.00      0.00
  1.4000   0.1000       12.9412    0.1515      6.00     10.00     17.00    131.00      0.00       4.6396    0.0655      2.00      3.00      6.00     61.00      0.00      11.0346    0.0675      9.00     11.00     14.00     42.00      0.00
  1.4000   0.0800       17.1906    0.2112      7.00     13.00     22.00    161.00      0.00       7.0814    0.1081      2.00      5.00      9.00     95.00      0.00      10.4890    0.0683      8.00     11.00     13.00     32.00      0.00
  1.4000   0.0600       28.2976    0.3878     10.00     20.00     38.00    302.00      0.00      14.5114    0.2460      4.00      9.00     18.00    228.00      0.00       9.6910    0.0722      7.00     10.00     13.00     32.00      0.00
  1.4000   0.0400       60.4130    0.8559     18.00     41.00     83.00    593.00      0.00      39.8432    0.6293      9.00     25.00     54.00    420.00      0.00       7.8328    0.0802      2.00      9.00     12.00     27.00      0.00
  1.4000   0.0200      128.3134    1.8348     36.00     90.00    176.00   1314.00      0.00     107.6810    1.5660     29.00     73.00    146.00    945.00      0.00       3.8554    0.0748      0.00      0.00      8.00     26.00      0.00
  1.2000   0.2000        6.8026    0.0655      4.00      6.00      9.00     42.00      0.00       1.7768    0.0182      1.00      1.00      2.00     13.00      0.00      14.4460    0.0899     11.00     14.00     18.00     62.00      0.00
  1.2000   0.1800        7.5546    0.0726      4.00      6.00     10.00     56.00      0.00       2.0036    0.0226      1.00      1.00      2.00     18.00      0.00      14.2678    0.0879     11.00     13.00     18.00     47.00      0.00
  1.2000   0.1600        8.6416    0.0885      4.00      7.00     11.00     68.00      0.00       2.2954    0.0273      1.00      2.00      3.00     25.00      0.00      13.9228    0.0853     10.00     13.00     17.00     41.00      0.00
  1.2000   0.1400       10.1038    0.1073      5.00      8.00     13.00     73.00      0.00       2.7558    0.0326      1.00      2.00      4.00     28.00      0.00      13.6296    0.0847     10.00     13.00     17.00     43.00      0.00
  1.2000   0.1200       12.3280    0.1408      6.00     10.00     16.00     89.00      0.00       3.3536    0.0435      1.00      2.00      4.00     39.00      0.00      13.1448    0.0848     10.00     13.00     16.00     51.00      0.00
  1.2000   0.1000       15.1580    0.1692      7.00     12.00     20.00    115.00      0.00       4.6100    0.0633      2.00      3.00      6.00     59.00      0.00      12.6660    0.0835     10.00     12.00     16.00     41.00      0.00
  1.2000   0.0800       21.2488    0.2770      8.00     16.00     28.00    328.00      0.00       7.1682    0.1121      2.00      5.00      9.00    102.00      0.00      12.0588    0.0875      9.00     12.00     15.00     42.00      0.00
  1.2000   0.0600       34.5844    0.4651     12.00     25.00     46.00    356.00      0.00      14.5216    0.2411      4.00      9.00     19.00    214.00      0.00      11.1412    0.0918      7.00     11.00     15.00     45.00      0.00
  1.2000   0.0400       66.2772    0.9127     21.00     46.00     90.00    504.00      0.00      39.1390    0.6120      9.00     25.00     54.00    406.00      0.00       8.9246    0.0997      1.00     10.00     14.00     35.00      0.00
  1.2000   0.0200      135.2308    1.9264     39.00     93.00    183.00   1079.00      0.00     107.2574    1.5630     29.00     74.00    147.00   1077.00      0.00       4.3322    0.0898      0.00      0.00      9.00     35.00      0.00
  1.0000   0.2000        8.5642    0.0826      5.00      7.00     11.00     52.00      0.00       1.7658    0.0185      1.00      1.00      2.00     13.00      0.00      17.9202    0.1206     12.00     17.00     22.00     68.00      0.00
  1.0000   0.1800        9.6364    0.0982      5.00      8.00     12.00     68.00      0.00       1.9844    0.0215      1.00      1.00      2.00     22.00      0.00      17.7996    0.1244     12.00     17.00     23.00     67.00      0.00
  1.0000   0.1600       10.9248    0.1118      5.00      9.00     14.00     73.00      0.00       2.2452    0.0251      1.00      2.00      3.00     20.00      0.00      17.4706    0.1184     12.00     17.00     22.00     63.00      0.00
  1.0000   0.1400       13.0728    0.1383      6.00     11.00     17.00     96.00      0.00       2.7806    0.0343      1.00      2.00      4.00     40.00      0.00      16.8040    0.1175     12.00     16.00     21.00     55.00      0.00
  1.0000   0.1200       15.4394    0.1782      7.00     12.00     20.00    125.00      0.00       3.4384    0.0428      1.00      2.00      5.00     29.00      0.00      16.1558    0.1148     11.00     15.00     21.00     61.00      0.00
  1.0000   0.1000       20.2292    0.2434      9.00     16.00     26.00    165.00      0.00       4.6792    0.0681      2.00      3.00      6.00     91.00      0.00      15.7818    0.1199     11.00     15.00     20.00     79.00      0.00
  1.0000   0.0800       27.7746    0.3515     11.00     20.00     37.00    292.00      0.00       7.2894    0.1108      2.00      5.00     10.00    133.00      0.00      14.8624    0.1187     10.00     14.00     20.00     53.00      0.00
  1.0000   0.0600       42.8208    0.5730     15.00     30.00     58.00    441.00      0.00      14.6778    0.2454      4.00      9.00     19.00    238.00      0.00      13.1604    0.1247      7.00     13.00     19.00     63.00      0.00
  1.0000   0.0400       78.7414    1.0953     24.00     54.00    108.00    744.00      0.00      39.0898    0.6105      9.00     25.00     55.00    496.00      0.00      10.3278    0.1291      1.00     10.00     16.00     59.00      0.00
  1.0000   0.0200      145.8720    2.0197     44.00    103.00    199.00   1116.00      0.00     106.3542    1.5485     29.00     73.00    146.00    905.00      0.00       4.9656    0.1119      0.00      0.00      9.00     54.00      0.00
  0.8000   0.2000       11.8946    0.1238      6.00     10.00     15.00     97.00      0.00       1.7640    0.0189      1.00      1.00      2.00     14.00      0.00      24.4292    0.1858     15.00     23.00     32.00    103.00      0.00
  0.8000   0.1800       13.3330    0.1412      7.00     11.00     17.00    181.00      0.00       1.9512    0.0215      1.00      1.00      2.00     17.00      0.00      23.6486    0.1798     15.00     22.00     31.00    103.00      0.00
  0.8000   0.1600       15.1966    0.1630      7.00     12.00     20.00    109.00      0.00       2.3312    0.0264      1.00      2.00      3.00     18.00      0.00      23.0010    0.1761     14.00     21.00     30.00    104.00      0.00
  0.8000   0.1400       18.2158    0.2020      8.00     15.00     24.00    148.00      0.00       2.7920    0.0334      1.00      2.00      4.00     25.00      0.00      22.5786    0.1780     14.00     21.00     30.00    103.00      0.00
  0.8000   0.1200       22.5536    0.2735     10.00     17.00     29.00    254.00      0.00       3.4344    0.0430      1.00      2.00      5.00     52.00      0.00      21.9664    0.1793     13.00     20.00     29.00    113.00      0.00
  0.8000   0.1000       27.5760    0.3424     11.00     20.00     37.00    253.00      0.00       4.6558    0.0666      2.00      3.00      6.00     76.00      0.00      20.5186    0.1748     12.00     19.00     27.00     99.00      0.00
  0.8000   0.0800       37.8326    0.4851     14.00     28.00     51.00    299.00      0.00       7.1250    0.1118      2.00      5.00      9.00    135.00      0.00      19.5714    0.1754     11.00     18.00     27.00     87.00      0.00
  0.8000   0.0600       57.9900    0.7528     20.00     42.00     78.00    456.00      0.00      14.7154    0.2418      4.00      9.00     19.00    230.00      0.00      17.1556    0.1811      7.00     16.00     25.00     80.00      0.00
  0.8000   0.0400       96.3672    1.3704     29.00     67.00    130.00    951.00      0.00      39.0926    0.5993      9.00     25.00     55.00    367.00      0.00      12.9316    0.1823      1.00     10.00     21.00     79.00      0.00
  0.8000   0.0200      154.7916    2.1688     44.00    107.00    217.00   1162.00      0.00     103.5746    1.5586     26.00     69.00    143.00   1162.00      0.00       5.3350    0.1390      0.00      0.00      6.00     84.00      0.00
  0.6000   0.2000       19.2690    0.2098      9.00     16.00     25.00    157.00      0.00       1.7716    0.0189      1.00      1.00      2.00     14.00      0.00      37.7928    0.3274     21.00     34.00     50.00    190.00      0.00
  0.6000   0.1800       21.2534    0.2354     10.00     17.00     28.00    176.00      0.00       2.0166    0.0223      1.00      1.00      2.00     14.00      0.00      36.8752    0.3298     21.00     33.00     49.00    224.00      0.00
  0.6000   0.1600       24.5104    0.2785     11.00     20.00     32.00    250.00      0.00       2.2760    0.0259      1.00      2.00      3.00     18.00      0.00      35.5818    0.3186     20.00     32.00     48.00    171.00      0.00
  0.6000   0.1400       28.6682    0.3519     12.00     22.00     38.00    375.00      0.00       2.6900    0.0324      1.00      2.00      3.00     37.00      0.00      33.9846    0.3149     18.00     30.00     46.00    152.00      0.00
  0.6000   0.1200       34.8176    0.4348     14.00     26.00     46.00    310.00      0.00       3.4054    0.0433      1.00      3.00      5.00     66.00      0.00      32.1072    0.3092     16.00     28.00     45.00    160.00      0.00
  0.6000   0.1000       44.1492    0.5538     18.00     33.00     59.00    523.00      0.00       4.6382    0.0611      2.00      3.00      6.00     53.00      0.00      30.8592    0.3078     15.00     28.00     43.00    156.00      0.00
  0.6000   0.0800       58.8642    0.7638     21.00     42.00     81.00    551.00      0.00       7.3316    0.1104      2.00      5.00     10.00     93.00      0.00      27.2856    0.3015     11.00     24.00     39.00    141.00      0.00
  0.6000   0.0600       81.4888    1.1191     26.00     57.00    112.00    755.00      0.00      14.7400    0.2369      4.00      9.00     19.00    186.00      0.00      22.6230    0.2979      5.00     18.00     34.00    177.00      0.00
  0.6000   0.0400      123.0050    1.7073     37.00     87.00    171.00   1055.00      0.00      37.6144    0.5866      8.00     24.00     53.00    418.00      0.00      15.6036    0.2698      1.00      7.00     25.00    137.00      0.00
  0.6000   0.0200      170.3974    2.4102     50.00    117.00    233.00   1778.00      0.00     104.3316    1.5488     27.00     71.00    145.00   1134.00      0.00       5.8984    0.1901      0.00      0.00      3.00    133.00      0.00
  0.4000   0.2000       38.7422    0.4681     16.00     29.00     52.00    302.00      0.00       1.7466    0.0184      1.00      1.00      2.00     16.00      0.00      70.1636    0.7584     31.00     59.00     96.00    422.00      0.00
  0.4000   0.1800       45.4344    0.5512     18.00     35.00     61.00    345.00      0.00       1.9640    0.0216      1.00      1.00      2.00     16.00      0.00      70.2484    0.7760     31.00     58.00     96.00    409.00      0.00
  0.4000   0.1600       49.9142    0.6189     19.00     38.00     68.00    393.00      0.00       2.3098    0.0263      1.00      2.00      3.00     23.00      0.00      64.9136    0.7250     28.00     54.00     89.00    365.00      0.00
  0.4000   0.1400       59.7012    0.7675     22.00     44.00     80.00    790.00      0.00       2.7280    0.0316      1.00      2.00      4.00     19.00      0.00      61.9074    0.7204     24.00     50.00     87.00    495.00      0.00
  0.4000   0.1200       71.6680    0.9610     25.00     51.00     97.00    706.00      0.00       3.4614    0.0435      1.00      2.00      5.00     45.00      0.00      57.1250    0.6994     20.00     45.00     81.00    405.00      0.00
  0.4000   0.1000       85.7582    1.1667     29.00     62.00    116.00    773.00      0.00       4.6664    0.0658      2.00      3.00      6.00     78.00      0.00      49.7816    0.6369     15.00     39.00     71.00    318.00      0.00
  0.4000   0.0800      106.7574    1.4449     35.00     76.00    146.00   1159.00      0.00       7.3134    0.1205      2.00      5.00      9.00    156.00      0.00      41.5664    0.5877     10.00     30.00     61.00    332.00      0.00
  0.4000   0.0600      133.9828    1.8755     40.00     93.00    187.00   1166.00      0.00      14.7206    0.2393      4.00      9.00     19.00    161.00      0.00      30.6036    0.5219      4.00     17.00     44.00    354.00      0.00
  0.4000   0.0400      161.9676    2.2881     49.00    115.00    220.00   2000.00      0.00      37.5562    0.5865      9.00     24.00     51.00    375.00      0.00      17.2494    0.3811      1.00      5.00     22.00    256.00      0.00
  0.4000   0.0200      192.0700    2.8019     52.00    132.00    264.00   1870.00      0.00     103.4114    1.5327     26.00     69.00    146.00   1030.00      0.00       4.6376    0.1825      0.00      0.00      3.00    181.00      0.00
  0.2000   0.2000      124.8264    1.7387     36.00     87.00    173.00    941.00      0.00       1.7336    0.0174      1.00      1.00      2.00     12.00      0.00     162.9162    2.2969     45.00    116.00    226.00   1288.00      0.00
  0.2000   0.1800      136.9712    1.9157     41.00     96.00    190.00   1255.00      0.00       1.9734    0.0218      1.00      1.00      2.00     15.00      0.00     148.5474    2.0931     42.00    104.00    209.00   1561.00      0.00
  0.2000   0.1600      147.7490    2.0839     45.00    102.00    203.00   1182.00      0.00       2.3004    0.0264      1.00      2.00      3.00     21.00      0.00     132.1992    1.9386     37.00     91.00    182.00   1383.00      0.00
  0.2000   0.1400      154.4586    2.1115     48.00    110.00    211.00   1228.00      0.00       2.7344    0.0317      1.00      2.00      4.00     19.00      0.00     108.2752    1.5802     29.00     74.00    150.00   1120.00      0.00
  0.2000   0.1200      164.5042    2.3061     49.00    113.00    226.00   1296.00      0.00       3.4822    0.0432      1.00      3.00      5.00     39.00      0.00      86.8198    1.3393     19.00     56.00    120.00    782.00      0.00
  0.2000   0.1000      176.8878    2.4702     52.00    127.00    246.00   1751.00      0.00       4.6674    0.0643      2.00      3.00      6.00     77.00      0.00      66.7860    1.0519     15.00     43.00     94.00    857.00      0.00
  0.2000   0.0800      183.9794    2.6151     55.00    125.00    259.00   1850.00      0.00       7.3906    0.1180      2.00      5.00     10.00    107.00      0.00      45.0850    0.7591      8.00     26.00     62.00    494.00      0.00
  0.2000   0.0600      189.3374    2.6704     55.00    130.00    267.00   1837.00      0.00      14.3756    0.2315      4.00      9.00     19.00    205.00      0.00      27.4512    0.5170      4.00     14.00     37.00    371.00      0.00
  0.2000   0.0400      197.2868    2.7335     58.00    139.00    279.00   1596.00      0.00      39.1802    0.6222      9.00     25.00     53.00    533.00      0.00      12.5866    0.3046      1.00      4.00     14.00    253.00      0.00
  0.2000   0.0200      207.0700    2.8959     61.00    146.00    292.00   1616.00      0.00     108.9014    1.5668     29.00     74.00    152.00    765.00      0.00       3.0880    0.1133      0.00      0.00      3.00    135.00      0.00
