Amp Radius  OC_Mean OC_Std OC_Q1 OC_Med OC_Q3 OC_Max OC_Min  Exp_Mean Exp_Std Exp_Q1 Exp_Med Exp_Q3 Exp_Max Exp_Min  Num_Mean Num_Std Num_Q1 Num_Med Num_Q3 Num_Max Num_Min
  2.0000   0.2000        4.0090    0.0370      3.00      4.00      5.00     62.00      0.00       1.4674    0.0258      1.00      1.00      1.00     60.00      0.00       8.4042    0.0561      5.00      9.00     11.00     25.00      0.00
  2.0000   0.1800        4.4970    0.0469      3.00      4.00      5.00     79.00      0.00       1.7598    0.0367      1.00      1.00      2.00     78.00      0.00       8.0618    0.0552      5.00      8.00     11.00     22.00      0.00
  2.0000   0.1600        5.2710    0.0710      3.00      4.00      6.00     90.00      0.00       2.3364    0.0596      1.00      1.00      2.00     90.00      0.00       7.8106    0.0537      5.00      8.00     11.00     20.00      0.00
  2.0000   0.1400        6.2272    0.0880      3.00      5.00      7.00     84.00      0.00       3.0852    0.0776      1.00      1.00      3.00     83.00      0.00       7.5884    0.0529      5.00      8.00     11.00     21.00      0.00
  2.0000   0.1200        8.5454    0.1495      4.00      5.00      9.00    181.00      0.00       5.0984    0.1340      1.00      2.00      5.00    181.00      0.00       7.2754    0.0535      4.00      7.00     10.00     20.00      0.00
  2.0000   0.1000       13.1580    0.2358      4.00      7.00     15.00    218.00      0.00       9.4888    0.2235      1.00      3.00     11.00    212.00      0.00       7.0306    0.0549      4.00      7.00     10.00     18.00      0.00
  2.0000   0.0800       22.5268    0.3819      6.00     12.00     30.00    368.00      0.00      18.3316    0.3670      2.00      8.00     25.00    366.00      0.00       6.6624    0.0572      3.00      7.00     10.00     20.00      0.00
  2.0000   0.0600       36.7686    0.5903      8.00     22.00     50.00    421.00      0.00      31.9010    0.5568      5.00     18.00     45.00    421.00      0.00       5.9062    0.0598      2.00      6.00      9.00     17.00      0.00
  2.0000   0.0400       68.8120    1.0438     16.00     45.00     98.00    606.00      0.00      63.4766    0.9977     13.00     40.00     91.00    605.00      0.00       4.6550    0.0612      0.00      4.00      8.00     17.00      0.00
  2.0000   0.0200      125.7142    1.8391     34.00     86.00    173.00   1020.00      0.00     121.0908    1.7874     32.00     83.00    167.00   1020.00      0.00       2.1950    0.0488      0.00      0.00      4.00     17.00      0.00
  1.8000   0.2000        4.3974    0.0369      3.00      4.00      5.00     45.00      0.00       1.4398    0.0222      1.00      1.00      1.00     37.00      0.00       9.1612    0.0600      6.00      9.00     12.00     30.00      0.00
  1.8000   0.1800        5.0134    0.0519      3.00      4.00      6.00     60.00      0.00       1.7598    0.0355      1.00      1.00      2.00     59.00      0.00       8.8878    0.0576      6.00      9.00     12.00     26.00      0.00
  1.8000   0.1600        5.7340    0.0671      3.00      5.00      7.00     89.00      0.00       2.2658    0.0521      1.00      1.00      2.00     69.00      0.00       8.6026    0.0564      6.00      9.00     11.00     25.00      0.00
  1.8000   0.1400        7.0096    0.1051      4.00      5.00      8.00    144.00      0.00       3.2600    0.0918      1.00      1.00      3.00    141.00      0.00       8.2872    0.0560      5.00      9.00     11.00     20.00      0.00
  1.8000   0.1200        9.0508    0.1401      4.00      6.00     10.00    121.00      0.00       4.9726    0.1201      1.00      2.00      4.00    111.00      0.00       8.0096    0.0549      5.00      8.00     11.00     22.00      0.00
  1.8000   0.1000       14.0352    0.2367      5.00      8.00     17.00    254.00      0.00       9.5604    0.2222      1.00      3.00     11.00    250.00      0.00       7.7094    0.0572      5.00      8.00     11.00     21.00      0.00
  1.8000   0.0800       22.7682    0.3717      6.00     13.00     30.00    270.00      0.00      17.6122    0.3482      2.00      8.00     24.00    268.00      0.00       7.3908    0.0600      4.00      8.00     11.00     22.00      0.00
  1.8000   0.0600       39.7952    0.6269      9.00     25.00     54.00    559.00      0.00      33.3578    0.5843      5.00     19.00     46.00    552.00      0.00       6.5954    0.0637      2.00      7.00     10.00     19.00      0.00
  1.8000   0.0400       72.2646    1.0927     18.00     47.00    101.00    827.00      0.00      64.3374    1.0127     14.00     41.00     89.00    825.00      0.00       5.0686    0.0655      0.00      5.00      9.00     22.00      0.00
  1.8000   0.0200      133.5974    1.9002     38.00     92.00    185.00   1443.00      0.00     126.5760    1.8433     34.00     87.00    174.00   1443.00      0.00       2.3932    0.0532      0.00      0.00      5.00     22.00      0.00
  1.6000   0.2000        5.1076    0.0426      3.00      5.00      6.00     56.00      0.00       1.4658    0.0222      1.00      1.00      1.00     47.00      0.00      10.4264    0.0655      7.00     10.00     13.00     29.00      0.00
  1.6000   0.1800        5.6918    0.0560      3.00      5.00      7.00     80.00      0.00       1.7512    0.0353      1.00      1.00      2.00     78.00      0.00      10.0012    0.0636      7.00     10.00     13.00     35.00      0.00
  1.6000   0.1600        6.5558    0.0753      4.00      5.00      8.00     84.00      0.00       2.2810    0.0569      1.00      1.00      2.00     82.00      0.00       9.5310    0.0599      7.00     10.00     12.00     29.00      0.00
  1.6000   0.1400        7.8786    0.1067      4.00      6.00      9.00    123.00      0.00       3.1890    0.0807      1.00      2.00      3.00    112.00      0.00       9.3076    0.0586      6.00     10.00     12.00     30.00      0.00
  1.6000   0.1200       10.5254    0.1585      5.00      7.00     12.00    187.00      0.00       5.2896    0.1265      1.00      2.00      5.00    111.00      0.00       8.9544    0.0592      6.00      9.00     12.00     26.00      0.00
  1.6000   0.1000       14.9516    0.2356      5.00      9.00     18.00    200.00      0.00       9.1558    0.2014      1.00      3.00     11.00    147.00      0.00       8.6128    0.0611      6.00      9.00     12.00     25.00      0.00
  1.6000   0.0800       24.5042    0.3888      7.00     14.00     32.00    256.00      0.00      17.5588    0.3422      2.00      8.00     24.00    223.00      0.00       8.1162    0.0647      5.00      9.00     12.00     23.00      0.00
  1.6000   0.0600       43.4000    0.6799     11.00     28.00     58.00    492.00      0.00      34.5262    0.5881      5.00     20.00     48.00    375.00      0.00       7.2542    0.0691      3.00      8.00     11.00     26.00      0.00
  1.6000   0.0400       74.7246    1.1078     19.00     50.00    104.00    743.00      0.00      63.7400    0.9889     13.00     42.00     90.00    631.00      0.00       5.6804    0.0723      0.00      6.00     10.00     21.00      0.00
  1.6000   0.0200      132.1816    1.9116     35.00     88.00    187.00   1012.00      0.00     122.1858    1.7922     31.00     81.00    173.00   1012.00      0.00       2.7220    0.0606      0.00      0.00      6.00     23.00      0.00
  1.4000   0.2000        5.9742    0.0490      4.00      5.00      7.00     38.00      0.00       1.4328    0.0190      1.00      1.00      1.00     25.00      0.00      11.8102    0.0734      8.00     12.00     15.00     36.00      0.00
  1.4000   0.1800        6.6740    0.0659      4.00      6.00      8.00     93.00      0.00       1.8150    0.0396      1.00      1.00      2.00     93.00      0.00      11.3650    0.0719      8.00     11.00     14.00     37.00      0.00
  1.4000   0.1600        7.6284    0.0921      4.00      6.00      9.00    180.00      0.00       2.2748    0.0551      1.00      1.00      2.00     89.00      0.00      10.9316    0.0697      8.00     11.00     14.00     34.00      0.00
  1.4000   0.1400        9.0934    0.1181      5.00      7.00     11.00    150.00      0.00       3.1844    0.0854      1.00      1.00      3.00    132.00      0.00      10.4760    0.0653      7.00     11.00     13.00     35.00      0.00
  1.4000   0.1200       11.7392    0.1680      5.00      8.00     13.00    154.00      0.00       5.1742    0.1300      1.00      2.00      5.00    133.00      0.00      10.2052    0.0649      7.00     11.00     13.00     30.00      0.00
  1.4000   0.1000       17.4738    0.2767      6.00     11.00     21.00    231.00      0.00       9.4620    0.2124      1.00      3.00     11.00    183.00      0.00       9.8646    0.0698      7.00     10.00     13.00     36.00      0.00
  1.4000   0.0800       27.3848    0.4291      8.00     16.00     36.00    316.00      0.00      17.7350    0.3441      2.00      8.00     24.00    282.00      0.00       9.2958    0.0734      6.00     10.00     13.00     36.00      0.00
  1.4000   0.0600       44.4068    0.6623     12.00     28.00     62.00    399.00      0.00      32.9606    0.5536      5.00     19.00     47.00    311.00      0.00       8.1950    0.0780      3.00      9.00     12.00     33.00      0.00
  1.4000   0.0400       78.7088    1.1641     21.00     52.00    108.00    687.00      0.00      63.9148    1.0059     14.00     41.00     90.00    687.00      0.00       6.5440    0.0830      0.00      7.00     11.00     30.00      0.00
  1.4000   0.0200      139.6222    1.9900     39.00     94.00    194.00   1245.00      0.00     127.7050    1.8628     33.00     86.00    178.00   1230.00      0.00       3.0320    0.0687      0.00      0.00      6.00     27.00      0.00
  1.2000   0.2000        7.2948    0.0635      4.00      6.00      9.00     70.00      0.00       1.4566    0.0202      1.00      1.00      1.00     30.00      0.00      14.1236    0.0906     10.00     14.00     18.00     48.00      0.00
  1.2000   0.1800        8.1152    0.0778      5.00      7.00     10.00     85.00      0.00       1.7538    0.0345      1.00      1.00      2.00     47.00      0.00      13.3922    0.0878      9.00     13.00     17.00     50.00      0.00
  1.2000   0.1600        9.1754    0.0972      5.00      8.00     11.00     86.00      0.00       2.2392    0.0520      1.00      1.00      2.00     57.00      0.00      12.8274    0.0828      9.00     13.00     16.00     43.00      0.00
  1.2000   0.1400       10.9542    0.1326      6.00      9.00     13.00    150.00      0.00       3.1832    0.0822      1.00      1.00      3.00     92.00      0.00      12.3746    0.0811      9.00     12.00     16.00     53.00      0.00
  1.2000   0.1200       13.9674    0.1876      6.00     10.00     17.00    172.00      0.00       5.1374    0.1283      1.00      2.00      5.00    145.00      0.00      11.8780    0.0799      9.00     12.00     15.00     37.00      0.00
  1.2000   0.1000       19.6194    0.2945      7.00     13.00     24.00    288.00      0.00       9.2618    0.2040      1.00      3.00     11.00    165.00      0.00      11.4098    0.0833      8.00     12.00     15.00     38.00      0.00
  1.2000   0.0800       30.2906    0.4614      9.00     19.00     40.00    337.00      0.00      17.7136    0.3502      2.00      8.00     24.00    235.00      0.00      10.8034    0.0881      7.00     11.00     15.00     41.00      0.00
  1.2000   0.0600       50.3050    0.7796     13.00     32.00     67.00    521.00      0.00      33.9608    0.6040      4.00     19.00     46.00    504.00      0.00       9.5200    0.0945      3.00     10.00     14.00     38.00      0.00
  1.2000   0.0400       82.2936    1.2020     23.00     55.00    113.00    799.00      0.00      62.9754    0.9746     14.00     41.00     89.00    606.00      0.00       7.1434    0.0990      0.00      7.00     13.00     40.00      0.00
  1.2000   0.0200      141.0802    2.0443     40.00     96.00    194.00   1275.00      0.00     122.7188    1.7861     32.00     83.00    172.00   1168.00      0.00       3.5526    0.0833      0.00      0.00      7.00     35.00      0.00
  1.0000   0.2000        9.3410    0.0850      5.00      8.00     12.00     88.00      0.00       1.4938    0.0268      1.00      1.00      1.00     50.00      0.00      17.3964    0.1198     12.00     16.00     22.00     63.00      0.00
  1.0000   0.1800       10.3544    0.0991      6.00      9.00     13.00    115.00      0.00       1.7502    0.0330      1.00      1.00      2.00     54.00      0.00      16.6016    0.1135     11.00     16.00     21.00     74.00      0.00
  1.0000   0.1600       12.0030    0.1296      6.00     10.00     15.00    116.00      0.00       2.3060    0.0594      1.00      1.00      2.00     88.00      0.00      16.1346    0.1128     11.00     15.00     20.00     64.00      0.00
  1.0000   0.1400       13.9294    0.1594      7.00     11.00     17.00    129.00      0.00       3.2258    0.0828      1.00      2.00      3.00    114.00      0.00      15.3410    0.1115     10.00     15.00     20.00     78.00      0.00
  1.0000   0.1200       17.4316    0.2160      8.00     13.00     22.00    162.00      0.00       5.0592    0.1240      1.00      2.00      5.00     94.00      0.00      14.9292    0.1109     10.00     14.00     19.00     54.00      0.00
  1.0000   0.1000       24.2744    0.3339      9.00     17.00     31.00    319.00      0.00       9.4090    0.2212      1.00      3.00     10.00    295.00      0.00      14.2016    0.1083     10.00     14.00     19.00     52.00      0.00
  1.0000   0.0800       35.4988    0.5054     12.00     23.00     46.00    331.00      0.00      17.8694    0.3490      2.00      8.00     24.00    272.00      0.00      13.4058    0.1212      8.00     13.00     19.00     56.00      0.00
  1.0000   0.0600       56.0910    0.7966     17.00     37.00     76.00    559.00      0.00      34.0956    0.5898      5.00     20.00     48.00    477.00      0.00      11.3460    0.1230      3.00     12.00     17.00     52.00      0.00
  1.0000   0.0400       91.9808    1.3328     26.00     62.00    125.00    727.00      0.00      63.2970    1.0094     13.00     40.00     88.00    642.00      0.00       8.4192    0.1246      0.00      7.00     15.00     55.00      0.00
  1.0000   0.0200      146.2566    2.0795     41.00    101.00    203.00   1349.00      0.00     123.5222    1.8107     32.00     83.00    174.00   1007.00      0.00       4.0146    0.1040      0.00      0.00      5.00     45.00      0.00
  0.8000   0.2000       13.2414    0.1227      7.00     11.00     17.00     93.00      0.00       1.4948    0.0283      1.00      1.00      1.00     62.00      0.00      23.9226    0.1886     15.00     22.00     31.00     94.00      0.00
  0.8000   0.1800       14.6842    0.1486      8.00     12.00     19.00    139.00      0.00       1.8078    0.0399      1.00      1.00      2.00     91.00      0.00      22.7520    0.1831     14.00     21.00     29.00    107.00      0.00
  0.8000   0.1600       16.6922    0.1811      8.00     14.00     21.00    166.00      0.00       2.3092    0.0544      1.00      1.00      2.00     63.00      0.00      21.6754    0.1766     13.00     20.00     28.00    103.00      0.00
  0.8000   0.1400       19.5960    0.2150      9.00     16.00     25.00    151.00      0.00       3.2902    0.0836      1.00      1.00      3.00     99.00      0.00      20.9572    0.1705     13.00     19.00     27.00    117.00      0.00
  0.8000   0.1200       23.9244    0.2898     11.00     18.00     31.00    198.00      0.00       5.1672    0.1279      1.00      2.00      5.00    112.00      0.00      20.0018    0.1670     12.00     19.00     27.00     80.00      0.00
  0.8000   0.1000       32.0604    0.4245     13.00     23.00     41.00    348.00      0.00       9.1476    0.2131      1.00      3.00     10.00    204.00      0.00      19.2668    0.1730     11.00     18.00     26.00     90.00      0.00
  0.8000   0.0800       46.5462    0.6322     16.00     32.00     62.00    436.00      0.00      17.5530    0.3358      2.00      8.00     24.00    204.00      0.00      17.9192    0.1807      9.00     17.00     25.00     90.00      0.00
  0.8000   0.0600       68.8620    0.9334     22.00     49.00     95.00    620.00      0.00      33.5426    0.5672      5.00     19.00     48.00    365.00      0.00      14.9230    0.1852      2.00     14.00     23.00     89.00      0.00
  0.8000   0.0400      103.8804    1.4636     31.00     72.00    142.00    920.00      0.00      63.0558    0.9793     14.00     41.00     89.00    612.00      0.00      10.7412    0.1766      0.00      6.00     18.00     97.00      0.00
  0.8000   0.0200      162.0356    2.2756     48.00    113.00    227.00   1366.00      0.00     128.5710    1.8401     36.00     90.00    182.00   1226.00      0.00       4.8772    0.1413      0.00      0.00      3.00     85.00      0.00
  0.6000   0.2000       21.0174    0.2129     10.00     18.00     27.00    117.00      0.00       1.4416    0.0211      1.00      1.00      1.00     36.00      0.00      36.5342    0.3335     20.00     32.00     48.00    190.00      0.00
  0.6000   0.1800       24.1604    0.2533     12.00     20.00     31.00    197.00      0.00       1.6952    0.0281      1.00      1.00      2.00     44.00      0.00      35.7466    0.3400     19.00     31.00     47.00    201.00      0.00
  0.6000   0.1600       27.1984    0.2967     13.00     22.00     35.00    248.00      0.00       2.2364    0.0521      1.00      1.00      2.00     89.00      0.00      33.8368    0.3248     18.00     29.00     45.00    218.00      0.00
  0.6000   0.1400       33.0464    0.3878     15.00     26.00     43.00    233.00      0.00       3.3252    0.0941      1.00      1.00      3.00    136.00      0.00      33.1492    0.3306     17.00     28.00     44.00    222.00      0.00
  0.6000   0.1200       38.2254    0.4672     16.00     29.00     51.00    286.00      0.00       5.1450    0.1325      1.00      2.00      5.00    106.00      0.00      30.3726    0.3122     15.00     26.00     41.00    190.00      0.00
  0.6000   0.1000       49.0594    0.5968     19.00     37.00     66.00    432.00      0.00       9.5774    0.2173      1.00      3.00     11.00    224.00      0.00      29.1126    0.3113     14.00     25.00     40.00    174.00      0.00
  0.6000   0.0800       65.6674    0.8589     23.00     48.00     89.00    574.00      0.00      18.2434    0.3574      2.00      8.00     25.00    244.00      0.00      25.7668    0.3126      9.00     22.00     37.00    153.00      0.00
  0.6000   0.0600       92.7512    1.2618     30.00     66.00    128.00    980.00      0.00      34.1766    0.5689      5.00     20.00     49.00    325.00      0.00      20.7136    0.3003      2.00     16.00     32.00    142.00      0.00
  0.6000   0.0400      126.7074    1.7079     40.00     92.00    174.00   1201.00      0.00      64.6964    0.9861     14.00     42.00     94.00    599.00      0.00      14.9406    0.2899      0.00      5.00     24.00    191.00      0.00
  0.6000   0.0200      177.3248    2.4425     53.00    126.00    249.00   1264.00      0.00     127.2502    1.8073     35.00     89.00    176.00   1082.00      0.00       5.3736    0.1861      0.00      0.00      3.00    142.00      0.00
  0.4000   0.2000       50.2500    0.6118     20.00     39.00     68.00    398.00      0.00       1.4702    0.0239      1.00      1.00      1.00     34.00      0.00      77.1618    0.9290     31.00     60.00    104.00    705.00      0.00
  0.4000   0.1800       56.3898    0.6975     22.00     43.00     75.00    432.00      0.00       1.7670    0.0357      1.00      1.00      2.00     53.00      0.00      72.1704    0.8546     29.00     56.00     98.00    594.00      0.00
  0.4000   0.1600       63.1546    0.8003     24.00     48.00     85.00    483.00      0.00       2.2242    0.0519      1.00      1.00      2.00     76.00      0.00      67.7504    0.8336     26.00     53.00     93.00    620.00      0.00
  0.4000   0.1400       71.6172    0.8920     26.00     55.00     98.00    676.00      0.00       3.1344    0.0790      1.00      2.00      3.00    102.00      0.00      62.4198    0.7592     24.00     49.00     86.00    467.00      0.00
  0.4000   0.1200       81.7476    1.0500     29.00     60.00    110.00    581.00      0.00       5.2262    0.1301      1.00      2.00      5.00    125.00      0.00      54.7262    0.7055     19.00     42.00     76.00    402.00      0.00
  0.4000   0.1000       98.8306    1.3215     33.00     72.00    135.00    882.00      0.00       9.6046    0.2185      1.00      3.00     11.00    199.00      0.00      50.0114    0.6882     14.00     37.00     71.00    372.00      0.00
  0.4000   0.0800      116.7656    1.5452     39.00     84.00    161.00    882.00      0.00      18.3608    0.3520      2.00      8.00     25.00    222.00      0.00      40.7908    0.6222      8.00     28.00     59.00    344.00      0.00
  0.4000   0.0600      140.8018    1.9235     44.00     98.00    195.00   1100.00      0.00      34.1470    0.5953      5.00     20.00     48.00    564.00      0.00      29.1982    0.5264      2.00     15.00     44.00    282.00      0.00
  0.4000   0.0400      171.6084    2.3719     49.00    121.00    241.00   1430.00      0.00      66.4280    1.0374     14.00     43.00     94.00    660.00      0.00      16.5490    0.3918      0.00      4.00     22.00    263.00      0.00
  0.4000   0.0200      188.5486    2.6500     55.00    134.00    262.00   1544.00      0.00     126.4570    1.8395     34.00     89.00    181.00   1338.00      0.00       4.7156    0.2011      0.00      0.00      2.00    163.00      0.00
  0.2000   0.2000      142.8380    2.0236     43.00     99.00    193.00   1560.00      0.00       1.4562    0.0208      1.00      1.00      1.00     32.00      0.00     170.1156    2.4484     50.00    118.00    230.00   1442.00      0.00
  0.2000   0.1800      147.4878    2.0718     42.00    102.00    207.00   1210.00      0.00       1.7524    0.0348      1.00      1.00      2.00     62.00      0.00     146.9270    2.1652     40.00    100.00    202.00   1500.00      0.00
  0.2000   0.1600      151.4156    2.1876     44.00    104.00    208.00   1538.00      0.00       2.1648    0.0479      1.00      1.00      2.00     50.00      0.00     123.0908    1.8195     33.00     82.00    170.00   1335.00      0.00
  0.2000   0.1400      163.3928    2.3089     47.00    112.00    229.00   1491.00      0.00       3.2092    0.0846      1.00      2.00      3.00    147.00      0.00     104.2914    1.5318     28.00     69.00    147.00    892.00      0.00
  0.2000   0.1200      171.7376    2.3568     49.00    121.00    243.00   1501.00      0.00       5.2000    0.1326      1.00      2.00      5.00    161.00      0.00      82.8088    1.2107     20.00     56.00    119.00    734.00      0.00
  0.2000   0.1000      179.3688    2.5320     53.00    122.00    246.00   1574.00      0.00       9.4842    0.2120      1.00      3.00     11.00    194.00      0.00      62.7390    0.9884     13.00     39.00     89.00    679.00      0.00
  0.2000   0.0800      181.9746    2.5824     53.00    125.00    252.00   1628.00      0.00      18.3660    0.3620      2.00      8.00     25.00    288.00      0.00      42.9356    0.7293      6.00     25.00     61.00    419.00      0.00
  0.2000   0.0600      189.7838    2.6840     54.00    131.00    265.00   1817.00      0.00      33.6128    0.5844      5.00     19.00     47.00    417.00      0.00      26.0230    0.4961      2.00     12.00     37.00    373.00      0.00
  0.2000   0.0400      195.8108    2.7815     53.00    135.00    276.00   1630.00      0.00      63.6096    1.0216     13.00     41.00     88.00    988.00      0.00      12.2450    0.3010      0.00      3.00     14.00    174.00      0.00
  0.2000   0.0200      191.7242    2.6305     57.00    134.00    270.00   1661.00      0.00     123.1612    1.7617     34.00     84.00    171.00    923.00      0.00       2.9762    0.1129      0.00      0.00      2.00     87.00      0.00
