Amp Radius  OC_Mean OC_Std OC_Q1 OC_Med OC_Q3 OC_Max OC_Min  Exp_Mean Exp_Std Exp_Q1 Exp_Med Exp_Q3 Exp_Max Exp_Min  Num_Mean Num_Std Num_Q1 Num_Med Num_Q3 Num_Max Num_Min
  2.0000   0.2000        3.8400    0.0312      2.00      3.00      5.00     25.00      0.00       1.6658    0.0159      1.00      1.00      2.00     12.00      0.00       9.7628    0.0563      7.00     10.00     12.00     23.00      0.00
  2.0000   0.1800        4.2656    0.0358      2.00      4.00      5.00     20.00      0.00       1.8576    0.0187      1.00      1.00      2.00     13.00      0.00       9.5006    0.0558      7.00     10.00     12.00     23.00      0.00
  2.0000   0.1600        4.7696    0.0414      3.00      4.00      6.00     29.00      0.00       2.1464    0.0232      1.00      2.00      3.00     18.00      0.00       9.3304    0.0548      7.00     10.00     12.00     27.00      0.00
  2.0000   0.1400        5.4878    0.0506      3.00      5.00      7.00     32.00      0.00       2.5364    0.0288      1.00      2.00      3.00     24.00      0.00       9.0570    0.0544      7.00     10.00     12.00     21.00      0.00
  2.0000   0.1200        6.5618    0.0626      3.00      5.00      9.00     43.00      0.00       3.1414    0.0361      1.00      2.00      4.00     24.00      0.00       8.9030    0.0534      7.00     10.00     11.00     22.00      0.00
  2.0000   0.1000        8.0422    0.0836      4.00      7.00     11.00     62.00      0.00       4.1050    0.0484      2.00      3.00      6.00     41.00      0.00       8.5380    0.0531      6.00     10.00     11.00     20.00      0.00
  2.0000   0.0800       10.9200    0.1255      5.00      9.00     14.00    155.00      0.00       5.8360    0.0736      2.00      4.00      8.00     63.00      0.00       8.3150    0.0532      6.00     10.00     11.00     19.00      0.00
  2.0000   0.0600       16.9222    0.2182      7.00     13.00     22.00    234.00      0.00      10.3720    0.1562      3.00      7.00     14.00    232.00      0.00       7.9118    0.0545      6.00      9.00     11.00     20.00      0.00
  2.0000   0.0400       37.0956    0.5190     12.00     26.00     51.00    315.00      0.00      28.3040    0.4360      7.00     18.00     38.00    313.00      0.00       6.6932    0.0584      3.00      7.00     10.00     19.00      0.00
  2.0000   0.0200      103.0042    1.4388     29.00     71.00    145.00    813.00      0.00      92.2938    1.3236     25.00     62.00    130.00    705.00      0.00       3.4976    0.0558      0.00      1.00      7.00     17.00      0.00
  1.8000   0.2000        4.3280    0.0357      3.00      4.00      5.00     25.00      0.00       1.6782    0.0164      1.00      1.00      2.00      9.00      0.00      10.5392    0.0574      8.00     11.00     13.00     27.00      0.00
  1.8000   0.1800        4.8454    0.0413      3.00      4.00      6.00     29.00      0.00       1.9052    0.0195      1.00      1.00      2.00     17.00      0.00      10.2288    0.0583      8.00     11.00     13.00     31.00      0.00
  1.8000   0.1600        5.3668    0.0483      3.00      5.00      7.00     37.00      0.00       2.1028    0.0224      1.00      2.00      3.00     22.00      0.00      10.1326    0.0551      8.00     11.00     13.00     24.00      0.00
  1.8000   0.1400        6.2024    0.0571      3.00      5.00      8.00     39.00      0.00       2.4860    0.0269      1.00      2.00      3.00     28.00      0.00       9.8270    0.0559      7.00     11.00     12.00     25.00      0.00
  1.8000   0.1200        7.3894    0.0720      4.00      6.00     10.00     68.00      0.00       3.1764    0.0360      1.00      2.00      4.00     21.00      0.00       9.4932    0.0548      7.00     10.00     12.00     22.00      0.00
  1.8000   0.1000        9.1392    0.0956      4.00      8.00     12.00     72.00      0.00       4.0606    0.0501      2.00      3.00      6.00     47.00      0.00       9.1634    0.0539      7.00     10.00     12.00     23.00      0.00
  1.8000   0.0800       12.0962    0.1389      5.00     10.00     16.00     84.00      0.00       5.7630    0.0777      2.00      4.00      8.00     76.00      0.00       8.8272    0.0548      7.00     10.00     11.00     23.00      0.00
  1.8000   0.0600       18.8834    0.2403      8.00     14.00     25.00    200.00      0.00      10.5964    0.1557      3.00      8.00     14.00    131.00      0.00       8.2456    0.0569      6.00      9.00     11.00     23.00      0.00
  1.8000   0.0400       40.0344    0.5465     13.00     28.00     55.00    501.00      0.00      27.9214    0.4190      7.00     18.00     39.00    301.00      0.00       7.0864    0.0620      3.00      8.00     11.00     20.00      0.00
  1.8000   0.0200      105.2154    1.4876     30.00     73.00    145.00    796.00      0.00      90.5246    1.3435     24.00     62.00    124.00    770.00      0.00       3.7744    0.0606      0.00      1.00      7.00     21.00      0.00
  1.6000   0.2000        4.8802    0.0414      3.00      4.00      6.00     30.00      0.00       1.6726    0.0165      1.00      1.00      2.00     11.00      0.00      11.5284    0.0628      9.00     12.00     14.00     30.00      0.00
  1.6000   0.1800        5.4316    0.0483      3.00      5.00      7.00     49.00      0.00       1.8578    0.0185      1.00      1.00      2.00     11.00      0.00      11.1810    0.0616      9.00     11.00     14.00     29.00      0.00
  1.6000   0.1600        6.1060    0.0540      3.00      5.00      8.00     39.00      0.00       2.1548    0.0228      1.00      2.00      3.00     12.00      0.00      10.9140    0.0603      9.00     11.00     13.00     29.00      0.00
  1.6000   0.1400        7.1416    0.0669      4.00      6.00      9.00     38.00      0.00       2.5386    0.0287      1.00      2.00      3.00     25.00      0.00      10.7072    0.0596      8.00     11.00     13.00     34.00      0.00
  1.6000   0.1200        8.5350    0.0884      4.00      7.00     11.00     86.00      0.00       3.1088    0.0354      1.00      2.00      4.00     38.00      0.00      10.3450    0.0585      8.00     11.00     13.00     30.00      0.00
  1.6000   0.1000       10.3984    0.1072      5.00      9.00     14.00     68.00      0.00       4.0114    0.0464      2.00      3.00      5.00     32.00      0.00       9.9618    0.0588      8.00     11.00     12.00     25.00      0.00
  1.6000   0.0800       14.4730    0.1693      6.00     11.00     18.00    135.00      0.00       6.0704    0.0811      2.00      5.00      8.00    130.00      0.00       9.6864    0.0586      7.00     11.00     12.00     25.00      0.00
  1.6000   0.0600       21.7658    0.2732      9.00     16.00     29.00    179.00      0.00      10.5930    0.1558      4.00      8.00     14.00    168.00      0.00       8.9768    0.0612      7.00     10.00     12.00     30.00      0.00
  1.6000   0.0400       44.9574    0.6166     15.00     31.00     61.00    454.00      0.00      28.2854    0.4247      7.00     18.00     39.00    314.00      0.00       7.5624    0.0683      3.00      8.00     11.00     25.00      0.00
  1.6000   0.0200      110.3696    1.5591     33.00     77.00    151.00    840.00      0.00      90.9246    1.3147     25.00     63.00    125.00    840.00      0.00       3.9778    0.0665      0.00      1.00      8.00     23.00      0.00
  1.4000   0.2000        5.7228    0.0504      3.00      5.00      7.00     36.00      0.00       1.6682    0.0161      1.00      1.00      2.00     11.00      0.00      12.9178    0.0732     10.00     13.00     16.00     52.00      0.00
  1.4000   0.1800        6.4152    0.0587      3.00      5.00      8.00     40.00      0.00       1.8134    0.0184      1.00      1.00      2.00     11.00      0.00      12.6400    0.0713     10.00     12.00     15.00     39.00      0.00
  1.4000   0.1600        7.1972    0.0668      4.00      6.00      9.00     48.00      0.00       2.1486    0.0230      1.00      2.00      3.00     19.00      0.00      12.2444    0.0686     10.00     12.00     15.00     33.00      0.00
  1.4000   0.1400        8.2622    0.0807      4.00      7.00     11.00     54.00      0.00       2.5114    0.0278      1.00      2.00      3.00     17.00      0.00      11.8412    0.0691      9.00     12.00     14.00     34.00      0.00
  1.4000   0.1200        9.9268    0.1025      5.00      8.00     13.00     70.00      0.00       3.0526    0.0344      1.00      2.00      4.00     22.00      0.00      11.6430    0.0681      9.00     12.00     14.00     32.00      0.00
  1.4000   0.1000       12.5482    0.1378      6.00     10.00     16.00    132.00      0.00       3.9822    0.0465      2.00      3.00      5.00     32.00      0.00      11.2130    0.0687      9.00     11.00     14.00     33.00      0.00
  1.4000   0.0800       17.1638    0.2041      8.00     13.00     22.00    135.00      0.00       5.8838    0.0718      2.00      5.00      8.00     52.00      0.00      10.6238    0.0676      8.00     11.00     13.00     33.00      0.00
  1.4000   0.0600       25.8176    0.3174     10.00     19.00     35.00    192.00      0.00      10.4806    0.1525      3.00      8.00     14.00    152.00      0.00       9.8880    0.0712      7.00     11.00     13.00     34.00      0.00
  1.4000   0.0400       49.9182    0.6762     17.00     36.00     68.00    470.00      0.00      28.1822    0.4260      7.00     18.00     39.00    255.00      0.00       8.3706    0.0792      3.00      9.00     12.00     29.00      0.00
  1.4000   0.0200      117.7166    1.6283     35.00     84.00    164.00    925.00      0.00      91.4976    1.3023     24.00     63.00    128.00    768.00      0.00       4.3366    0.0758      0.00      1.00      9.00     29.00      0.00
  1.2000   0.2000        7.0816    0.0667      4.00      6.00      9.00     47.00      0.00       1.6696    0.0161      1.00      1.00      2.00     10.00      0.00      15.1138    0.0920     11.00     14.00     19.00     50.00      0.00
  1.2000   0.1800        7.6580    0.0732      4.00      6.00     10.00     50.00      0.00       1.8708    0.0198      1.00      1.00      2.00     15.00      0.00      14.5258    0.0888     11.00     14.00     18.00     50.00      0.00
  1.2000   0.1600        8.6078    0.0833      4.00      7.00     11.00     55.00      0.00       2.1212    0.0224      1.00      2.00      3.00     13.00      0.00      14.1468    0.0891     11.00     14.00     17.00     55.00      0.00
  1.2000   0.1400       10.3476    0.1129      5.00      8.00     13.00    142.00      0.00       2.5594    0.0280      1.00      2.00      3.00     21.00      0.00      13.7808    0.0852     10.00     13.00     17.00     44.00      0.00
  1.2000   0.1200       12.4132    0.1336      6.00     10.00     16.00     91.00      0.00       3.0822    0.0348      1.00      2.00      4.00     32.00      0.00      13.3934    0.0863     10.00     13.00     17.00     43.00      0.00
  1.2000   0.1000       15.5498    0.1827      7.00     12.00     20.00    176.00      0.00       4.0432    0.0489      2.00      3.00      6.00     86.00      0.00      12.9892    0.0837     10.00     13.00     16.00     42.00      0.00
  1.2000   0.0800       21.4092    0.2656      9.00     16.00     28.00    213.00      0.00       5.8586    0.0765      2.00      4.00      8.00     69.00      0.00      12.2258    0.0871      9.00     12.00     16.00     49.00      0.00
  1.2000   0.0600       31.9592    0.4109     12.00     23.00     44.00    268.00      0.00      10.4036    0.1525      3.00      7.00     14.00    161.00      0.00      11.2090    0.0894      8.00     11.00     15.00     43.00      0.00
  1.2000   0.0400       59.4690    0.8169     19.00     42.00     81.00    711.00      0.00      27.6308    0.4227      7.00     18.00     37.00    355.00      0.00       9.1888    0.0968      2.00     10.00     14.00     39.00      0.00
  1.2000   0.0200      128.4564    1.8221     38.00     88.00    177.00   1372.00      0.00      91.0058    1.3346     24.00     63.00    127.00    926.00      0.00       4.7644    0.0890      0.00      1.00      9.00     45.00      0.00
  1.0000   0.2000        8.9932    0.0868      5.00      8.00     12.00     54.00      0.00       1.6584    0.0157      1.00      1.00      2.00     10.00      0.00      18.7526    0.1277     13.00     17.00     24.00     75.00      0.00
  1.0000   0.1800       10.0286    0.0976      5.00      9.00     13.00     60.00      0.00       1.8622    0.0186      1.00      1.00      2.00     15.00      0.00      17.8924    0.1196     12.00     17.00     23.00     66.00      0.00
  1.0000   0.1600       11.8516    0.1220      6.00     10.00     16.00    100.00      0.00       2.1286    0.0227      1.00      2.00      3.00     14.00      0.00      17.9828    0.1230     12.00     17.00     23.00     71.00      0.00
  1.0000   0.1400       13.4762    0.1462      6.00     11.00     17.00    116.00      0.00       2.5402    0.0276      1.00      2.00      3.00     21.00      0.00      17.1606    0.1196     12.00     16.00     22.00     65.00      0.00
  1.0000   0.1200       16.0492    0.1761      7.00     13.00     21.00    116.00      0.00       3.1382    0.0357      1.00      2.00      4.00     32.00      0.00      16.6220    0.1214     11.00     16.00     21.00     65.00      0.00
  1.0000   0.1000       20.7052    0.2499      9.00     16.00     27.00    194.00      0.00       4.0756    0.0471      2.00      3.00      6.00     39.00      0.00      15.7444    0.1178     11.00     15.00     21.00     68.00      0.00
  1.0000   0.0800       27.5126    0.3513     11.00     20.00     37.00    348.00      0.00       5.8042    0.0736      2.00      4.00      8.00     74.00      0.00      14.9274    0.1211     10.00     14.00     20.00     70.00      0.00
  1.0000   0.0600       41.6188    0.5408     15.00     30.00     55.00    337.00      0.00      10.3774    0.1518      3.00      7.00     14.00    172.00      0.00      13.7426    0.1203      8.00     13.00     19.00     57.00      0.00
  1.0000   0.0400       74.1352    1.0216     24.00     52.00    100.00    625.00      0.00      28.2978    0.4273      7.00     18.00     39.00    328.00      0.00      10.9868    0.1283      2.00     11.00     17.00     55.00      0.00
  1.0000   0.0200      137.5694    1.9277     39.00     96.00    192.00   1189.00      0.00      88.1146    1.2673     23.00     59.00    123.00    664.00      0.00       5.0076    0.1083      0.00      1.00      9.00     59.00      0.00
  0.8000   0.2000       12.8146    0.1352      6.00     10.00     17.00    110.00      0.00       1.6860    0.0163      1.00      1.00      2.00     10.00      0.00      25.5132    0.1907     16.00     24.00     33.00    103.00      0.00
  0.8000   0.1800       14.1270    0.1522      7.00     12.00     19.00    115.00      0.00       1.8274    0.0184      1.00      1.00      2.00     12.00      0.00      24.6704    0.1897     15.00     23.00     31.00     95.00      0.00
  0.8000   0.1600       16.3276    0.1777      8.00     13.00     22.00    148.00      0.00       2.1460    0.0228      1.00      2.00      3.00     15.00      0.00      23.8668    0.1861     15.00     22.00     31.00     84.00      0.00
  0.8000   0.1400       18.8280    0.2118      9.00     15.00     25.00    155.00      0.00       2.5140    0.0280      1.00      2.00      3.00     19.00      0.00      22.7262    0.1794     14.00     21.00     30.00     88.00      0.00
  0.8000   0.1200       23.1062    0.2643     10.00     18.00     31.00    244.00      0.00       3.1468    0.0361      1.00      2.00      4.00     31.00      0.00      22.1766    0.1824     13.00     20.00     29.00     94.00      0.00
  0.8000   0.1000       29.6360    0.3604     12.00     23.00     40.00    220.00      0.00       4.0726    0.0472      2.00      3.00      6.00     34.00      0.00      20.9410    0.1802     13.00     19.00     28.00    102.00      0.00
  0.8000   0.0800       39.4226    0.5114     15.00     29.00     53.00    495.00      0.00       5.9032    0.0772      2.00      4.00      8.00     85.00      0.00      19.6240    0.1777     11.00     18.00     27.00     96.00      0.00
  0.8000   0.0600       57.7444    0.7579     20.00     42.00     78.00    468.00      0.00      10.2888    0.1444      3.00      8.00     14.00    143.00      0.00      17.1114    0.1786      7.00     15.00     24.00     82.00      0.00
  0.8000   0.0400       96.5454    1.3385     30.00     68.00    132.00    679.00      0.00      28.0300    0.4309      7.00     18.00     39.00    292.00      0.00      12.9730    0.1773      2.00     11.00     21.00     80.00      0.00
  0.8000   0.0200      157.8014    2.2154     46.00    111.00    220.00   1222.00      0.00      90.5958    1.3384     24.00     61.00    125.00    774.00      0.00       5.5454    0.1374      0.00      1.00      7.00     85.00      0.00
  0.6000   0.2000       20.5352    0.2279      9.00     16.00     27.00    172.00      0.00       1.6762    0.0158      1.00      1.00      2.00     11.00      0.00      38.9408    0.3425     22.00     35.00     51.00    193.00      0.00
  0.6000   0.1800       23.2814    0.2675     10.00     19.00     30.00    203.00      0.00       1.8496    0.0188      1.00      1.00      2.00     16.00      0.00      37.3692    0.3363     20.00     33.00     50.00    171.00      0.00
  0.6000   0.1600       26.9150    0.3115     12.00     21.00     35.00    209.00      0.00       2.1472    0.0229      1.00      2.00      3.00     16.00      0.00      37.1118    0.3415     20.00     33.00     49.00    168.00      0.00
  0.6000   0.1400       30.6576    0.3572     13.00     24.00     41.00    216.00      0.00       2.5360    0.0270      1.00      2.00      3.00     16.00      0.00      34.9180    0.3271     18.00     31.00     47.00    172.00      0.00
  0.6000   0.1200       38.2028    0.4573     15.00     29.00     51.00    238.00      0.00       3.1370    0.0355      1.00      2.00      4.00     23.00      0.00      33.1474    0.3166     17.00     29.00     46.00    169.00      0.00
  0.6000   0.1000       47.0166    0.5994     18.00     34.00     63.00    535.00      0.00       4.1820    0.0523      2.00      3.00      6.00    110.00      0.00      30.5568    0.3166     14.00     27.00     42.00    166.00      0.00
  0.6000   0.0800       63.1236    0.8236     22.00     45.00     85.00    825.00      0.00       5.7992    0.0749      2.00      5.00      8.00     75.00      0.00      27.9978    0.3059     12.00     24.00     40.00    172.00      0.00
  0.6000   0.0600       86.1136    1.1735     28.00     62.00    116.00    781.00      0.00      10.7268    0.1597      4.00      8.00     14.00    136.00      0.00      22.5574    0.2875      6.00     18.00     34.00    133.00      0.00
  0.6000   0.0400      123.6570    1.7182     38.00     87.00    169.00   1179.00      0.00      27.7078    0.4138      7.00     18.00     38.00    283.00      0.00      15.6402    0.2606      2.00      8.00     24.00    132.00      0.00
  0.6000   0.0200      172.6458    2.4064     52.00    121.00    237.00   1488.00      0.00      90.4224    1.3217     23.00     62.00    127.00    820.00      0.00       5.3162    0.1638      0.00      1.00      4.00    134.00      0.00
  0.4000   0.2000       45.3228    0.5684     18.00     34.00     60.00    387.00      0.00       1.6302    0.0154      1.00      1.00      2.00     11.00      0.00      75.7692    0.8412     33.00     61.00    103.00    453.00      0.00
  0.4000   0.1800       50.6346    0.6381     20.00     38.00     68.00    446.00      0.00       1.8634    0.0190      1.00      1.00      2.00     13.00      0.00      71.8708    0.7997     31.00     59.00     99.00    505.00      0.00
  0.4000   0.1600       58.0558    0.7418     21.00     43.00     79.00    427.00      0.00       2.1474    0.0232      1.00      2.00      3.00     13.00      0.00      68.2452    0.7920     27.00     55.00     94.00    488.00      0.00
  0.4000   0.1400       67.6930    0.8845     24.00     49.00     92.00    786.00      0.00       2.4848    0.0272      1.00      2.00      3.00     18.00      0.00      63.2496    0.7483     25.00     51.00     87.00    559.00      0.00
  0.4000   0.1200       79.1852    1.0561     27.00     57.00    107.00    767.00      0.00       3.1458    0.0357      1.00      2.00      4.00     28.00      0.00      57.8642    0.7081     21.00     46.00     81.00    453.00      0.00
  0.4000   0.1000       95.4460    1.3155     32.00     67.00    128.00    803.00      0.00       3.9660    0.0468      2.00      3.00      5.00     41.00      0.00      50.6440    0.6742     16.00     37.00     71.00    377.00      0.00
  0.4000   0.0800      116.0450    1.5813     38.00     82.00    158.00   1099.00      0.00       5.7852    0.0748      2.00      4.00      8.00     68.00      0.00      39.6602    0.5559     10.00     28.00     56.00    305.00      0.00
  0.4000   0.0600      140.7574    1.9395     42.00     98.00    194.00   1046.00      0.00      10.3032    0.1470      3.00      7.00     14.00    138.00      0.00      28.6832    0.4619      5.00     17.00     41.00    244.00      0.00
  0.4000   0.0400      170.7918    2.3593     53.00    123.00    232.00   1227.00      0.00      27.6312    0.4159      7.00     18.00     38.00    253.00      0.00      16.0694    0.3337      2.00      6.00     21.00    278.00      0.00
  0.4000   0.0200      198.9000    2.8154     60.00    138.00    275.00   1624.00      0.00      91.4348    1.2928     25.00     65.00    127.00    779.00      0.00       4.4634    0.1647      0.00      1.00      3.00    153.00      0.00
  0.2000   0.2000      141.7816    2.0093     41.00    100.00    195.00   1203.00      0.00       1.6628    0.0159      1.00      1.00      2.00     13.00      0.00     175.7132    2.5094     51.00    123.00    241.00   1669.00      0.00
  0.2000   0.1800      144.7432    2.0265     44.00     99.00    199.00   1140.00      0.00       1.8482    0.0181      1.00      1.00      2.00     11.00      0.00     149.4626    2.1417     44.00    103.00    205.00   1221.00      0.00
  0.2000   0.1600      157.8754    2.2260     46.00    111.00    216.00   1367.00      0.00       2.1194    0.0223      1.00      2.00      3.00     14.00      0.00     133.0642    1.9446     37.00     92.00    182.00   1145.00      0.00
  0.2000   0.1400      161.3554    2.2686     47.00    111.00    223.00   1385.00      0.00       2.4602    0.0273      1.00      2.00      3.00     21.00      0.00     107.5448    1.5907     28.00     72.00    148.00   1220.00      0.00
  0.2000   0.1200      173.4820    2.4460     50.00    121.00    238.00   1400.00      0.00       3.0794    0.0344      1.00      2.00      4.00     20.00      0.00      85.5806    1.2924     21.00     57.00    120.00    823.00      0.00
  0.2000   0.1000      180.2784    2.5457     52.00    127.00    245.00   1705.00      0.00       3.9676    0.0457      2.00      3.00      5.00     30.00      0.00      63.5918    0.9627     15.00     41.00     89.00    565.00      0.00
  0.2000   0.0800      186.4446    2.5552     55.00    132.00    262.00   1518.00      0.00       5.9834    0.0799      2.00      5.00      8.00    113.00      0.00      42.6304    0.6701      9.00     26.00     60.00    490.00      0.00
  0.2000   0.0600      190.9402    2.7563     53.00    131.00    263.00   1649.00      0.00      10.4272    0.1510      4.00      8.00     14.00    152.00      0.00      25.4922    0.4505      5.00     14.00     34.00    341.00      0.00
  0.2000   0.0400      197.6312    2.8614     56.00    134.00    271.00   1795.00      0.00      28.4160    0.4288      7.00     19.00     40.00    369.00      0.00      11.8970    0.2435      1.00      5.00     15.00    183.00      0.00
  0.2000   0.0200      203.0344    2.8905     59.00    144.00    280.00   1829.00      0.00      91.6692    1.3289     24.00     63.00    127.00    860.00      0.00       3.0034    0.0941      0.00      1.00      3.00    125.00      0.00
