Amp Radius  OC_Mean OC_Std OC_Q1 OC_Med OC_Q3 OC_Max OC_Min  Exp_Mean Exp_Std Exp_Q1 Exp_Med Exp_Q3 Exp_Max Exp_Min  Num_Mean Num_Std Num_Q1 Num_Med Num_Q3 Num_Max Num_Min
  2.0000   0.2000        5.6236    0.0418      3.00      5.00      7.00     20.00      0.00       1.2526    0.0073      1.00      1.00      1.00      5.00      0.00       6.9506    0.0533      4.00      6.00      9.00     28.00      0.00
  2.0000   0.1800        6.1860    0.0472      4.00      6.00      8.00     30.00      0.00       1.3722    0.0095      1.00      1.00      2.00     12.00      0.00       6.4270    0.0495      4.00      6.00      9.00     26.00      0.00
  2.0000   0.1600        6.6976    0.0503      4.00      6.00      9.00     32.00      0.00       1.4924    0.0106      1.00      1.00      2.00      9.00      0.00       5.8630    0.0452      4.00      5.00      8.00     22.00      0.00
  2.0000   0.1400        7.6652    0.0606      5.00      7.00     10.00     38.00      0.00       1.7410    0.0147      1.00      1.00      2.00     14.00      0.00       5.3858    0.0418      3.00      5.00      7.00     21.00      0.00
  2.0000   0.1200        8.7424    0.0719      5.00      8.00     11.00     55.00      0.00       2.0872    0.0196      1.00      2.00      3.00     21.00      0.00       4.7740    0.0371      3.00      4.00      6.00     23.00      0.00
  2.0000   0.1000       10.5660    0.0924      6.00      9.00     14.00     54.00      0.00       2.8354    0.0358      1.00      2.00      3.00     45.00      0.00       4.3524    0.0337      3.00      4.00      6.00     19.00      0.00
  2.0000   0.0800       13.4132    0.1301      7.00     11.00     17.00    115.00      0.00       4.3574    0.0608      2.00      3.00      5.00     65.00      0.00       4.0348    0.0314      3.00      4.00      5.00     19.00      0.00
  2.0000   0.0600       20.2754    0.2325      9.00     16.00     26.00    186.00      0.00       8.8204    0.1377      3.00      5.00     11.00    149.00      0.00       3.8288    0.0305      2.00      4.00      5.00     15.00      0.00
  2.0000   0.0400       37.4244    0.4822     14.00     27.00     50.00    356.00      0.00      21.4182    0.3249      5.00     13.00     30.00    254.00      0.00       3.4840    0.0319      2.00      3.00      5.00     15.00      0.00
  2.0000   0.0200       91.7148    1.2679     29.00     64.00    124.00    760.00      0.00      67.6348    0.9697     19.00     46.00     95.00    564.00      0.00       2.2924    0.0322      0.00      2.00      4.00     14.00      0.00
  1.8000   0.2000        6.8516    0.0523      4.00      6.00      9.00     30.00      0.00       1.2542    0.0074      1.00      1.00      1.00      5.00      0.00       8.4384    0.0664      5.00      8.00     11.00     35.00      0.00
  1.8000   0.1800        7.4122    0.0562      5.00      7.00     10.00     30.00      0.00       1.3412    0.0086      1.00      1.00      2.00      6.00      0.00       7.8162    0.0604      5.00      7.00     10.00     29.00      0.00
  1.8000   0.1600        8.2550    0.0657      5.00      8.00     11.00     40.00      0.00       1.4994    0.0110      1.00      1.00      2.00     10.00      0.00       7.1578    0.0559      4.00      7.00      9.00     25.00      0.00
  1.8000   0.1400        9.2010    0.0738      6.00      8.00     12.00     40.00      0.00       1.7122    0.0138      1.00      1.00      2.00     14.00      0.00       6.5148    0.0529      4.00      6.00      9.00     26.00      0.00
  1.8000   0.1200       10.6980    0.0904      6.00     10.00     14.00     57.00      0.00       2.0638    0.0190      1.00      2.00      3.00     18.00      0.00       5.8482    0.0478      3.00      5.00      8.00     32.00      0.00
  1.8000   0.1000       12.8512    0.1131      7.00     11.00     17.00     70.00      0.00       2.7316    0.0326      1.00      2.00      3.00     46.00      0.00       5.3032    0.0428      3.00      5.00      7.00     21.00      0.00
  1.8000   0.0800       16.0616    0.1589      9.00     14.00     21.00    108.00      0.00       4.2900    0.0613      2.00      3.00      5.00     60.00      0.00       4.8064    0.0391      3.00      4.00      6.00     23.00      0.00
  1.8000   0.0600       23.4540    0.2551     11.00     19.00     30.00    170.00      0.00       8.5528    0.1278      3.00      5.00     11.00    114.00      0.00       4.5986    0.0392      3.00      4.00      6.00     27.00      0.00
  1.8000   0.0400       43.4232    0.5517     17.00     33.00     58.00    407.00      0.00      21.6744    0.3255      5.00     14.00     30.00    209.00      0.00       4.1016    0.0406      2.00      4.00      6.00     22.00      0.00
  1.8000   0.0200       98.9362    1.3870     30.00     69.00    135.00    878.00      0.00      67.0416    0.9894     18.00     46.00     92.00    712.00      0.00       2.5786    0.0379      0.00      2.00      4.00     25.00      0.00
  1.6000   0.2000        8.5010    0.0686      5.00      8.00     11.00     54.00      0.00       1.2468    0.0072      1.00      1.00      1.00      7.00      0.00      10.4938    0.0846      6.00     10.00     14.00     45.00      0.00
  1.6000   0.1800        9.0926    0.0728      5.00      8.00     12.00     40.00      0.00       1.3644    0.0089      1.00      1.00      2.00      6.00      0.00       9.4838    0.0762      6.00      9.00     13.00     42.00      0.00
  1.6000   0.1600       10.2130    0.0835      6.00      9.00     13.00     54.00      0.00       1.5038    0.0109      1.00      1.00      2.00      9.00      0.00       8.7942    0.0700      5.00      8.00     12.00     44.00      0.00
  1.6000   0.1400       11.4170    0.0969      7.00     10.00     15.00     59.00      0.00       1.7150    0.0140      1.00      1.00      2.00     13.00      0.00       8.0080    0.0678      4.00      7.00     10.00     38.00      0.00
  1.6000   0.1200       13.5394    0.1199      8.00     12.00     18.00     87.00      0.00       2.1088    0.0204      1.00      2.00      3.00     22.00      0.00       7.3456    0.0624      4.00      7.00     10.00     33.00      0.00
  1.6000   0.1000       16.1214    0.1461      9.00     14.00     21.00     93.00      0.00       2.7914    0.0318      1.00      2.00      3.00     36.00      0.00       6.5624    0.0559      4.00      6.00      9.00     35.00      0.00
  1.6000   0.0800       20.4014    0.2002     10.00     17.00     27.00    109.00      0.00       4.3006    0.0582      2.00      3.00      5.00     47.00      0.00       6.0286    0.0523      3.00      5.00      8.00     29.00      0.00
  1.6000   0.0600       28.9832    0.3299     13.00     23.00     38.00    264.00      0.00       8.5324    0.1327      3.00      5.00     11.00    133.00      0.00       5.7072    0.0514      3.00      5.00      8.00     29.00      0.00
  1.6000   0.0400       49.8630    0.6242     19.00     37.00     68.00    476.00      0.00      20.8732    0.3087      5.00     14.00     29.00    189.00      0.00       4.9476    0.0523      2.00      4.00      7.00     28.00      0.00
  1.6000   0.0200      110.1436    1.4862     35.00     79.00    153.00   1020.00      0.00      68.2950    0.9756     19.00     48.00     95.00    965.00      0.00       2.9556    0.0482      0.00      2.00      5.00     25.00      0.00
  1.4000   0.2000       10.8760    0.0908      6.00     10.00     14.00     70.00      0.00       1.2642    0.0074      1.00      1.00      1.00      5.00      0.00      13.4046    0.1130      8.00     12.00     18.00     58.00      0.00
  1.4000   0.1800       11.8208    0.1022      7.00     11.00     15.00     76.00      0.00       1.3602    0.0088      1.00      1.00      2.00      6.00      0.00      12.2194    0.1041      7.00     11.00     16.00     59.00      0.00
  1.4000   0.1600       13.3520    0.1130      8.00     12.00     17.00     68.00      0.00       1.5060    0.0109      1.00      1.00      2.00      7.00      0.00      11.4478    0.0968      7.00     10.00     15.00     65.00      0.00
  1.4000   0.1400       14.9360    0.1334      8.00     13.00     19.00     90.00      0.00       1.7558    0.0146      1.00      2.00      2.00     11.00      0.00      10.3322    0.0910      6.00      9.00     14.00     58.00      0.00
  1.4000   0.1200       17.6750    0.1597     10.00     15.00     23.00    133.00      0.00       2.0640    0.0183      1.00      2.00      3.00     19.00      0.00       9.5564    0.0846      5.00      8.00     13.00     41.00      0.00
  1.4000   0.1000       21.4744    0.2141     11.00     18.00     28.00    160.00      0.00       2.8106    0.0341      1.00      2.00      3.00     35.00      0.00       8.5616    0.0791      5.00      7.00     11.00     56.00      0.00
  1.4000   0.0800       26.6440    0.2854     13.00     22.00     35.00    275.00      0.00       4.3790    0.0676      2.00      3.00      5.00    102.00      0.00       7.7230    0.0735      4.00      7.00     10.00     38.00      0.00
  1.4000   0.0600       38.5500    0.4314     17.00     31.00     51.00    341.00      0.00       8.7556    0.1329      3.00      6.00     11.00     89.00      0.00       7.2490    0.0712      4.00      6.00     10.00     42.00      0.00
  1.4000   0.0400       63.4402    0.7914     24.00     47.00     86.00    512.00      0.00      21.4390    0.3112      6.00     15.00     30.00    184.00      0.00       6.1858    0.0711      3.00      5.00      9.00     41.00      0.00
  1.4000   0.0200      125.9188    1.7028     40.00     88.00    175.00    979.00      0.00      69.0220    0.9936     18.00     47.00     95.00    532.00      0.00       3.3136    0.0588      0.00      2.00      5.00     34.00      0.00
  1.2000   0.2000       14.8026    0.1314      8.00     13.00     20.00     86.00      0.00       1.2534    0.0074      1.00      1.00      1.00      6.00      0.00      18.0228    0.1606     10.00     16.00     24.00    100.00      0.00
  1.2000   0.1800       16.5148    0.1522      9.00     14.00     21.00    136.00      0.00       1.3660    0.0093      1.00      1.00      2.00     12.00      0.00      16.7282    0.1497      9.00     15.00     22.00     90.00      0.00
  1.2000   0.1600       17.9036    0.1680     10.00     16.00     24.00    114.00      0.00       1.5046    0.0109      1.00      1.00      2.00      8.00      0.00      15.1384    0.1407      8.00     13.00     20.00     99.00      0.00
  1.2000   0.1400       21.0874    0.2049     11.00     18.00     28.00    147.00      0.00       1.7238    0.0147      1.00      1.00      2.00     29.00      0.00      14.4486    0.1367      7.00     13.00     19.00     70.00      0.00
  1.2000   0.1200       24.4676    0.2487     12.00     21.00     32.00    183.00      0.00       2.0994    0.0202      1.00      2.00      3.00     21.00      0.00      12.9350    0.1265      7.00     11.00     17.00     67.00      0.00
  1.2000   0.1000       30.0568    0.3273     14.00     24.00     40.00    235.00      0.00       2.7512    0.0332      1.00      2.00      3.00     47.00      0.00      11.7714    0.1217      6.00     10.00     16.00     93.00      0.00
  1.2000   0.0800       38.9714    0.4311     17.00     31.00     52.00    231.00      0.00       4.3734    0.0644      2.00      3.00      5.00     69.00      0.00      10.8390    0.1124      5.00      9.00     15.00     67.00      0.00
  1.2000   0.0600       52.6296    0.6418     21.00     40.00     71.00    499.00      0.00       8.6360    0.1311      3.00      5.00     11.00    104.00      0.00       9.5614    0.1061      4.00      8.00     13.00     68.00      0.00
  1.2000   0.0400       81.6404    1.0210     30.00     62.00    110.00    542.00      0.00      21.5870    0.3259      6.00     14.00     30.00    240.00      0.00       7.7438    0.0963      3.00      6.00     11.00     54.00      0.00
  1.2000   0.0200      143.6178    1.9487     47.00    103.00    196.00   1214.00      0.00      68.2456    0.9667     19.00     47.00     96.00    638.00      0.00       3.6782    0.0701      0.00      2.00      6.00     51.00      0.00
  1.0000   0.2000       21.8346    0.2123     11.00     19.00     29.00    153.00      0.00       1.2536    0.0074      1.00      1.00      1.00      7.00      0.00      26.0522    0.2511     13.00     22.00     35.00    166.00      0.00
  1.0000   0.1800       24.4688    0.2522     12.00     21.00     33.00    184.00      0.00       1.3598    0.0088      1.00      1.00      2.00      8.00      0.00      24.5652    0.2477     12.00     21.00     33.00    147.00      0.00
  1.0000   0.1600       26.9488    0.2802     13.00     22.00     36.00    211.00      0.00       1.4946    0.0106      1.00      1.00      2.00      7.00      0.00      22.4238    0.2270     11.00     19.00     30.00    142.00      0.00
  1.0000   0.1400       32.0782    0.3542     15.00     26.00     42.00    352.00      0.00       1.7408    0.0144      1.00      1.00      2.00     14.00      0.00      21.3118    0.2271     10.00     17.00     29.00    165.00      0.00
  1.0000   0.1200       38.0220    0.4359     17.00     31.00     50.00    330.00      0.00       2.1166    0.0210      1.00      2.00      3.00     26.00      0.00      19.3574    0.2170      9.00     16.00     26.00    153.00      0.00
  1.0000   0.1000       46.4256    0.5555     19.00     36.00     62.00    313.00      0.00       2.7694    0.0328      1.00      2.00      3.00     38.00      0.00      17.4178    0.2050      7.00     14.00     23.00    138.00      0.00
  1.0000   0.0800       58.4298    0.7247     23.00     44.00     78.00    432.00      0.00       4.3346    0.0603      2.00      3.00      5.00     53.00      0.00      15.4710    0.1819      7.00     12.00     21.00    101.00      0.00
  1.0000   0.0600       77.9554    0.9698     30.00     58.00    105.00    536.00      0.00       8.7596    0.1332      3.00      5.00     11.00    109.00      0.00      13.3376    0.1612      5.00     11.00     18.00    102.00      0.00
  1.0000   0.0400      110.8988    1.5352     36.00     78.00    152.00   1149.00      0.00      21.5872    0.3256      5.00     14.00     30.00    206.00      0.00       9.5480    0.1395      2.00      7.00     13.00    100.00      0.00
  1.0000   0.0200      168.7332    2.4012     50.00    116.00    233.00   1751.00      0.00      69.7378    1.0092     19.00     48.00     96.00    829.00      0.00       3.9484    0.0827      0.00      2.00      5.00     49.00      0.00
  0.8000   0.2000       36.9582    0.4208     16.00     29.00     49.00    363.00      0.00       1.2586    0.0074      1.00      1.00      1.00      5.00      0.00      42.7138    0.4677     19.00     34.00     58.00    271.00      0.00
  0.8000   0.1800       41.2750    0.4907     17.00     32.00     55.00    399.00      0.00       1.3522    0.0089      1.00      1.00      2.00      9.00      0.00      40.4642    0.4725     17.00     32.00     55.00    305.00      0.00
  0.8000   0.1600       47.2224    0.5740     19.00     37.00     63.00    363.00      0.00       1.5122    0.0112      1.00      1.00      2.00     12.00      0.00      37.5676    0.4497     15.00     29.00     51.00    243.00      0.00
  0.8000   0.1400       55.5112    0.6755     22.00     42.00     75.00    420.00      0.00       1.7076    0.0143      1.00      1.00      2.00     16.00      0.00      35.2754    0.4240     14.00     27.00     49.00    257.00      0.00
  0.8000   0.1200       64.7238    0.8311     24.00     48.00     87.00    697.00      0.00       2.1184    0.0210      1.00      2.00      3.00     31.00      0.00      31.0846    0.3888     11.00     23.00     43.00    256.00      0.00
  0.8000   0.1000       77.2064    1.0343     27.00     55.00    105.00    745.00      0.00       2.6996    0.0310      1.00      2.00      3.00     32.00      0.00      27.1024    0.3519     10.00     20.00     37.00    210.00      0.00
  0.8000   0.0800       97.2916    1.3259     33.00     69.00    132.00    991.00      0.00       4.2810    0.0567      2.00      3.00      5.00     38.00      0.00      23.2806    0.3099      8.00     17.00     32.00    225.00      0.00
  0.8000   0.0600      121.3354    1.6659     39.00     87.00    166.00   1153.00      0.00       8.7624    0.1397      3.00      5.00     11.00    131.00      0.00      18.3102    0.2532      5.00     13.00     26.00    211.00      0.00
  0.8000   0.0400      150.2248    2.0713     47.00    104.00    205.00   1290.00      0.00      21.2186    0.3132      5.00     14.00     29.00    215.00      0.00      11.2314    0.1705      3.00      7.00     16.00     92.00      0.00
  0.8000   0.0200      181.3598    2.5743     52.00    127.00    249.00   1481.00      0.00      66.2770    0.9601     18.00     45.00     92.00    509.00      0.00       3.5858    0.0762      0.00      1.00      5.00     58.00      0.00
  0.6000   0.2000       73.9038    0.9644     26.00     54.00    102.00    718.00      0.00       1.2610    0.0075      1.00      1.00      1.00      5.00      0.00      81.7540    1.0620     29.00     60.00    112.00    964.00      0.00
  0.6000   0.1800       79.5598    1.0808     27.00     57.00    108.00    813.00      0.00       1.3638    0.0089      1.00      1.00      2.00      7.00      0.00      73.6496    0.9783     25.00     54.00    100.00    782.00      0.00
  0.6000   0.1600       87.7644    1.1727     29.00     64.00    121.00    714.00      0.00       1.5060    0.0113      1.00      1.00      2.00      9.00      0.00      66.7440    0.8907     21.00     49.00     93.00    598.00      0.00
  0.6000   0.1400       99.8384    1.3512     33.00     72.00    136.00    741.00      0.00       1.7432    0.0148      1.00      1.00      2.00     16.00      0.00      59.4656    0.8038     19.00     43.00     81.00    506.00      0.00
  0.6000   0.1200      113.0804    1.5724     35.00     80.00    153.00   1004.00      0.00       2.1280    0.0202      1.00      2.00      3.00     19.00      0.00      51.0296    0.7119     16.00     36.00     70.00    481.00      0.00
  0.6000   0.1000      128.3434    1.7915     40.00     90.00    174.00   1104.00      0.00       2.7852    0.0317      1.00      2.00      3.00     37.00      0.00      41.5328    0.5900     13.00     29.00     56.00    393.00      0.00
  0.6000   0.0800      142.8864    2.0297     43.00    100.00    197.00   2000.00      0.00       4.3146    0.0607      2.00      3.00      5.00     61.00      0.00      31.0986    0.4459      9.00     22.00     43.00    430.00      0.00
  0.6000   0.0600      167.1052    2.3259     50.00    118.00    232.00   1397.00      0.00       8.6836    0.1332      3.00      5.00     11.00     80.00      0.00      22.0154    0.3186      6.00     15.00     31.00    189.00      0.00
  0.6000   0.0400      181.6440    2.5239     54.00    123.00    255.00   1509.00      0.00      21.4298    0.3299      5.00     14.00     29.00    327.00      0.00      11.3156    0.1739      2.00      7.00     16.00    101.00      0.00
  0.6000   0.0200      192.7824    2.7251     56.00    131.00    266.00   1410.00      0.00      68.4512    0.9770     19.00     47.00     96.00    602.00      0.00       3.2208    0.0684      0.00      1.00      4.00     53.00      0.00
  0.4000   0.2000      134.2228    1.8619     38.00     94.00    190.00   1016.00      0.00       1.2516    0.0072      1.00      1.00      1.00      4.00      0.00     144.8444    2.0310     41.00    101.00    203.00   1186.00      0.00
  0.4000   0.1800      140.5232    1.9439     42.00     99.00    194.00   1223.00      0.00       1.3464    0.0086      1.00      1.00      2.00      7.00      0.00     125.2488    1.7673     37.00     87.00    171.00   1271.00      0.00
  0.4000   0.1600      149.2196    2.1287     44.00    103.00    206.00   1823.00      0.00       1.5176    0.0109      1.00      1.00      2.00      9.00      0.00     107.9992    1.5788     31.00     73.00    150.00   1202.00      0.00
  0.4000   0.1400      153.3048    2.1056     45.00    110.00    213.00   1239.00      0.00       1.7226    0.0140      1.00      1.00      2.00     12.00      0.00      86.9248    1.2214     25.00     60.00    121.00    720.00      0.00
  0.4000   0.1200      165.6402    2.3111     49.00    115.00    226.00   1539.00      0.00       2.0852    0.0199      1.00      2.00      3.00     19.00      0.00      70.0958    1.0018     20.00     49.00     96.00    746.00      0.00
  0.4000   0.1000      175.5568    2.3951     51.00    124.00    246.00   1224.00      0.00       2.8394    0.0351      1.00      2.00      3.00     41.00      0.00      53.1450    0.7427     15.00     37.00     74.00    381.00      0.00
  0.4000   0.0800      179.8642    2.5434     51.00    120.00    249.00   1546.00      0.00       4.4030    0.0607      2.00      3.00      5.00     59.00      0.00      35.9808    0.5240     10.00     24.00     50.00    315.00      0.00
  0.4000   0.0600      191.2536    2.7316     55.00    132.00    265.00   1912.00      0.00       8.7566    0.1348      3.00      6.00     11.00    139.00      0.00      22.4914    0.3332      6.00     15.00     31.00    224.00      0.00
  0.4000   0.0400      192.8328    2.7449     55.00    133.00    267.00   2000.00      0.00      21.2954    0.3265      5.00     14.00     29.00    233.00      0.00      10.5568    0.1642      2.00      7.00     15.00    118.00      0.00
  0.4000   0.0200      195.7848    2.7792     57.00    134.00    269.00   1780.00      0.00      68.2086    0.9903     18.00     47.00     93.00    596.00      0.00       2.7218    0.0534      0.00      1.00      4.00     42.00      0.00
  0.2000   0.2000      179.8496    2.5989     51.00    121.00    250.00   1679.00      0.00       1.2510    0.0071      1.00      1.00      1.00      5.00      0.00     190.9736    2.8780     51.00    124.00    266.00   2139.00      0.00
  0.2000   0.1800      188.2466    2.6867     54.00    129.00    260.00   1947.00      0.00       1.3560    0.0089      1.00      1.00      2.00      7.00      0.00     165.7842    2.4700     45.00    110.00    229.00   1765.00      0.00
  0.2000   0.1600      183.3986    2.5100     56.00    132.00    255.00   1483.00      0.00       1.4908    0.0104      1.00      1.00      2.00      7.00      0.00     128.9456    1.8145     38.00     90.00    176.00    968.00      0.00
  0.2000   0.1400      194.3780    2.6853     59.00    137.00    272.00   1765.00      0.00       1.7326    0.0141      1.00      1.00      2.00     18.00      0.00     108.0344    1.5529     32.00     73.00    151.00   1127.00      0.00
  0.2000   0.1200      196.9568    2.8236     57.00    132.00    275.00   1600.00      0.00       2.0730    0.0202      1.00      2.00      3.00     23.00      0.00      80.5848    1.1873     22.00     53.00    110.00    733.00      0.00
  0.2000   0.1000      193.5574    2.6799     55.00    136.00    275.00   1869.00      0.00       2.7430    0.0321      1.00      2.00      3.00     56.00      0.00      56.5488    0.8065     15.00     39.00     79.00    576.00      0.00
  0.2000   0.0800      197.8034    2.8132     57.00    136.00    273.00   1686.00      0.00       4.3656    0.0616      2.00      3.00      5.00     65.00      0.00      37.6720    0.5543     11.00     26.00     51.00    336.00      0.00
  0.2000   0.0600      196.8930    2.7827     55.00    138.00    273.00   1609.00      0.00       8.5722    0.1265      3.00      5.00     11.00     82.00      0.00      21.5958    0.3138      6.00     15.00     31.00    201.00      0.00
  0.2000   0.0400      197.0510    2.7248     57.00    142.00    273.00   1495.00      0.00      21.4698    0.3154      6.00     14.00     29.00    202.00      0.00       9.7876    0.1480      2.00      7.00     14.00     88.00      0.00
  0.2000   0.0200      201.9060    2.8198     58.00    142.00    283.00   1604.00      0.00      69.3548    1.0208     18.00     47.00     96.00    747.00      0.00       2.5516    0.0478      0.00      1.00      4.00     39.00      0.00
