Amp Radius  OC_Mean OC_Std OC_Q1 OC_Med OC_Q3 OC_Max OC_Min  Exp_Mean Exp_Std Exp_Q1 Exp_Med Exp_Q3 Exp_Max Exp_Min  Num_Mean Num_Std Num_Q1 Num_Med Num_Q3 Num_Max Num_Min
  2.0000   0.2000        6.6470    0.0515      4.00      6.00      9.00     31.00      0.00       1.3382    0.0090      1.00      1.00      2.00      6.00      0.00       8.1718    0.0647      5.00      8.00     11.00     30.00      0.00
  2.0000   0.1800        7.0604    0.0561      4.00      7.00      9.00     29.00      0.00       1.4428    0.0104      1.00      1.00      2.00      6.00      0.00       7.3582    0.0596      4.00      7.00     10.00     27.00      0.00
  2.0000   0.1600        7.9162    0.0618      5.00      7.00     10.00     32.00      0.00       1.6150    0.0125      1.00      1.00      2.00      8.00      0.00       6.8654    0.0548      4.00      6.00      9.00     27.00      0.00
  2.0000   0.1400        8.9708    0.0713      5.00      8.00     12.00     44.00      0.00       1.8696    0.0154      1.00      2.00      2.00     10.00      0.00       6.2756    0.0495      4.00      6.00      8.00     23.00      0.00
  2.0000   0.1200       10.3336    0.0860      6.00     10.00     14.00     69.00      0.00       2.1972    0.0191      1.00      2.00      3.00     17.00      0.00       5.7092    0.0464      3.00      5.00      8.00     21.00      0.00
  2.0000   0.1000       12.1868    0.1023      7.00     11.00     16.00     63.00      0.00       2.7814    0.0261      1.00      2.00      4.00     22.00      0.00       5.0168    0.0408      3.00      5.00      7.00     18.00      0.00
  2.0000   0.0800       15.5104    0.1423      9.00     14.00     20.00    117.00      0.00       3.8442    0.0398      2.00      3.00      5.00     33.00      0.00       4.5072    0.0384      3.00      4.00      6.00     24.00      0.00
  2.0000   0.0600       21.4586    0.2157     11.00     18.00     28.00    157.00      0.00       6.5884    0.0838      3.00      5.00      8.00     84.00      0.00       3.9990    0.0337      2.00      4.00      5.00     21.00      0.00
  2.0000   0.0400       36.8130    0.4331     16.00     28.00     49.00    245.00      0.00      17.0996    0.2514      5.00     11.00     23.00    177.00      0.00       3.5754    0.0330      2.00      3.00      5.00     19.00      0.00
  2.0000   0.0200       93.5552    1.2664     30.00     66.00    129.00    936.00      0.00      65.6928    0.9516     19.00     45.00     90.00    749.00      0.00       2.4062    0.0335      0.00      2.00      4.00     16.00      0.00
  1.8000   0.2000        8.0632    0.0643      5.00      7.00     11.00     41.00      0.00       1.3330    0.0089      1.00      1.00      2.00      5.00      0.00       9.8946    0.0806      6.00      9.00     13.00     39.00      0.00
  1.8000   0.1800        8.8886    0.0719      5.00      8.00     12.00     60.00      0.00       1.4622    0.0107      1.00      1.00      2.00      7.00      0.00       9.2364    0.0762      5.00      9.00     12.00     52.00      0.00
  1.8000   0.1600        9.5940    0.0787      6.00      9.00     13.00     53.00      0.00       1.6234    0.0123      1.00      1.00      2.00      9.00      0.00       8.2758    0.0686      5.00      7.00     11.00     38.00      0.00
  1.8000   0.1400       10.9212    0.0884      7.00     10.00     14.00     81.00      0.00       1.8828    0.0155      1.00      2.00      2.00     10.00      0.00       7.6080    0.0618      4.00      7.00     10.00     35.00      0.00
  1.8000   0.1200       12.6738    0.1079      7.00     11.00     16.00     62.00      0.00       2.1900    0.0189      1.00      2.00      3.00     16.00      0.00       6.9436    0.0586      4.00      6.00      9.00     31.00      0.00
  1.8000   0.1000       15.0576    0.1316      8.00     13.00     20.00     94.00      0.00       2.7730    0.0255      1.00      2.00      4.00     18.00      0.00       6.1190    0.0521      3.00      5.00      8.00     26.00      0.00
  1.8000   0.0800       19.1414    0.1860     10.00     17.00     25.00    138.00      0.00       3.7996    0.0405      2.00      3.00      5.00     36.00      0.00       5.4644    0.0495      3.00      5.00      7.00     39.00      0.00
  1.8000   0.0600       26.5156    0.2709     13.00     22.00     35.00    235.00      0.00       6.4720    0.0825      3.00      5.00      8.00     70.00      0.00       4.8866    0.0427      3.00      4.00      6.00     22.00      0.00
  1.8000   0.0400       44.5086    0.5493     19.00     34.00     58.00    831.00      0.00      17.6434    0.2621      5.00     11.00     24.00    228.00      0.00       4.2732    0.0433      2.00      4.00      6.00     27.00      0.00
  1.8000   0.0200      101.7920    1.3866     34.00     71.00    141.00    859.00      0.00      63.5214    0.9182     17.00     43.00     87.00    586.00      0.00       2.7640    0.0414      0.00      2.00      4.00     21.00      0.00
  1.6000   0.2000       10.0152    0.0790      6.00      9.00     13.00     48.00      0.00       1.3546    0.0093      1.00      1.00      2.00      6.00      0.00      12.1862    0.0991      7.00     11.00     16.00     56.00      0.00
  1.6000   0.1800       11.0244    0.0894      6.00     10.00     15.00     54.00      0.00       1.4646    0.0103      1.00      1.00      2.00      6.00      0.00      11.4298    0.0953      7.00     10.00     15.00     49.00      0.00
  1.6000   0.1600       12.3698    0.1035      7.00     11.00     16.00     68.00      0.00       1.6508    0.0129      1.00      1.00      2.00     10.00      0.00      10.5510    0.0895      6.00     10.00     14.00     55.00      0.00
  1.6000   0.1400       13.8026    0.1163      8.00     13.00     18.00     76.00      0.00       1.8532    0.0148      1.00      2.00      2.00      9.00      0.00       9.6000    0.0830      5.00      9.00     13.00     48.00      0.00
  1.6000   0.1200       16.0534    0.1420      9.00     14.00     21.00     97.00      0.00       2.1886    0.0190      1.00      2.00      3.00     18.00      0.00       8.7314    0.0763      5.00      8.00     12.00     39.00      0.00
  1.6000   0.1000       19.5952    0.1834     11.00     17.00     26.00    153.00      0.00       2.7906    0.0260      1.00      2.00      4.00     21.00      0.00       7.8544    0.0701      4.00      7.00     10.00     38.00      0.00
  1.6000   0.0800       24.3440    0.2381     13.00     20.00     31.00    129.00      0.00       3.8512    0.0409      2.00      3.00      5.00     45.00      0.00       6.8762    0.0646      4.00      6.00      9.00     39.00      0.00
  1.6000   0.0600       34.3102    0.3665     16.00     28.00     45.00    215.00      0.00       6.4968    0.0859      3.00      5.00      8.00     87.00      0.00       6.1394    0.0588      3.00      5.00      8.00     42.00      0.00
  1.6000   0.0400       55.8748    0.6818     23.00     42.00     74.00    420.00      0.00      17.5382    0.2666      5.00     11.00     23.00    257.00      0.00       5.1778    0.0560      2.00      4.00      7.00     36.00      0.00
  1.6000   0.0200      116.6524    1.6023     37.00     81.00    161.00    912.00      0.00      64.5336    0.9482     17.00     43.00     89.00    698.00      0.00       3.0410    0.0496      0.00      2.00      5.00     24.00      0.00
  1.4000   0.2000       13.1484    0.1125      7.00     12.00     18.00     66.00      0.00       1.3314    0.0089      1.00      1.00      2.00      5.00      0.00      16.0392    0.1405      9.00     14.00     22.00     77.00      0.00
  1.4000   0.1800       14.3530    0.1263      8.00     13.00     19.00     80.00      0.00       1.4618    0.0106      1.00      1.00      2.00      7.00      0.00      14.8096    0.1318      8.00     13.00     20.00     70.00      0.00
  1.4000   0.1600       16.2956    0.1436      9.00     15.00     21.00     89.00      0.00       1.6454    0.0126      1.00      1.00      2.00      8.00      0.00      13.7810    0.1231      7.00     12.00     18.00     67.00      0.00
  1.4000   0.1400       18.2424    0.1665     10.00     16.00     24.00     93.00      0.00       1.8470    0.0152      1.00      2.00      2.00     12.00      0.00      12.5666    0.1171      7.00     11.00     17.00     60.00      0.00
  1.4000   0.1200       21.2974    0.1999     11.00     19.00     28.00    128.00      0.00       2.2122    0.0192      1.00      2.00      3.00     13.00      0.00      11.4058    0.1081      6.00     10.00     15.00     59.00      0.00
  1.4000   0.1000       25.7734    0.2645     13.00     22.00     34.00    216.00      0.00       2.7260    0.0255      1.00      2.00      4.00     21.00      0.00      10.2126    0.1012      5.00      9.00     14.00     72.00      0.00
  1.4000   0.0800       33.2488    0.3657     15.00     27.00     44.00    281.00      0.00       3.8642    0.0420      2.00      3.00      5.00     40.00      0.00       9.0454    0.0926      4.00      8.00     12.00     51.00      0.00
  1.4000   0.0600       45.8008    0.5223     19.00     37.00     61.00    327.00      0.00       6.5060    0.0842      3.00      5.00      8.00     73.00      0.00       7.7730    0.0835      4.00      6.00     11.00     44.00      0.00
  1.4000   0.0400       70.9320    0.8908     27.00     52.00     96.00    499.00      0.00      17.1418    0.2574      5.00     11.00     23.00    204.00      0.00       6.3692    0.0767      2.00      5.00      9.00     43.00      0.00
  1.4000   0.0200      134.1602    1.8699     41.00     93.00    185.00   1156.00      0.00      63.2018    0.9335     16.00     43.00     88.00    812.00      0.00       3.5524    0.0613      0.00      2.00      5.00     37.00      0.00
  1.2000   0.2000       18.3702    0.1745     10.00     16.00     24.00    119.00      0.00       1.3312    0.0089      1.00      1.00      2.00      6.00      0.00      22.1060    0.2055     12.00     19.00     30.00    109.00      0.00
  1.2000   0.1800       20.7164    0.1994     11.00     18.00     27.00    143.00      0.00       1.4530    0.0103      1.00      1.00      2.00      6.00      0.00      21.1152    0.2028     11.00     18.00     29.00    117.00      0.00
  1.2000   0.1600       23.0358    0.2277     12.00     20.00     30.00    160.00      0.00       1.6398    0.0126      1.00      1.00      2.00      9.00      0.00      19.2982    0.1884     10.00     16.00     26.00    115.00      0.00
  1.2000   0.1400       26.3036    0.2772     13.00     22.00     34.00    242.00      0.00       1.8526    0.0150      1.00      2.00      2.00     10.00      0.00      17.6068    0.1798      9.00     15.00     23.00    157.00      0.00
  1.2000   0.1200       31.3682    0.3376     15.00     26.00     41.00    220.00      0.00       2.1764    0.0188      1.00      2.00      3.00     14.00      0.00      16.0686    0.1642      8.00     13.00     22.00     94.00      0.00
  1.2000   0.1000       38.8604    0.4297     18.00     31.00     51.00    281.00      0.00       2.7716    0.0252      1.00      2.00      4.00     20.00      0.00      14.7006    0.1573      7.00     12.00     20.00     81.00      0.00
  1.2000   0.0800       48.7496    0.5812     21.00     37.00     65.00    393.00      0.00       3.8076    0.0395      2.00      3.00      5.00     41.00      0.00      12.5764    0.1432      5.00     10.00     17.00     94.00      0.00
  1.2000   0.0600       67.2556    0.8289     26.00     50.00     93.00    546.00      0.00       6.5784    0.0830      3.00      5.00      8.00     83.00      0.00      10.6634    0.1252      4.00      8.00     15.00     75.00      0.00
  1.2000   0.0400       98.2154    1.2926     33.00     71.00    135.00    769.00      0.00      17.2588    0.2559      5.00     11.00     24.00    231.00      0.00       8.0556    0.1048      3.00      6.00     11.00     67.00      0.00
  1.2000   0.0200      155.3780    2.1216     48.00    111.00    216.00   1570.00      0.00      64.9954    0.9491     18.00     44.00     89.00    581.00      0.00       3.6188    0.0672      0.00      2.00      5.00     40.00      0.00
  1.0000   0.2000       27.8882    0.2986     13.00     23.00     37.00    214.00      0.00       1.3622    0.0095      1.00      1.00      2.00      7.00      0.00      32.7952    0.3494     15.00     27.00     44.00    174.00      0.00
  1.0000   0.1800       31.6824    0.3348     15.00     26.00     42.00    205.00      0.00       1.4586    0.0105      1.00      1.00      2.00      7.00      0.00      31.2588    0.3289     14.00     26.00     42.00    205.00      0.00
  1.0000   0.1600       36.5358    0.4106     16.00     29.00     49.00    336.00      0.00       1.6266    0.0129      1.00      1.00      2.00     11.00      0.00      29.4886    0.3248     13.00     24.00     40.00    190.00      0.00
  1.0000   0.1400       42.2344    0.5007     18.00     33.00     56.00    351.00      0.00       1.8224    0.0147      1.00      2.00      2.00      9.00      0.00      27.0706    0.3126     12.00     22.00     36.00    213.00      0.00
  1.0000   0.1200       49.1060    0.5887     20.00     38.00     66.00    378.00      0.00       2.2058    0.0193      1.00      2.00      3.00     12.00      0.00      24.1686    0.2824     10.00     19.00     33.00    170.00      0.00
  1.0000   0.1000       60.2614    0.7394     24.00     46.00     81.00    451.00      0.00       2.7840    0.0263      1.00      2.00      4.00     29.00      0.00      21.6160    0.2617      9.00     17.00     29.00    159.00      0.00
  1.0000   0.0800       76.9956    0.9904     29.00     56.00    104.00    577.00      0.00       3.8764    0.0405      2.00      3.00      5.00     36.00      0.00      18.5380    0.2348      7.00     14.00     25.00    130.00      0.00
  1.0000   0.0600      100.3756    1.3063     35.00     74.00    137.00    856.00      0.00       6.5834    0.0842      3.00      5.00      8.00     87.00      0.00      14.5430    0.1876      5.00     11.00     20.00    120.00      0.00
  1.0000   0.0400      136.2778    1.8397     43.00     98.00    189.00   1123.00      0.00      17.3192    0.2590      5.00     11.00     24.00    241.00      0.00       9.8946    0.1399      3.00      7.00     14.00    115.00      0.00
  1.0000   0.0200      177.2078    2.5160     52.00    122.00    246.00   1520.00      0.00      63.7024    0.9287     18.00     44.00     86.00    641.00      0.00       3.5722    0.0714      0.00      2.00      5.00     46.00      0.00
  0.8000   0.2000       47.9902    0.6131     19.00     36.00     64.00    595.00      0.00       1.3346    0.0090      1.00      1.00      2.00      6.00      0.00      53.9738    0.6512     22.00     42.00     73.00    516.00      0.00
  0.8000   0.1800       53.5752    0.6979     21.00     40.00     71.00    602.00      0.00       1.4472    0.0102      1.00      1.00      2.00      8.00      0.00      50.8920    0.6384     19.00     38.00     68.00    414.00      0.00
  0.8000   0.1600       61.6382    0.7758     23.00     46.00     84.00    436.00      0.00       1.6354    0.0128      1.00      1.00      2.00      7.00      0.00      47.4938    0.5871     18.00     36.00     64.00    355.00      0.00
  0.8000   0.1400       70.8414    0.9241     25.00     52.00     97.00    590.00      0.00       1.8526    0.0152      1.00      2.00      2.00     15.00      0.00      43.2086    0.5558     15.00     32.00     59.00    329.00      0.00
  0.8000   0.1200       84.7838    1.1289     30.00     62.00    116.00    837.00      0.00       2.2036    0.0197      1.00      2.00      3.00     27.00      0.00      39.4946    0.5255     14.00     29.00     53.00    419.00      0.00
  0.8000   0.1000       99.1540    1.3273     32.00     70.00    138.00    944.00      0.00       2.7226    0.0256      1.00      2.00      4.00     21.00      0.00      33.0878    0.4366     11.00     24.00     46.00    336.00      0.00
  0.8000   0.0800      120.1960    1.6668     39.00     85.00    164.00   1115.00      0.00       3.8488    0.0430      2.00      3.00      5.00     54.00      0.00      26.7386    0.3711      8.00     19.00     36.00    235.00      0.00
  0.8000   0.0600      140.9016    1.9126     44.00     99.00    196.00   1078.00      0.00       6.4280    0.0815      3.00      5.00      8.00     80.00      0.00      18.4848    0.2534      6.00     13.00     25.00    134.00      0.00
  0.8000   0.0400      170.2780    2.3837     51.00    119.00    235.00   1780.00      0.00      17.1492    0.2544      5.00     11.00     23.00    239.00      0.00      10.8956    0.1594      3.00      7.00     15.00    106.00      0.00
  0.8000   0.0200      189.0028    2.6502     55.00    134.00    256.00   1737.00      0.00      63.5404    0.9177     17.00     44.00     88.00    654.00      0.00       3.3294    0.0640      0.00      2.00      5.00     44.00      0.00
  0.6000   0.2000       88.9536    1.2142     29.00     62.00    120.00    724.00      0.00       1.3410    0.0089      1.00      1.00      2.00      6.00      0.00      97.0030    1.3003     31.00     71.00    134.00    825.00      0.00
  0.6000   0.1800       95.4908    1.3194     31.00     67.00    131.00   1011.00      0.00       1.4622    0.0107      1.00      1.00      2.00      6.00      0.00      87.2052    1.2071     28.00     62.00    119.00    916.00      0.00
  0.6000   0.1600      109.2038    1.5303     34.00     76.00    148.00    912.00      0.00       1.6364    0.0127      1.00      1.00      2.00      7.00      0.00      79.5276    1.1025     25.00     56.00    110.00    787.00      0.00
  0.6000   0.1400      118.4228    1.6267     37.00     84.00    160.00    970.00      0.00       1.8572    0.0152      1.00      2.00      2.00      9.00      0.00      69.2554    0.9540     21.00     48.00     95.00    616.00      0.00
  0.6000   0.1200      132.2924    1.8574     40.00     92.00    182.00   1378.00      0.00       2.2216    0.0191      1.00      2.00      3.00     13.00      0.00      58.1890    0.8339     17.00     40.00     80.00    548.00      0.00
  0.6000   0.1000      146.0462    2.0726     43.00    100.00    199.00   1244.00      0.00       2.7612    0.0256      1.00      2.00      4.00     21.00      0.00      46.0142    0.6703     13.00     31.00     62.00    419.00      0.00
  0.6000   0.0800      164.3050    2.3415     48.00    113.00    226.00   1574.00      0.00       3.8772    0.0400      2.00      3.00      5.00     31.00      0.00      33.8954    0.4894      9.00     23.00     47.00    319.00      0.00
  0.6000   0.0600      176.5972    2.4905     50.00    125.00    245.00   1397.00      0.00       6.5226    0.0830      3.00      5.00      8.00     73.00      0.00      21.1344    0.3043      6.00     15.00     30.00    195.00      0.00
  0.6000   0.0400      188.5976    2.6606     55.00    132.00    263.00   1601.00      0.00      17.5512    0.2558      5.00     12.00     24.00    161.00      0.00      10.5812    0.1571      3.00      7.00     15.00     95.00      0.00
  0.6000   0.0200      199.1080    2.8237     57.00    137.00    275.00   1664.00      0.00      64.4282    0.9365     18.00     44.00     88.00    600.00      0.00       2.9356    0.0560      0.00      1.00      4.00     32.00      0.00
  0.4000   0.2000      144.3964    2.0414     43.00    100.00    198.00   1271.00      0.00       1.3360    0.0088      1.00      1.00      2.00      5.00      0.00     154.0482    2.2230     44.00    104.00    210.00   1408.00      0.00
  0.4000   0.1800      154.0758    2.2047     45.00    107.00    210.00   1182.00      0.00       1.4780    0.0108      1.00      1.00      2.00      7.00      0.00     136.0040    1.9915     39.00     93.00    181.00   1262.00      0.00
  0.4000   0.1600      160.0982    2.2288     47.00    114.00    220.00   1276.00      0.00       1.6212    0.0126      1.00      1.00      2.00      7.00      0.00     114.2402    1.6496     33.00     77.00    158.00    992.00      0.00
  0.4000   0.1400      167.0708    2.3672     49.00    117.00    231.00   1286.00      0.00       1.9018    0.0157      1.00      2.00      2.00      9.00      0.00      93.3772    1.3491     26.00     62.00    130.00    786.00      0.00
  0.4000   0.1200      175.1134    2.5078     51.00    122.00    242.00   1714.00      0.00       2.2044    0.0190      1.00      2.00      3.00     12.00      0.00      73.6850    1.0851     20.00     50.00    102.00    789.00      0.00
  0.4000   0.1000      179.3228    2.4950     52.00    125.00    248.00   1286.00      0.00       2.7530    0.0251      1.00      2.00      4.00     16.00      0.00      53.3266    0.7629     15.00     37.00     73.00    416.00      0.00
  0.4000   0.0800      187.0146    2.6825     54.00    127.00    258.00   1676.00      0.00       3.8686    0.0394      2.00      3.00      5.00     32.00      0.00      36.6824    0.5400     10.00     24.00     51.00    345.00      0.00
  0.4000   0.0600      192.3352    2.6509     55.00    135.00    271.00   1901.00      0.00       6.5892    0.0877      3.00      5.00      8.00     99.00      0.00      21.5836    0.3064      6.00     15.00     30.00    225.00      0.00
  0.4000   0.0400      203.6166    2.8396     59.00    142.00    281.00   1674.00      0.00      17.9136    0.2699      5.00     12.00     24.00    224.00      0.00      10.4614    0.1548      3.00      7.00     15.00    102.00      0.00
  0.4000   0.0200      198.3918    2.8666     57.00    141.00    270.00   1716.00      0.00      64.2740    0.9108     17.00     44.00     90.00    567.00      0.00       2.6704    0.0504      0.00      1.00      4.00     32.00      0.00
  0.2000   0.2000      188.3564    2.6697     54.00    131.00    260.00   2000.00      0.00       1.3524    0.0092      1.00      1.00      2.00      7.00      0.00     199.6472    2.9208     55.00    135.00    272.00   1844.00      0.00
  0.2000   0.1800      190.9936    2.6836     54.00    136.00    266.00   1618.00      0.00       1.4722    0.0108      1.00      1.00      2.00      6.00      0.00     166.7022    2.4356     46.00    113.00    229.00   1473.00      0.00
  0.2000   0.1600      194.0114    2.7879     55.00    131.00    270.00   1700.00      0.00       1.6220    0.0126      1.00      1.00      2.00      7.00      0.00     136.3352    2.0526     38.00     90.00    184.00   1355.00      0.00
  0.2000   0.1400      191.6114    2.6901     53.00    133.00    269.00   1635.00      0.00       1.8400    0.0153      1.00      2.00      2.00     12.00      0.00     105.4130    1.5347     28.00     71.00    148.00    947.00      0.00
  0.2000   0.1200      196.0290    2.7952     55.00    137.00    270.00   1724.00      0.00       2.2254    0.0190      1.00      2.00      3.00     12.00      0.00      80.6238    1.1822     22.00     54.00    111.00    763.00      0.00
  0.2000   0.1000      196.6960    2.8230     54.00    134.00    274.00   1687.00      0.00       2.8240    0.0260      1.00      2.00      4.00     21.00      0.00      57.1092    0.8440     15.00     38.00     79.00    525.00      0.00
  0.2000   0.0800      196.8958    2.7041     58.00    141.00    278.00   2000.00      0.00       3.8946    0.0435      2.00      3.00      5.00     44.00      0.00      37.1166    0.5232     10.00     26.00     52.00    385.00      0.00
  0.2000   0.0600      198.1054    2.7734     58.00    138.00    276.00   1466.00      0.00       6.6134    0.0884      3.00      5.00      8.00     68.00      0.00      21.3768    0.3073      6.00     15.00     29.00    176.00      0.00
  0.2000   0.0400      199.1298    2.8109     58.00    138.00    277.00   1862.00      0.00      17.2322    0.2504      5.00     11.00     23.00    162.00      0.00       9.9166    0.1467      3.00      7.00     14.00     97.00      0.00
  0.2000   0.0200      203.2612    2.8806     58.00    140.00    283.00   1556.00      0.00      63.6468    0.9114     17.00     44.00     87.00    596.00      0.00       2.5492    0.0453      0.00      1.00      4.00     32.00      0.00
