Amp Radius  OC_Mean OC_Std OC_Q1 OC_Med OC_Q3 OC_Max OC_Min  Exp_Mean Exp_Std Exp_Q1 Exp_Med Exp_Q3 Exp_Max Exp_Min  Num_Mean Num_Std Num_Q1 Num_Med Num_Q3 Num_Max Num_Min
  2.0000   0.2000        4.0106    0.0299      2.00      4.00      5.00     19.00      0.00       1.4778    0.0123      1.00      1.00      2.00      8.00      0.00       9.6384    0.0648      6.00     10.00     13.00     28.00      0.00
  2.0000   0.1800        4.3514    0.0336      3.00      4.00      6.00     21.00      0.00       1.6336    0.0144      1.00      1.00      2.00      8.00      0.00       9.3606    0.0634      6.00     10.00     13.00     28.00      0.00
  2.0000   0.1600        4.8576    0.0387      3.00      4.00      6.00     24.00      0.00       1.8392    0.0170      1.00      1.00      2.00     11.00      0.00       9.1744    0.0618      6.00     10.00     12.00     24.00      0.00
  2.0000   0.1400        5.4922    0.0450      3.00      5.00      7.00     29.00      0.00       2.1632    0.0209      1.00      2.00      3.00     13.00      0.00       8.8622    0.0621      5.00     10.00     12.00     23.00      0.00
  2.0000   0.1200        6.3980    0.0557      4.00      6.00      8.00     43.00      0.00       2.6050    0.0263      1.00      2.00      3.00     20.00      0.00       8.6192    0.0608      5.00     10.00     12.00     26.00      0.00
  2.0000   0.1000        7.9428    0.0765      4.00      7.00     10.00     73.00      0.00       3.4410    0.0392      1.00      3.00      5.00     70.00      0.00       8.1856    0.0595      5.00      9.00     11.00     23.00      0.00
  2.0000   0.0800       10.2964    0.1042      5.00      9.00     13.00     79.00      0.00       4.6780    0.0546      2.00      4.00      6.00     47.00      0.00       7.9756    0.0584      4.00      9.00     11.00     22.00      0.00
  2.0000   0.0600       15.3116    0.1757      7.00     12.00     20.00    162.00      0.00       8.0762    0.1097      3.00      6.00     11.00    129.00      0.00       7.5138    0.0587      4.00      8.00     11.00     18.00      0.00
  2.0000   0.0400       31.7756    0.4143     11.00     23.00     42.00    250.00      0.00      21.9048    0.3271      6.00     14.00     29.00    203.00      0.00       6.4932    0.0600      2.00      7.00     10.00     18.00      0.00
  2.0000   0.0200       92.1988    1.2963     27.00     65.00    126.00    798.00      0.00      79.2110    1.1600     22.00     54.00    109.00    798.00      0.00       3.6764    0.0565      0.00      2.00      7.00     17.00      0.00
  1.8000   0.2000        4.5522    0.0361      3.00      4.00      6.00     20.00      0.00       1.4918    0.0125      1.00      1.00      2.00      8.00      0.00      10.6024    0.0685      7.00     11.00     14.00     35.00      0.00
  1.8000   0.1800        5.0020    0.0392      3.00      4.00      6.00     24.00      0.00       1.6462    0.0145      1.00      1.00      2.00     13.00      0.00      10.4278    0.0662      7.00     11.00     14.00     28.00      0.00
  1.8000   0.1600        5.5070    0.0447      3.00      5.00      7.00     28.00      0.00       1.8624    0.0176      1.00      1.00      2.00     13.00      0.00      10.0442    0.0636      7.00     11.00     13.00     26.00      0.00
  1.8000   0.1400        6.2636    0.0524      4.00      5.00      8.00     38.00      0.00       2.1508    0.0209      1.00      2.00      3.00     15.00      0.00       9.6874    0.0632      6.00     10.00     13.00     27.00      0.00
  1.8000   0.1200        7.3474    0.0654      4.00      6.00     10.00     53.00      0.00       2.6242    0.0263      1.00      2.00      4.00     19.00      0.00       9.2472    0.0627      6.00     10.00     12.00     25.00      0.00
  1.8000   0.1000        9.0372    0.0864      5.00      8.00     12.00     72.00      0.00       3.3916    0.0358      1.00      3.00      5.00     30.00      0.00       8.8902    0.0619      6.00     10.00     12.00     30.00      0.00
  1.8000   0.0800       12.1208    0.1235      6.00     10.00     16.00     88.00      0.00       4.8536    0.0559      2.00      4.00      7.00     56.00      0.00       8.6492    0.0599      5.00     10.00     12.00     23.00      0.00
  1.8000   0.0600       17.4584    0.1995      8.00     14.00     23.00    182.00      0.00       8.2676    0.1133      3.00      6.00     11.00     93.00      0.00       8.1252    0.0593      5.00      9.00     11.00     20.00      0.00
  1.8000   0.0400       34.7316    0.4585     12.00     25.00     46.00    341.00      0.00      21.5958    0.3335      6.00     14.00     29.00    275.00      0.00       6.9754    0.0625      3.00      8.00     11.00     22.00      0.00
  1.8000   0.0200       95.0010    1.3469     26.00     66.00    131.00    796.00      0.00      76.9910    1.1370     19.00     52.00    107.00    746.00      0.00       3.9880    0.0602      0.00      2.00      8.00     18.00      0.00
  1.6000   0.2000        5.2702    0.0423      3.00      5.00      7.00     23.00      0.00       1.4568    0.0118      1.00      1.00      2.00      7.00      0.00      11.8058    0.0753      8.00     12.00     15.00     33.00      0.00
  1.6000   0.1800        5.8630    0.0488      3.00      5.00      8.00     30.00      0.00       1.6496    0.0141      1.00      1.00      2.00     11.00      0.00      11.6058    0.0722      8.00     12.00     15.00     37.00      0.00
  1.6000   0.1600        6.3720    0.0533      4.00      6.00      8.00     44.00      0.00       1.8608    0.0174      1.00      1.00      2.00     11.00      0.00      11.0158    0.0690      8.00     12.00     14.00     29.00      0.00
  1.6000   0.1400        7.4086    0.0660      4.00      6.00     10.00     53.00      0.00       2.1946    0.0211      1.00      2.00      3.00     13.00      0.00      10.8328    0.0679      8.00     11.00     14.00     33.00      0.00
  1.6000   0.1200        8.7330    0.0810      5.00      8.00     11.00     76.00      0.00       2.6392    0.0270      1.00      2.00      4.00     15.00      0.00      10.3200    0.0670      7.00     11.00     13.00     31.00      0.00
  1.6000   0.1000       10.6362    0.1037      5.00      9.00     14.00     68.00      0.00       3.3858    0.0374      1.00      3.00      5.00     40.00      0.00       9.8540    0.0653      7.00     11.00     13.00     28.00      0.00
  1.6000   0.0800       13.9640    0.1415      7.00     12.00     19.00     83.00      0.00       4.6766    0.0538      2.00      4.00      6.00     43.00      0.00       9.5940    0.0625      7.00     11.00     13.00     25.00      0.00
  1.6000   0.0600       20.6664    0.2341      9.00     16.00     27.00    153.00      0.00       8.0566    0.1066      3.00      6.00     11.00    107.00      0.00       8.8480    0.0648      6.00     10.00     12.00     28.00      0.00
  1.6000   0.0400       39.7392    0.5236     14.00     28.00     54.00    378.00      0.00      21.7082    0.3237      6.00     14.00     30.00    257.00      0.00       7.5506    0.0691      3.00      8.00     11.00     26.00      0.00
  1.6000   0.0200      103.8252    1.4674     31.00     70.00    143.00    850.00      0.00      77.9850    1.1693     20.00     51.00    107.00    664.00      0.00       4.2016    0.0663      0.00      2.00      8.00     26.00      0.00
  1.4000   0.2000        6.2678    0.0519      4.00      5.00      8.00     37.00      0.00       1.4846    0.0122      1.00      1.00      2.00     10.00      0.00      13.4532    0.0822     10.00     13.00     17.00     40.00      0.00
  1.4000   0.1800        6.8922    0.0595      4.00      6.00      9.00     33.00      0.00       1.6424    0.0142      1.00      1.00      2.00     10.00      0.00      12.9852    0.0824      9.00     13.00     16.00     39.00      0.00
  1.4000   0.1600        7.8726    0.0701      4.00      7.00     10.00     67.00      0.00       1.8814    0.0174      1.00      1.00      2.00     12.00      0.00      12.7780    0.0794      9.00     13.00     16.00     49.00      0.00
  1.4000   0.1400        9.0144    0.0846      5.00      8.00     12.00     69.00      0.00       2.1904    0.0217      1.00      2.00      3.00     13.00      0.00      12.2026    0.0773      9.00     12.00     15.00     38.00      0.00
  1.4000   0.1200       10.4736    0.1011      5.00      9.00     14.00    106.00      0.00       2.6128    0.0267      1.00      2.00      4.00     23.00      0.00      11.6604    0.0730      9.00     12.00     15.00     41.00      0.00
  1.4000   0.1000       13.2042    0.1340      7.00     11.00     17.00     93.00      0.00       3.3872    0.0374      1.00      3.00      5.00     29.00      0.00      11.3590    0.0746      8.00     12.00     14.00     40.00      0.00
  1.4000   0.0800       17.7496    0.1932      8.00     14.00     23.00    186.00      0.00       4.8346    0.0563      2.00      4.00      7.00     45.00      0.00      10.6876    0.0717      8.00     11.00     14.00     38.00      0.00
  1.4000   0.0600       25.6758    0.2993     11.00     20.00     33.00    230.00      0.00       8.3418    0.1095      3.00      6.00     11.00    110.00      0.00       9.9012    0.0709      7.00     11.00     13.00     35.00      0.00
  1.4000   0.0400       47.9212    0.6368     17.00     35.00     65.00    492.00      0.00      22.3346    0.3502      6.00     14.00     29.00    303.00      0.00       8.3460    0.0781      3.00      9.00     12.00     29.00      0.00
  1.4000   0.0200      114.8204    1.6403     34.00     78.00    159.00   1019.00      0.00      80.2740    1.1897     20.00     55.00    112.00    704.00      0.00       4.5594    0.0751      0.00      2.00      9.00     31.00      0.00
  1.2000   0.2000        7.9360    0.0688      4.00      7.00     10.00     34.00      0.00       1.4994    0.0128      1.00      1.00      2.00      9.00      0.00      15.9840    0.1040     11.00     15.00     20.00     52.00      0.00
  1.2000   0.1800        8.8128    0.0780      5.00      8.00     12.00     39.00      0.00       1.6514    0.0148      1.00      1.00      2.00      9.00      0.00      15.5164    0.1000     11.00     15.00     19.00     48.00      0.00
  1.2000   0.1600        9.7736    0.0895      5.00      8.00     13.00     62.00      0.00       1.8488    0.0171      1.00      1.00      2.00      9.00      0.00      14.7994    0.0972     11.00     14.00     19.00     61.00      0.00
  1.2000   0.1400       11.2960    0.1091      6.00     10.00     15.00     81.00      0.00       2.1666    0.0214      1.00      2.00      3.00     12.00      0.00      14.1584    0.0936     10.00     14.00     18.00     51.00      0.00
  1.2000   0.1200       13.5534    0.1350      7.00     11.00     18.00    113.00      0.00       2.6672    0.0279      1.00      2.00      4.00     27.00      0.00      13.8110    0.0914     10.00     14.00     17.00     45.00      0.00
  1.2000   0.1000       16.6520    0.1724      8.00     14.00     22.00    106.00      0.00       3.3532    0.0362      1.00      3.00      5.00     34.00      0.00      12.9940    0.0903     10.00     13.00     17.00     41.00      0.00
  1.2000   0.0800       21.9606    0.2525     10.00     17.00     29.00    165.00      0.00       4.7984    0.0572      2.00      4.00      7.00     62.00      0.00      12.2332    0.0873      9.00     12.00     16.00     42.00      0.00
  1.2000   0.0600       32.3964    0.3881     13.00     25.00     44.00    269.00      0.00       8.0948    0.1104      3.00      6.00     11.00     95.00      0.00      11.2670    0.0880      7.00     12.00     15.00     43.00      0.00
  1.2000   0.0400       58.0554    0.7549     21.00     42.00     79.00    519.00      0.00      21.5584    0.3240      6.00     14.00     29.00    278.00      0.00       9.3818    0.0940      3.00     10.00     14.00     37.00      0.00
  1.2000   0.0200      124.7906    1.7711     36.00     87.00    173.00   1174.00      0.00      77.8666    1.1234     21.00     54.00    109.00    728.00      0.00       4.8160    0.0890      0.00      1.00      9.00     40.00      0.00
  1.0000   0.2000       10.5358    0.0982      6.00      9.00     14.00     71.00      0.00       1.5004    0.0124      1.00      1.00      2.00      8.00      0.00      20.2874    0.1467     13.00     19.00     26.00     82.00      0.00
  1.0000   0.1800       11.7236    0.1134      6.00     10.00     16.00     98.00      0.00       1.6712    0.0151      1.00      1.00      2.00     10.00      0.00      19.5240    0.1426     13.00     18.00     25.00     76.00      0.00
  1.0000   0.1600       13.2960    0.1291      7.00     11.00     17.00     79.00      0.00       1.8348    0.0170      1.00      1.00      2.00     11.00      0.00      18.7620    0.1341     13.00     18.00     24.00     71.00      0.00
  1.0000   0.1400       15.2964    0.1538      8.00     13.00     20.00    115.00      0.00       2.2042    0.0215      1.00      2.00      3.00     12.00      0.00      17.9414    0.1308     12.00     17.00     23.00     73.00      0.00
  1.0000   0.1200       18.1916    0.1927      9.00     15.00     24.00    163.00      0.00       2.6702    0.0274      1.00      2.00      4.00     21.00      0.00      16.9032    0.1267     11.00     16.00     22.00     66.00      0.00
  1.0000   0.1000       22.5634    0.2591     10.00     18.00     30.00    266.00      0.00       3.3714    0.0352      1.00      3.00      5.00     29.00      0.00      16.0472    0.1241     11.00     15.00     21.00     67.00      0.00
  1.0000   0.0800       30.3126    0.3579     13.00     23.00     40.00    321.00      0.00       4.7704    0.0567      2.00      4.00      6.00     61.00      0.00      15.0556    0.1242     10.00     14.00     20.00     75.00      0.00
  1.0000   0.0600       44.2970    0.5477     17.00     33.00     59.00    360.00      0.00       8.2072    0.1097      3.00      6.00     11.00    113.00      0.00      13.6504    0.1214      8.00     13.00     18.00     66.00      0.00
  1.0000   0.0400       73.7998    0.9664     25.00     54.00    101.00    584.00      0.00      21.8976    0.3340      6.00     14.00     29.00    235.00      0.00      10.8810    0.1219      3.00     11.00     16.00     56.00      0.00
  1.0000   0.0200      137.9910    1.9184     41.00     99.00    192.00   1339.00      0.00      77.0074    1.1331     20.00     52.00    106.00    800.00      0.00       5.1600    0.1042      0.00      1.00      9.00     47.00      0.00
  0.8000   0.2000       15.4008    0.1562      8.00     13.00     20.00    100.00      0.00       1.4882    0.0120      1.00      1.00      2.00      8.00      0.00      27.7322    0.2232     17.00     25.00     36.00    108.00      0.00
  0.8000   0.1800       17.0122    0.1716      8.00     14.00     23.00    142.00      0.00       1.6230    0.0143      1.00      1.00      2.00      9.00      0.00      26.5390    0.2164     16.00     24.00     35.00    106.00      0.00
  0.8000   0.1600       19.7086    0.2087      9.00     17.00     26.00    141.00      0.00       1.8686    0.0176      1.00      1.00      2.00     11.00      0.00      25.6692    0.2146     15.00     23.00     34.00    117.00      0.00
  0.8000   0.1400       22.5074    0.2447     10.00     18.00     30.00    223.00      0.00       2.1732    0.0210      1.00      2.00      3.00     13.00      0.00      24.4050    0.2048     14.00     22.00     32.00    109.00      0.00
  0.8000   0.1200       27.4854    0.3070     13.00     22.00     36.00    203.00      0.00       2.6570    0.0275      1.00      2.00      4.00     20.00      0.00      23.5020    0.1995     14.00     21.00     31.00    109.00      0.00
  0.8000   0.1000       34.3958    0.4038     14.00     27.00     46.00    276.00      0.00       3.3844    0.0364      1.00      3.00      5.00     30.00      0.00      21.7504    0.1964     12.00     20.00     29.00    126.00      0.00
  0.8000   0.0800       44.8502    0.5567     18.00     34.00     60.00    456.00      0.00       4.8608    0.0580      2.00      4.00      7.00     47.00      0.00      19.9560    0.1905     11.00     18.00     27.00     95.00      0.00
  0.8000   0.0600       64.3834    0.8243     24.00     47.00     87.00    457.00      0.00       8.1792    0.1128      3.00      6.00     11.00    121.00      0.00      17.2048    0.1800      8.00     16.00     24.00    101.00      0.00
  0.8000   0.0400       98.8050    1.3327     32.00     71.00    134.00    848.00      0.00      22.1140    0.3350      6.00     14.00     29.00    208.00      0.00      12.6748    0.1658      2.00     11.00     20.00     79.00      0.00
  0.8000   0.0200      158.2326    2.2429     46.00    108.00    219.00   1723.00      0.00      78.5632    1.1665     21.00     52.00    109.00    704.00      0.00       5.0316    0.1190      0.00      1.00      6.00     63.00      0.00
  0.6000   0.2000       26.9890    0.3015     12.00     22.00     36.00    219.00      0.00       1.4998    0.0126      1.00      1.00      2.00      9.00      0.00      44.2254    0.4281     23.00     37.00     59.00    263.00      0.00
  0.6000   0.1800       30.3958    0.3540     13.00     24.00     40.00    250.00      0.00       1.6422    0.0145      1.00      1.00      2.00     10.00      0.00      42.4182    0.4104     21.00     36.00     57.00    227.00      0.00
  0.6000   0.1600       34.8986    0.4154     15.00     27.00     45.00    366.00      0.00       1.8544    0.0176      1.00      1.00      2.00     12.00      0.00      40.8340    0.4082     20.00     35.00     54.00    230.00      0.00
  0.6000   0.1400       41.0066    0.4932     17.00     31.00     55.00    300.00      0.00       2.1540    0.0209      1.00      2.00      3.00     16.00      0.00      38.4844    0.3980     18.00     32.00     52.00    215.00      0.00
  0.6000   0.1200       48.2754    0.5856     19.00     37.00     66.00    306.00      0.00       2.6406    0.0263      1.00      2.00      4.00     17.00      0.00      35.3992    0.3747     17.00     30.00     48.00    206.00      0.00
  0.6000   0.1000       60.6004    0.7681     23.00     45.00     82.00    685.00      0.00       3.3488    0.0355      1.00      3.00      5.00     31.00      0.00      32.6872    0.3635     15.00     27.00     45.00    300.00      0.00
  0.6000   0.0800       76.4950    0.9992     26.00     56.00    105.00    765.00      0.00       4.8562    0.0597      2.00      4.00      7.00     65.00      0.00      28.1396    0.3298     11.00     23.00     40.00    151.00      0.00
  0.6000   0.0600      102.0412    1.3899     33.00     72.00    137.00    867.00      0.00       8.2870    0.1180      3.00      6.00     11.00    117.00      0.00      21.8900    0.2855      6.00     17.00     32.00    188.00      0.00
  0.6000   0.0400      136.3856    1.8679     44.00     97.00    186.00   1188.00      0.00      21.5530    0.3395      6.00     14.00     29.00    298.00      0.00      14.2916    0.2328      2.00      8.00     21.00    138.00      0.00
  0.6000   0.0200      179.7902    2.5546     52.00    126.00    249.00   1533.00      0.00      78.5906    1.1764     21.00     52.00    108.00    991.00      0.00       4.7678    0.1313      0.00      1.00      5.00     90.00      0.00
  0.4000   0.2000       63.8072    0.8425     22.00     47.00     86.00    570.00      0.00       1.4766    0.0119      1.00      1.00      2.00      9.00      0.00      88.7484    1.0897     33.00     68.00    121.00    609.00      0.00
  0.4000   0.1800       71.3246    0.9545     25.00     51.00     96.00    554.00      0.00       1.6252    0.0146      1.00      1.00      2.00      9.00      0.00      83.7400    1.0509     31.00     64.00    114.00    619.00      0.00
  0.4000   0.1600       79.6702    1.0936     27.00     57.00    105.00    685.00      0.00       1.8696    0.0182      1.00      1.00      2.00     15.00      0.00      76.0084    0.9594     28.00     58.00    103.00    712.00      0.00
  0.4000   0.1400       93.5314    1.2927     31.00     65.00    128.00   1044.00      0.00       2.2038    0.0215      1.00      2.00      3.00     13.00      0.00      70.7806    0.9146     25.00     52.00     97.00    575.00      0.00
  0.4000   0.1200      107.9954    1.4942     35.00     75.00    146.00    943.00      0.00       2.6604    0.0274      1.00      2.00      4.00     20.00      0.00      62.4962    0.8470     21.00     46.00     85.00    611.00      0.00
  0.4000   0.1000      121.5376    1.6527     38.00     86.00    169.00    869.00      0.00       3.3878    0.0366      1.00      3.00      5.00     29.00      0.00      49.9536    0.6773     16.00     37.00     70.00    378.00      0.00
  0.4000   0.0800      141.4906    1.9550     42.00    101.00    195.00   1470.00      0.00       4.8266    0.0561      2.00      4.00      7.00     54.00      0.00      38.9224    0.5472     11.00     28.00     55.00    363.00      0.00
  0.4000   0.0600      161.1312    2.2759     47.00    110.00    219.00   1292.00      0.00       8.4686    0.1240      3.00      6.00     11.00    181.00      0.00      25.5114    0.3895      6.00     17.00     36.00    216.00      0.00
  0.4000   0.0400      176.5728    2.4567     52.00    123.00    243.00   1358.00      0.00      22.4014    0.3429      6.00     15.00     30.00    288.00      0.00      13.3420    0.2531      2.00      7.00     17.00    170.00      0.00
  0.4000   0.0200      196.0224    2.7858     57.00    137.00    270.00   1853.00      0.00      79.2596    1.1281     21.00     55.00    110.00    588.00      0.00       3.5004    0.1012      0.00      1.00      4.00    133.00      0.00
  0.2000   0.2000      159.5066    2.2494     47.00    111.00    220.00   1435.00      0.00       1.5046    0.0123      1.00      1.00      2.00     10.00      0.00     178.8226    2.5859     50.00    123.00    249.00   1987.00      0.00
  0.2000   0.1800      161.3646    2.3084     45.00    112.00    220.00   2000.00      0.00       1.6630    0.0147      1.00      1.00      2.00      9.00      0.00     152.5158    2.2408     42.00    101.00    208.00   1607.00      0.00
  0.2000   0.1600      169.1216    2.3508     49.00    119.00    241.00   1311.00      0.00       1.8804    0.0176      1.00      1.00      2.00     12.00      0.00     129.4586    1.8428     36.00     87.00    181.00   1113.00      0.00
  0.2000   0.1400      173.0714    2.4545     50.00    120.00    240.00   1467.00      0.00       2.2112    0.0219      1.00      2.00      3.00     17.00      0.00     102.8990    1.5069     28.00     70.00    140.00    972.00      0.00
  0.2000   0.1200      183.1702    2.5955     52.00    128.00    256.00   1500.00      0.00       2.6094    0.0262      1.00      2.00      3.00     14.00      0.00      82.3888    1.1964     22.00     56.00    116.00    797.00      0.00
  0.2000   0.1000      181.5276    2.6508     48.00    125.00    250.00   2000.00      0.00       3.4072    0.0380      1.00      3.00      5.00     31.00      0.00      57.6580    0.8697     14.00     38.00     79.00    549.00      0.00
  0.2000   0.0800      190.8094    2.6806     53.00    132.00    270.00   1405.00      0.00       4.8182    0.0545      2.00      4.00      7.00     63.00      0.00      39.4270    0.5881     10.00     26.00     55.00    384.00      0.00
  0.2000   0.0600      200.0960    2.8444     56.00    138.00    275.00   1850.00      0.00       8.1286    0.1085      3.00      6.00     11.00    127.00      0.00      24.0100    0.3726      5.00     15.00     34.00    207.00      0.00
  0.2000   0.0400      197.2326    2.7824     57.00    136.00    273.00   1512.00      0.00      21.4724    0.3439      6.00     13.00     28.00    336.00      0.00      10.6784    0.1800      2.00      6.00     15.00    152.00      0.00
  0.2000   0.0200      200.4832    2.8368     57.00    143.00    275.00   1791.00      0.00      79.0690    1.1362     20.00     54.00    112.00    955.00      0.00       2.6792    0.0645      0.00      1.00      3.00     66.00      0.00
