Amp Radius  OC_Mean OC_Std OC_Q1 OC_Med OC_Q3 OC_Max OC_Min  Exp_Mean Exp_Std Exp_Q1 Exp_Med Exp_Q3 Exp_Max Exp_Min  Num_Mean Num_Std Num_Q1 Num_Med Num_Q3 Num_Max Num_Min
  2.0000   0.2000        5.3918    0.0429      3.00      5.00      7.00     50.00      0.00       1.1766    0.0100      1.00      1.00      1.00     20.00      0.00       5.9082    0.0436      4.00      6.00      8.00     22.00      0.00
  2.0000   0.1800        5.8890    0.0481      4.00      5.00      7.00     50.00      0.00       1.3194    0.0182      1.00      1.00      1.00     48.00      0.00       5.4584    0.0401      3.00      5.00      7.00     19.00      0.00
  2.0000   0.1600        6.8934    0.0974      4.00      6.00      8.00    276.00      0.00       1.7160    0.0432      1.00      1.00      2.00     74.00      0.00       5.0048    0.0379      3.00      5.00      6.00     20.00      0.00
  2.0000   0.1400        8.0798    0.1303      4.00      7.00     10.00    262.00      0.00       2.3292    0.0907      1.00      1.00      2.00    258.00      0.00       4.6452    0.0348      3.00      4.00      6.00     19.00      0.00
  2.0000   0.1200       10.8560    0.2247      5.00      8.00     11.00    312.00      0.00       4.3808    0.1914      1.00      2.00      2.00    308.00      0.00       4.2654    0.0322      3.00      4.00      5.00     19.00      0.00
  2.0000   0.1000       17.0388    0.4147      6.00      9.00     16.00    498.00      0.00       9.3198    0.3611      1.00      2.00      7.00    498.00      0.00       3.9516    0.0305      3.00      4.00      5.00     14.00      0.00
  2.0000   0.0800       32.6670    0.8672      7.00     14.00     31.00    979.00      0.00      21.7776    0.7424      2.00      5.00     18.00    978.00      0.00       3.6080    0.0329      2.00      3.00      5.00     16.00      0.00
  2.0000   0.0600       55.2526    1.2426     10.00     24.00     60.00   1350.00      0.00      40.9430    1.0952      3.00     13.00     39.00    923.00      0.00       3.1804    0.0346      1.00      3.00      5.00     15.00      0.00
  2.0000   0.0400       90.7582    1.7293     17.00     44.00    112.00   1075.00      0.00      72.7396    1.5908      9.00     30.00     84.00   1026.00      0.00       2.4314    0.0340      0.00      2.00      4.00     15.00      0.00
  2.0000   0.0200      143.0810    2.3421     32.00     86.00    193.00   1625.00      0.00     125.1094    2.2093     25.00     70.00    168.00   1625.00      0.00       1.3242    0.0298      0.00      0.00      2.00     14.00      0.00
  1.8000   0.2000        6.4152    0.0529      4.00      6.00      8.00     53.00      0.00       1.2026    0.0169      1.00      1.00      1.00     53.00      0.00       7.0844    0.0540      4.00      6.00      9.00     27.00      0.00
  1.8000   0.1800        7.1016    0.0719      4.00      6.00      9.00    135.00      0.00       1.3758    0.0372      1.00      1.00      1.00    133.00      0.00       6.4928    0.0509      4.00      6.00      8.00     33.00      0.00
  1.8000   0.1600        8.0264    0.0998      5.00      7.00     10.00    229.00      0.00       1.7092    0.0599      1.00      1.00      2.00    214.00      0.00       5.9570    0.0466      4.00      5.00      8.00     26.00      0.00
  1.8000   0.1400        9.4216    0.1388      5.00      8.00     11.00    274.00      0.00       2.4002    0.1119      1.00      1.00      2.00    250.00      0.00       5.5026    0.0441      3.00      5.00      7.00     25.00      0.00
  1.8000   0.1200       12.4312    0.2403      5.00      9.00     13.00    323.00      0.00       4.2654    0.1777      1.00      2.00      2.00    223.00      0.00       5.0480    0.0398      3.00      5.00      7.00     25.00      0.00
  1.8000   0.1000       21.4526    0.5853      7.00     12.00     20.00    827.00      0.00      10.7514    0.4641      1.00      2.00      7.00    752.00      0.00       4.7788    0.0398      3.00      4.00      6.00     19.00      0.00
  1.8000   0.0800       34.5648    0.8171      8.00     16.00     34.00    692.00      0.00      20.2870    0.6669      2.00      5.00     17.00    611.00      0.00       4.3752    0.0410      2.00      4.00      6.00     21.00      0.00
  1.8000   0.0600       60.3048    1.2948     12.00     27.00     66.00   1043.00      0.00      41.1612    1.1077      3.00     13.00     39.00   1017.00      0.00       3.7338    0.0425      1.00      4.00      6.00     22.00      0.00
  1.8000   0.0400       95.2752    1.8118     19.00     50.00    117.00   1446.00      0.00      73.1742    1.6649      9.00     31.00     84.00   1446.00      0.00       2.8586    0.0426      0.00      2.00      5.00     19.00      0.00
  1.8000   0.0200      146.2734    2.3216     34.00     90.00    197.00   1726.00      0.00     124.3938    2.1393     24.00     72.00    166.00   1726.00      0.00       1.4426    0.0341      0.00      0.00      2.00     18.00      0.00
  1.6000   0.2000        7.9346    0.0765      5.00      7.00     10.00    178.00      0.00       1.2122    0.0248      1.00      1.00      1.00     85.00      0.00       8.7952    0.0701      5.00      8.00     11.00     38.00      0.00
  1.6000   0.1800        8.6640    0.0840      5.00      8.00     11.00    122.00      0.00       1.3754    0.0324      1.00      1.00      1.00    114.00      0.00       7.8406    0.0640      5.00      7.00     10.00     36.00      0.00
  1.6000   0.1600        9.8880    0.1020      5.00      8.00     13.00    151.00      0.00       1.6500    0.0406      1.00      1.00      2.00     87.00      0.00       7.4234    0.0607      4.00      7.00     10.00     30.00      0.00
  1.6000   0.1400       11.4950    0.1539      6.00     10.00     14.00    233.00      0.00       2.3222    0.0895      1.00      1.00      2.00    157.00      0.00       6.7444    0.0553      4.00      6.00      9.00     32.00      0.00
  1.6000   0.1200       15.0554    0.2566      7.00     11.00     17.00    290.00      0.00       4.2520    0.1721      1.00      2.00      3.00    288.00      0.00       6.2268    0.0522      4.00      6.00      8.00     27.00      0.00
  1.6000   0.1000       23.6402    0.5471      8.00     14.00     24.00    741.00      0.00       9.2788    0.3597      1.00      2.00      7.00    462.00      0.00       5.8512    0.0515      3.00      5.00      8.00     27.00      0.00
  1.6000   0.0800       40.1468    0.9061     10.00     20.00     41.00    757.00      0.00      22.0190    0.7126      2.00      5.00     18.00    649.00      0.00       5.2834    0.0524      3.00      5.00      7.00     32.00      0.00
  1.6000   0.0600       68.2350    1.4066     14.00     33.00     77.00   1208.00      0.00      44.4474    1.2018      3.00     14.00     43.00   1208.00      0.00       4.5404    0.0547      1.00      4.00      7.00     30.00      0.00
  1.6000   0.0400      100.1264    1.8205     22.00     53.00    128.00   1296.00      0.00      71.2704    1.5454      9.00     30.00     84.00   1284.00      0.00       3.2868    0.0512      0.00      2.00      6.00     26.00      0.00
  1.6000   0.0200      150.3572    2.4007     39.00     93.00    202.00   1591.00      0.00     124.2066    2.1910     26.00     70.00    160.00   1399.00      0.00       1.6812    0.0407      0.00      0.00      3.00     20.00      0.00
  1.4000   0.2000       10.1402    0.1207      6.00      9.00     13.00    402.00      0.00       1.2174    0.0252      1.00      1.00      1.00     74.00      0.00      11.0930    0.0919      6.00     10.00     15.00     52.00      0.00
  1.4000   0.1800       11.1432    0.1512      6.00     10.00     14.00    566.00      0.00       1.4538    0.1031      1.00      1.00      1.00    499.00      0.00      10.1434    0.0844      6.00      9.00     13.00     43.00      0.00
  1.4000   0.1600       12.5916    0.1387      7.00     11.00     16.00    254.00      0.00       1.6468    0.0468      1.00      1.00      2.00    114.00      0.00       9.4042    0.0813      5.00      8.00     12.00     45.00      0.00
  1.4000   0.1400       14.6532    0.1776      8.00     12.00     18.00    227.00      0.00       2.2836    0.0676      1.00      1.00      2.00    146.00      0.00       8.7030    0.0760      5.00      8.00     11.00     46.00      0.00
  1.4000   0.1200       18.9240    0.2976      8.00     14.00     22.00    340.00      0.00       4.4034    0.1835      1.00      2.00      2.00    245.00      0.00       7.9584    0.0707      4.00      7.00     10.00     42.00      0.00
  1.4000   0.1000       28.3614    0.5843     10.00     17.00     31.00    757.00      0.00       9.8496    0.3880      1.00      2.00      7.00    356.00      0.00       7.4448    0.0723      4.00      7.00     10.00     43.00      0.00
  1.4000   0.0800       43.6986    0.8993     12.00     24.00     47.00    970.00      0.00      20.0218    0.6647      2.00      5.00     17.00    970.00      0.00       6.7604    0.0731      3.00      6.00      9.00     40.00      0.00
  1.4000   0.0600       73.4462    1.4599     17.00     37.00     83.00   1514.00      0.00      41.2656    1.1266      3.00     13.00     41.00   1400.00      0.00       5.6104    0.0706      1.00      5.00      8.00     41.00      0.00
  1.4000   0.0400      110.1634    1.8985     25.00     62.00    143.00   1595.00      0.00      74.0856    1.6353      9.00     31.00     84.00   1384.00      0.00       3.8866    0.0660      0.00      2.00      6.00     37.00      0.00
  1.4000   0.0200      155.3394    2.4348     40.00     98.00    208.00   1612.00      0.00     123.2174    2.1894     25.00     68.00    161.00   1548.00      0.00       1.9246    0.0510      0.00      0.00      2.00     30.00      0.00
  1.2000   0.2000       13.5308    0.1317      7.00     12.00     18.00    222.00      0.00       1.2108    0.0269      1.00      1.00      1.00    101.00      0.00      14.8564    0.1285      8.00     13.00     20.00     75.00      0.00
  1.2000   0.1800       14.7042    0.1453      8.00     13.00     19.00    120.00      0.00       1.3134    0.0194      1.00      1.00      1.00     63.00      0.00      13.5672    0.1229      7.00     12.00     18.00     71.00      0.00
  1.2000   0.1600       17.0764    0.2128      9.00     14.00     22.00    309.00      0.00       1.8988    0.0889      1.00      1.00      2.00    222.00      0.00      12.5802    0.1142      7.00     11.00     17.00     56.00      0.00
  1.2000   0.1400       19.9540    0.2739     10.00     16.00     25.00    405.00      0.00       2.6194    0.1395      1.00      1.00      2.00    405.00      0.00      11.6540    0.1104      6.00     10.00     15.00     67.00      0.00
  1.2000   0.1200       24.8614    0.3644     11.00     19.00     30.00    415.00      0.00       4.3892    0.1911      1.00      2.00      2.00    307.00      0.00      10.8198    0.1056      6.00      9.00     14.00     56.00      0.00
  1.2000   0.1000       36.2040    0.6354     13.00     23.00     42.00    754.00      0.00       9.3476    0.3540      1.00      2.00      6.00    394.00      0.00      10.1448    0.1052      5.00      9.00     14.00     59.00      0.00
  1.2000   0.0800       55.8668    1.0334     16.00     32.00     63.00    720.00      0.00      22.1342    0.7256      2.00      5.00     18.00    701.00      0.00       8.7572    0.1016      3.00      7.00     12.00     49.00      0.00
  1.2000   0.0600       81.1550    1.5490     20.00     44.00     97.00   1311.00      0.00      41.4762    1.1602      3.00     12.00     39.00    997.00      0.00       7.0346    0.0975      1.00      6.00     11.00     59.00      0.00
  1.2000   0.0400      121.9776    2.0812     30.00     74.00    156.00   1973.00      0.00      75.1092    1.7142      9.00     32.00     85.00   1973.00      0.00       4.8620    0.0878      0.00      2.00      8.00     64.00      0.00
  1.2000   0.0200      162.9122    2.4720     43.00    105.00    223.00   1541.00      0.00     121.1660    2.1208     25.00     68.00    161.00   1305.00      0.00       2.1744    0.0642      0.00      0.00      2.00     46.00      0.00
  1.0000   0.2000       19.2756    0.2015     10.00     16.00     25.00    158.00      0.00       1.2004    0.0162      1.00      1.00      1.00     52.00      0.00      21.0168    0.2032     11.00     18.00     28.00    129.00      0.00
  1.0000   0.1800       21.7048    0.2490     11.00     18.00     28.00    500.00      0.00       1.3874    0.0437      1.00      1.00      1.00    165.00      0.00      19.7568    0.1948     10.00     17.00     26.00    143.00      0.00
  1.0000   0.1600       24.5934    0.2718     12.00     20.00     32.00    214.00      0.00       1.7736    0.0549      1.00      1.00      2.00    114.00      0.00      18.2680    0.1857      9.00     15.00     24.00    107.00      0.00
  1.0000   0.1400       28.5514    0.3440     13.00     22.00     36.00    391.00      0.00       2.3412    0.0862      1.00      1.00      2.00    258.00      0.00      16.8628    0.1781      8.00     14.00     22.00    104.00      0.00
  1.0000   0.1200       36.0342    0.5248     15.00     27.00     46.00    622.00      0.00       4.7730    0.2388      1.00      2.00      3.00    622.00      0.00      15.6726    0.1677      7.00     13.00     21.00    101.00      0.00
  1.0000   0.1000       48.9968    0.8057     17.00     33.00     60.00    818.00      0.00       9.7062    0.3759      1.00      2.00      7.00    449.00      0.00      14.2128    0.1630      6.00     12.00     19.00    109.00      0.00
  1.0000   0.0800       68.6716    1.1600     21.00     42.00     83.00    862.00      0.00      20.5342    0.6680      2.00      5.00     18.00    742.00      0.00      12.3540    0.1574      4.00     10.00     18.00     85.00      0.00
  1.0000   0.0600      100.4694    1.6707     27.00     60.00    129.00   1183.00      0.00      42.6012    1.1267      3.00     13.00     42.00    845.00      0.00       9.3610    0.1457      1.00      6.00     14.00     78.00      0.00
  1.0000   0.0400      136.8722    2.1767     36.00     83.00    182.00   1435.00      0.00      73.0532    1.5975      9.00     31.00     84.00   1155.00      0.00       6.2128    0.1239      0.00      2.00     10.00     92.00      0.00
  1.0000   0.0200      178.8760    2.6764     50.00    116.00    245.00   1760.00      0.00     127.3184    2.2852     26.00     70.00    166.00   1760.00      0.00       2.7694    0.0895      0.00      0.00      2.00     70.00      0.00
  0.8000   0.2000       30.7718    0.3509     14.00     25.00     40.00    267.00      0.00       1.1816    0.0137      1.00      1.00      1.00     42.00      0.00      33.3850    0.3637     15.00     27.00     45.00    185.00      0.00
  0.8000   0.1800       35.5662    0.4266     15.00     27.00     47.00    357.00      0.00       1.3606    0.0336      1.00      1.00      1.00    108.00      0.00      31.7904    0.3618     14.00     25.00     42.00    232.00      0.00
  0.8000   0.1600       40.0864    0.5055     17.00     30.00     52.00    429.00      0.00       1.8036    0.0782      1.00      1.00      2.00    260.00      0.00      29.5602    0.3430     12.00     23.00     40.00    204.00      0.00
  0.8000   0.1400       46.7072    0.6246     18.00     35.00     61.00    757.00      0.00       2.4512    0.0959      1.00      1.00      2.00    216.00      0.00      27.1964    0.3248     11.00     21.00     37.00    205.00      0.00
  0.8000   0.1200       57.3818    0.7993     21.00     40.00     75.00    789.00      0.00       4.6496    0.2169      1.00      2.00      3.00    449.00      0.00      25.0218    0.3129     10.00     19.00     33.00    198.00      0.00
  0.8000   0.1000       72.3986    1.1102     24.00     49.00     92.00   1047.00      0.00      10.0036    0.4082      1.00      2.00      7.00    524.00      0.00      21.7132    0.2882      8.00     16.00     30.00    184.00      0.00
  0.8000   0.0800       96.9726    1.4728     29.00     64.00    127.00   1188.00      0.00      22.8628    0.7546      2.00      5.00     19.00   1127.00      0.00      17.9202    0.2679      4.00     12.00     26.00    166.00      0.00
  0.8000   0.0600      128.3356    2.0335     34.00     80.00    167.00   1333.00      0.00      42.6182    1.1970      3.00     13.00     41.00   1120.00      0.00      12.9174    0.2349      1.00      7.00     19.00    178.00      0.00
  0.8000   0.0400      153.7176    2.2609     43.00    101.00    213.00   1608.00      0.00      74.3626    1.6177     10.00     32.00     85.00   1282.00      0.00       7.5754    0.1836      0.00      2.00     10.00    159.00      0.00
  0.8000   0.0200      185.6084    2.7540     51.00    123.00    254.00   2000.00      0.00     125.0158    2.2242     25.00     68.00    168.00   2000.00      0.00       3.0534    0.1178      0.00      0.00      2.00    103.00      0.00
  0.6000   0.2000       57.9374    0.7540     21.00     42.00     77.00    670.00      0.00       1.2514    0.0631      1.00      1.00      1.00    312.00      0.00      61.7244    0.7752     23.00     46.00     84.00    558.00      0.00
  0.6000   0.1800       64.1416    0.8415     23.00     46.00     86.00    463.00      0.00       1.3098    0.0267      1.00      1.00      1.00    105.00      0.00      57.2746    0.7301     21.00     42.00     77.00    516.00      0.00
  0.6000   0.1600       74.5814    0.9979     26.00     54.00    101.00    600.00      0.00       1.7014    0.0487      1.00      1.00      2.00    134.00      0.00      53.8448    0.7028     18.00     40.00     74.00    433.00      0.00
  0.6000   0.1400       83.0044    1.1390     29.00     60.00    111.00    835.00      0.00       2.3852    0.0831      1.00      1.00      2.00    138.00      0.00      47.5518    0.6350     16.00     34.00     65.00    405.00      0.00
  0.6000   0.1200       99.0574    1.3772     33.00     70.00    133.00    890.00      0.00       4.7764    0.2108      1.00      2.00      3.00    357.00      0.00      41.7982    0.5727     13.00     30.00     57.00    393.00      0.00
  0.6000   0.1000      113.8294    1.6415     34.00     77.00    157.00   1395.00      0.00       9.4784    0.3598      1.00      2.00      7.00    357.00      0.00      34.5192    0.5207      9.00     23.00     48.00    388.00      0.00
  0.6000   0.0800      135.2056    1.9733     38.00     91.00    187.00   1149.00      0.00      22.5322    0.7591      2.00      5.00     19.00    869.00      0.00      25.4884    0.4277      4.00     15.00     36.00    264.00      0.00
  0.6000   0.0600      155.3126    2.2426     47.00    106.00    210.00   1458.00      0.00      40.2178    1.0908      3.00     13.00     39.00   1115.00      0.00      17.5454    0.3619      1.00      8.00     24.00    322.00      0.00
  0.6000   0.0400      179.3920    2.5763     51.00    122.00    246.00   1685.00      0.00      75.0750    1.6355      9.00     33.00     88.00   1639.00      0.00       9.3678    0.2569      0.00      2.00     11.00    247.00      0.00
  0.6000   0.0200      199.3420    2.8371     56.00    139.00    278.00   1817.00      0.00     127.9582    2.2283     26.00     71.00    169.00   1357.00      0.00       3.2512    0.1420      0.00      0.00      2.00    131.00      0.00
  0.4000   0.2000      114.6944    1.6096     34.00     79.00    160.00   1010.00      0.00       1.1790    0.0177      1.00      1.00      1.00     67.00      0.00     120.8394    1.7555     35.00     83.00    167.00   1334.00      0.00
  0.4000   0.1800      116.8980    1.6666     35.00     80.00    157.00   1006.00      0.00       1.3300    0.0234      1.00      1.00      1.00     57.00      0.00     101.3362    1.4712     30.00     69.00    136.00    954.00      0.00
  0.4000   0.1600      133.4288    1.9122     38.00     91.00    186.00   1501.00      0.00       1.9750    0.2004      1.00      1.00      2.00    687.00      0.00      94.4710    1.3621     25.00     64.00    131.00    872.00      0.00
  0.4000   0.1400      143.5434    2.0496     40.00     99.00    199.00   1377.00      0.00       2.4180    0.1092      1.00      1.00      2.00    277.00      0.00      81.0328    1.1972     21.00     54.00    113.00    858.00      0.00
  0.4000   0.1200      150.0418    2.1406     43.00    104.00    209.00   1748.00      0.00       4.2678    0.1811      1.00      2.00      3.00    361.00      0.00      63.0098    0.9527     16.00     41.00     87.00    816.00      0.00
  0.4000   0.1000      167.5444    2.4139     48.00    113.00    228.00   1446.00      0.00      10.1160    0.3826      1.00      2.00      7.00    516.00      0.00      49.6676    0.8114     11.00     30.00     68.00    480.00      0.00
  0.4000   0.0800      177.1022    2.5295     49.00    119.00    249.00   1490.00      0.00      21.0354    0.7176      2.00      5.00     18.00    925.00      0.00      35.7686    0.7036      5.00     17.00     47.00    632.00      0.00
  0.4000   0.0600      183.8414    2.7312     51.00    123.00    252.00   1967.00      0.00      39.7956    1.0669      3.00     13.00     39.00    918.00      0.00      21.3640    0.5115      1.00      8.00     26.00    408.00      0.00
  0.4000   0.0400      192.7476    2.8293     54.00    129.00    262.00   1647.00      0.00      72.9630    1.6461      9.00     30.00     80.00   1121.00      0.00      10.0890    0.3102      0.00      2.00     10.00    268.00      0.00
  0.4000   0.0200      197.5410    2.8732     54.00    131.00    274.00   1495.00      0.00     122.0424    2.2063     24.00     67.00    155.00   1432.00      0.00       2.8448    0.1262      0.00      0.00      2.00    146.00      0.00
  0.2000   0.2000      172.1202    2.4385     48.00    115.00    241.00   1396.00      0.00       1.1700    0.0122      1.00      1.00      1.00     29.00      0.00     180.5606    2.7374     48.00    113.00    245.00   1870.00      0.00
  0.2000   0.1800      178.5988    2.4999     51.00    125.00    252.00   1523.00      0.00       1.3488    0.0330      1.00      1.00      1.00    141.00      0.00     155.3804    2.3478     41.00    102.00    213.00   1533.00      0.00
  0.2000   0.1600      188.2674    2.6856     53.00    128.00    264.00   1682.00      0.00       1.7882    0.0810      1.00      1.00      2.00    237.00      0.00     131.7948    2.0245     36.00     86.00    181.00   1618.00      0.00
  0.2000   0.1400      186.5408    2.7183     51.00    123.00    260.00   1760.00      0.00       2.4626    0.0920      1.00      1.00      2.00    171.00      0.00     102.6524    1.5755     25.00     65.00    142.00    978.00      0.00
  0.2000   0.1200      188.0894    2.6926     53.00    130.00    261.00   1756.00      0.00       4.3902    0.1932      1.00      2.00      3.00    347.00      0.00      77.7252    1.2156     19.00     49.00    109.00    886.00      0.00
  0.2000   0.1000      187.0244    2.7839     49.00    124.00    258.00   2000.00      0.00       9.4162    0.3720      1.00      2.00      7.00    420.00      0.00      54.9180    0.9691     10.00     31.00     73.00    671.00      0.00
  0.2000   0.0800      196.7826    2.8836     55.00    132.00    270.00   1775.00      0.00      20.6718    0.6975      2.00      5.00     18.00   1251.00      0.00      37.5882    0.7551      5.00     18.00     49.00    571.00      0.00
  0.2000   0.0600      200.7860    3.0114     54.00    133.00    272.00   2000.00      0.00      42.6252    1.1931      3.00     13.00     40.00   1008.00      0.00      21.1430    0.5462      1.00      7.00     23.00    468.00      0.00
  0.2000   0.0400      201.7202    2.9009     57.00    138.00    279.00   1569.00      0.00      73.0514    1.6063      8.00     30.00     86.00    992.00      0.00       9.6182    0.3080      0.00      2.00      9.00    288.00      0.00
  0.2000   0.0200      201.3668    2.9720     52.00    134.00    281.00   1911.00      0.00     123.9172    2.2318     24.00     66.00    162.00   1687.00      0.00       2.7318    0.1244      0.00      0.00      2.00    169.00      0.00
