Amp  OC_Mean OC_Std OC_Q1 OC_Med OC_Q3 OC_Max OC_Min  Exp_Mean Exp_Std Exp_Q1 Exp_Med Exp_Q3 Exp_Max Exp_Min  Num_Mean Num_Std Num_Q1 Num_Med Num_Q3 Num_Max Num_Min
  4.0000       50.5656    0.8249     17.00     34.00     63.00    822.00      0.00       2.0708    0.0355      1.00      1.00      2.00     50.00      0.00      62.0878    0.6042     32.00     53.00     82.00    397.00      0.00
  3.8000       53.1848    0.8122     18.00     36.00     68.00    758.00      0.00       2.0666    0.0356      1.00      1.00      2.00     47.00      0.00      67.4782    0.6629     34.00     56.00     91.00    407.00      0.00
  3.6000       57.1566    0.9160     18.00     38.00     71.00    990.00      0.00       2.0594    0.0348      1.00      1.00      2.00     43.00      0.00      70.9082    0.6925     36.00     60.00     95.00    402.00      0.00
  3.4000       62.5866    0.9857     20.00     42.00     80.00    931.00      0.00       2.1082    0.0372      1.00      1.00      2.00     59.00      0.00      76.5236    0.7524     37.00     64.00    103.00    522.00      0.00
  3.2000       67.4320    1.0111     22.00     46.00     86.00   1321.00      0.00       2.0944    0.0336      1.00      1.00      2.00     41.00      0.00      83.6154    0.8229     42.00     70.00    111.00    478.00      0.00
  3.0000       75.5930    1.1687     25.00     52.00     98.00   1278.00      0.00       2.1364    0.0351      1.00      1.00      2.00     40.00      0.00      90.1736    0.9045     44.00     76.00    120.00    527.00      0.00
  2.8000       79.3190    1.1604     26.00     55.00    103.00    901.00      0.00       2.0464    0.0370      1.00      1.00      2.00     68.00      0.00      98.0162    0.9869     47.00     82.00    131.00    569.00      0.00
  2.6000       89.4246    1.2666     30.00     63.00    116.00   1050.00      0.00       2.1162    0.0368      1.00      1.00      2.00     43.00      0.00     108.4686    1.1032     52.00     90.00    146.00    561.00      0.00
  2.4000       98.8368    1.3832     34.00     69.00    130.00    950.00      0.00       2.0620    0.0343      1.00      1.00      2.00     44.00      0.00     122.9520    1.2635     59.00    102.00    167.00    652.00      0.00
  2.2000      108.9368    1.4803     37.00     80.00    143.00   1109.00      0.00       2.0156    0.0347      1.00      1.00      2.00     59.00      0.00     133.9556    1.4386     61.00    111.00    181.00    848.00      0.00
  2.0000      128.4720    1.7969     44.00     92.00    168.00   1699.00      0.00       2.0860    0.0366      1.00      1.00      2.00     45.00      0.00     156.9376    1.7301     69.00    127.00    211.00   1164.00      0.00
  1.8000      149.0202    2.0145     52.00    108.00    201.00   1313.00      0.00       2.0234    0.0328      1.00      1.00      2.00     43.00      0.00     184.9418    2.1274     77.00    147.00    251.00   1249.00      0.00
  1.6000      174.4168    2.3220     63.00    129.00    235.00   1536.00      0.00       2.0456    0.0319      1.00      1.00      2.00     33.00      0.00     215.6704    2.5537     86.00    171.00    296.00   1872.00      0.00
  1.4000      207.0216    2.6741     72.00    156.00    284.00   1910.00      0.00       2.0766    0.0374      1.00      1.00      2.00     54.00      0.00     258.7366    3.2341     91.00    196.00    357.00   1560.00      0.00
  1.2000      251.8134    3.1954     91.00    195.00    345.00   2000.00      0.00       2.0630    0.0343      1.00      1.00      2.00     41.00      0.00     308.9468    4.0738    101.00    229.00    435.00   2422.00      0.00
  1.0000      292.2500    3.7434    100.00    220.00    403.00   2000.00      0.00       2.0510    0.0352      1.00      1.00      2.00     53.00      0.00     363.5104    5.2039    103.00    249.00    502.00   2940.00      0.00
  0.8000      327.9020    4.0891    116.00    248.00    447.00   2000.00      0.00       2.0632    0.0364      1.00      1.00      2.00     55.00      0.00     406.2568    5.9485    108.00    275.00    563.00   3536.00      0.00
  0.6000      350.3656    4.3773    125.00    261.00    492.00   2000.00      0.00       2.0470    0.0332      1.00      1.00      2.00     41.00      0.00     429.8300    6.3143    115.00    284.00    595.00   3576.00      0.00
  0.4000      354.6910    4.4665    124.00    269.00    492.00   2000.00      0.00       2.0758    0.0352      1.00      1.00      2.00     55.00      0.00     425.9286    6.5062    111.00    273.00    572.00   3939.00      0.00
  0.2000      374.5204    4.7251    132.00    284.00    518.00   2000.00      0.00       2.0866    0.0375      1.00      1.00      2.00     63.00      0.00     449.5376    6.8804    114.00    288.00    616.00   3635.00      0.00
