Amp Radius  OC_Mean OC_Std OC_Q1 OC_Med OC_Q3 OC_Max OC_Min  Exp_Mean Exp_Std Exp_Q1 Exp_Med Exp_Q3 Exp_Max Exp_Min  Num_Mean Num_Std Num_Q1 Num_Med Num_Q3 Num_Max Num_Min
  2.0000   0.2000        3.8105    0.0502      2.00      3.00      5.00     18.00      0.00       1.7090    0.0251      1.00      1.00      2.00     10.00      0.00       9.1675    0.0860      7.00     10.00     12.00     23.00      0.00
  2.0000   0.1800        4.2820    0.0576      2.00      4.00      6.00     20.00      0.00       1.9055    0.0302      1.00      1.00      2.00     11.00      0.00       8.9040    0.0860      6.00      9.00     12.00     21.00      0.00
  2.0000   0.1600        4.7190    0.0701      2.00      4.00      6.00     26.00      0.00       2.2010    0.0376      1.00      2.00      3.00     14.00      0.00       8.6055    0.0833      6.00      9.00     11.00     21.00      0.00
  2.0000   0.1400        5.6110    0.0893      3.00      5.00      7.00     31.00      0.00       2.5730    0.0439      1.00      2.00      3.00     14.00      0.00       8.5230    0.0840      6.00      9.00     11.00     21.00      0.00
  2.0000   0.1200        6.5615    0.1085      3.00      5.00      9.00     40.00      0.00       3.1120    0.0565      1.00      2.00      4.00     19.00      0.00       8.2560    0.0816      6.00      9.00     11.00     20.00      0.00
  2.0000   0.1000        8.3125    0.1366      4.00      7.00     11.00     59.00      0.00       4.1785    0.0743      2.00      3.00      6.00     30.00      0.00       7.9095    0.0819      6.00      8.00     11.00     20.00      0.00
  2.0000   0.0800       11.1950    0.1930      5.00      9.00     15.00     66.00      0.00       5.6080    0.0967      2.00      4.00      8.00     26.00      0.00       7.7025    0.0816      6.00      8.00     10.00     20.00      0.00
  2.0000   0.0600       16.9520    0.3244      7.00     13.00     23.00    118.00      0.00       8.4730    0.1434      3.00      7.00     12.00     52.00      0.00       7.3030    0.0835      5.00      7.00     10.00     19.00      0.00
  2.0000   0.0400       32.0410    0.6902     12.00     23.00     42.00    454.00      0.00      17.5150    0.3342      7.00     15.00     25.00    190.00      0.00       6.4315    0.0844      4.00      7.00     10.00     18.00      0.00
  2.0000   0.0200       87.7030    1.8829     27.00     60.00    121.00    614.00      0.00      64.5995    1.4464     20.00     44.00     91.00    614.00      0.00       3.6655    0.0819      0.00      3.00      7.00     16.00      0.00
  1.8000   0.2000        4.2620    0.0598      2.00      4.00      5.00     22.00      0.00       1.7425    0.0273      1.00      1.00      2.00     14.00      0.00       9.9645    0.0936      7.00     10.00     13.00     26.00      0.00
  1.8000   0.1800        4.8275    0.0709      3.00      4.00      6.00     29.00      0.00       1.9295    0.0312      1.00      1.00      2.00     15.00      0.00       9.7480    0.0898      7.00     10.00     12.00     25.00      0.00
  1.8000   0.1600        5.4375    0.0807      3.00      5.00      7.00     41.00      0.00       2.1875    0.0366      1.00      2.00      3.00     16.00      0.00       9.3160    0.0886      7.00     10.00     12.00     26.00      0.00
  1.8000   0.1400        6.3620    0.1027      3.00      5.00      8.00     58.00      0.00       2.5430    0.0442      1.00      2.00      3.00     12.00      0.00       9.3400    0.0878      7.00     10.00     12.00     26.00      0.00
  1.8000   0.1200        7.5755    0.1200      4.00      6.00     10.00     43.00      0.00       3.1665    0.0559      1.00      2.00      4.00     17.00      0.00       8.9735    0.0868      6.00      9.00     12.00     23.00      0.00
  1.8000   0.1000        9.7305    0.1670      4.00      8.00     13.00     73.00      0.00       4.0145    0.0709      2.00      3.00      6.00     22.00      0.00       8.5645    0.0845      6.00      9.00     11.00     20.00      0.00
  1.8000   0.0800       12.9000    0.2380      5.00     10.00     17.00     86.00      0.00       5.3995    0.0944      2.00      4.00      8.00     30.00      0.00       8.2440    0.0873      6.00      8.00     11.00     27.00      0.00
  1.8000   0.0600       20.1055    0.4185      8.00     15.00     26.00    211.00      0.00       8.5835    0.1484      3.00      7.00     12.00     64.00      0.00       7.8360    0.0872      6.00      8.00     11.00     25.00      0.00
  1.8000   0.0400       37.2950    0.7773     13.00     27.00     50.00    285.00      0.00      17.2405    0.3228      6.00     14.00     24.00    120.00      0.00       6.8700    0.0915      4.00      7.00     10.00     20.00      0.00
  1.8000   0.0200       93.4195    2.0489     30.00     65.00    130.00    716.00      0.00      61.9995    1.3425     21.00     44.00     84.00    432.00      0.00       4.0130    0.0924      0.00      3.00      7.00     21.00      0.00
  1.6000   0.2000        4.9210    0.0750      3.00      4.00      6.00     31.00      0.00       1.6670    0.0259      1.00      1.00      2.00     12.00      0.00      10.8660    0.1036      8.00     11.00     14.00     33.00      0.00
  1.6000   0.1800        5.4215    0.0809      3.00      5.00      7.00     33.00      0.00       1.9025    0.0304      1.00      1.00      2.00     11.00      0.00      10.6445    0.1015      7.00     11.00     13.00     33.00      0.00
  1.6000   0.1600        6.2950    0.0983      3.00      5.00      8.00     40.00      0.00       2.1765    0.0362      1.00      2.00      3.00     15.00      0.00      10.3400    0.1028      7.00     10.00     13.00     29.00      0.00
  1.6000   0.1400        7.4050    0.1286      4.00      6.00      9.00     69.00      0.00       2.5595    0.0447      1.00      2.00      3.00     17.00      0.00       9.9580    0.1007      7.00     10.00     13.00     28.00      0.00
  1.6000   0.1200        8.9065    0.1595      4.00      7.00     12.00     88.00      0.00       3.1575    0.0565      1.00      2.00      4.00     21.00      0.00       9.6965    0.0965      7.00     10.00     12.00     28.00      0.00
  1.6000   0.1000       11.2360    0.2005      5.00      9.00     15.00     96.00      0.00       4.1265    0.0724      2.00      3.00      6.00     21.00      0.00       9.4775    0.0978      7.00     10.00     12.00     28.00      0.00
  1.6000   0.0800       15.5615    0.2868      6.00     12.00     21.00     98.00      0.00       5.5920    0.0948      2.00      5.00      8.00     27.00      0.00       9.2755    0.0965      6.00     10.00     12.00     24.00      0.00
  1.6000   0.0600       23.2195    0.4700      8.00     17.00     30.00    166.00      0.00       8.5635    0.1470      3.00      7.00     13.00     45.00      0.00       8.2880    0.1012      6.00      9.00     11.00     28.00      0.00
  1.6000   0.0400       43.1340    0.9200     16.00     31.00     57.00    374.00      0.00      17.5755    0.3203      7.00     15.00     24.00    116.00      0.00       7.3690    0.1043      4.00      8.00     11.00     30.00      0.00
  1.6000   0.0200      102.4125    2.2430     33.00     71.00    141.00    705.00      0.00      63.2605    1.3448     20.00     45.00     86.00    465.00      0.00       4.2340    0.1019      0.00      2.00      8.00     21.00      0.00
  1.4000   0.2000        5.8950    0.0892      3.00      5.00      8.00     34.00      0.00       1.7480    0.0275      1.00      1.00      2.00     10.00      0.00      12.5755    0.1214      9.00     12.00     16.00     40.00      0.00
  1.4000   0.1800        6.5190    0.1062      3.00      5.00      8.00     39.00      0.00       1.8765    0.0295      1.00      1.00      2.00     11.00      0.00      12.1855    0.1245      9.00     12.00     15.00     42.00      0.00
  1.4000   0.1600        7.3260    0.1200      3.00      6.00     10.00     49.00      0.00       2.1825    0.0381      1.00      2.00      3.00     15.00      0.00      11.7870    0.1180      8.00     11.00     15.00     37.00      0.00
  1.4000   0.1400        9.1655    0.1575      4.00      7.00     12.00     67.00      0.00       2.6020    0.0465      1.00      2.00      3.00     17.00      0.00      11.6965    0.1179      8.00     11.00     15.00     37.00      0.00
  1.4000   0.1200       10.6600    0.1974      5.00      8.00     14.00     97.00      0.00       3.1285    0.0549      1.00      2.00      4.00     17.00      0.00      11.0530    0.1155      8.00     11.00     14.00     38.00      0.00
  1.4000   0.1000       13.8585    0.2581      6.00     11.00     18.00    105.00      0.00       4.1030    0.0713      2.00      3.00      6.00     27.00      0.00      10.9090    0.1172      7.00     11.00     14.00     34.00      0.00
  1.4000   0.0800       19.2585    0.3658      8.00     15.00     26.00    171.00      0.00       5.6610    0.0976      2.00      5.00      8.00     38.00      0.00      10.4320    0.1168      7.00     10.00     14.00     44.00      0.00
  1.4000   0.0600       28.3320    0.5644     11.00     21.00     38.00    203.00      0.00       8.7275    0.1518      3.00      7.00     13.00     59.00      0.00       9.3770    0.1221      6.00     10.00     13.00     35.00      0.00
  1.4000   0.0400       50.9625    1.1253     16.00     34.00     70.00    398.00      0.00      16.6950    0.3219      6.00     13.00     24.00    121.00      0.00       7.9480    0.1210      3.00      8.00     12.00     30.00      0.00
  1.4000   0.0200      120.2645    2.6081     35.00     83.00    166.00    800.00      0.00      64.9810    1.4494     19.00     44.00     91.00    492.00      0.00       4.3300    0.1163      0.00      2.00      8.00     35.00      0.00
  1.2000   0.2000        7.2745    0.1128      4.00      6.00      9.00     43.00      0.00       1.7110    0.0258      1.00      1.00      2.00     10.00      0.00      14.8925    0.1550     10.00     14.00     19.00     42.00      0.00
  1.2000   0.1800        8.4140    0.1426      4.00      7.00     11.00     67.00      0.00       1.9600    0.0324      1.00      1.00      2.00     12.00      0.00      14.5525    0.1540     10.00     14.00     19.00     51.00      0.00
  1.2000   0.1600        9.5675    0.1611      4.00      8.00     12.00     68.00      0.00       2.2555    0.0386      1.00      2.00      3.00     19.00      0.00      14.2620    0.1531     10.00     14.00     18.00     46.00      0.00
  1.2000   0.1400       11.3640    0.1990      5.00      9.00     15.00     74.00      0.00       2.6295    0.0468      1.00      2.00      3.00     17.00      0.00      13.6730    0.1500      9.00     13.00     18.00     47.00      0.00
  1.2000   0.1200       14.1000    0.2704      6.00     11.00     18.00    199.00      0.00       3.2835    0.0579      1.00      3.00      4.00     20.00      0.00      13.1885    0.1482      9.00     13.00     17.00     51.00      0.00
  1.2000   0.1000       17.6205    0.3211      7.00     14.00     24.00    106.00      0.00       4.1380    0.0712      2.00      3.00      6.00     22.00      0.00      12.8515    0.1503      8.00     12.00     17.00     51.00      0.00
  1.2000   0.0800       24.3130    0.4754      9.00     19.00     33.00    198.00      0.00       5.5255    0.0975      2.00      4.00      8.00     27.00      0.00      12.1460    0.1483      8.00     12.00     16.00     39.00      0.00
  1.2000   0.0600       37.1595    0.7765     13.00     27.00     49.00    279.00      0.00       8.4530    0.1466      3.00      7.00     12.00     44.00      0.00      11.1015    0.1517      6.00     11.00     15.00     43.00      0.00
  1.2000   0.0400       64.6710    1.3783     21.00     46.00     88.00    448.00      0.00      17.1125    0.3328      6.00     14.00     23.00    173.00      0.00       8.7825    0.1541      2.00      9.00     13.00     43.00      0.00
  1.2000   0.0200      126.0720    2.7795     37.00     87.00    175.00    871.00      0.00      63.1925    1.4110     19.00     44.00     85.00    591.00      0.00       4.4890    0.1326      0.00      1.00      8.00     32.00      0.00
  1.0000   0.2000        9.5315    0.1599      5.00      8.00     12.00     62.00      0.00       1.7415    0.0271      1.00      1.00      2.00      9.00      0.00      18.5425    0.2128     12.00     17.00     24.00     73.00      0.00
  1.0000   0.1800       10.8300    0.1879      5.00      9.00     14.00     55.00      0.00       1.9080    0.0319      1.00      1.00      2.00     13.00      0.00      18.6365    0.2121     12.00     17.00     24.00     61.00      0.00
  1.0000   0.1600       12.7660    0.2271      6.00     10.00     17.00     88.00      0.00       2.1985    0.0370      1.00      2.00      3.00     13.00      0.00      18.3720    0.2095     12.00     17.00     24.00     63.00      0.00
  1.0000   0.1400       15.2970    0.2828      7.00     12.00     20.00    111.00      0.00       2.5820    0.0436      1.00      2.00      3.00     16.00      0.00      17.9195    0.2100     12.00     17.00     23.00     68.00      0.00
  1.0000   0.1200       18.2440    0.3562      7.00     14.00     24.00    166.00      0.00       3.1570    0.0549      1.00      2.00      4.00     17.00      0.00      16.6415    0.2071     11.00     16.00     22.00     68.00      0.00
  1.0000   0.1000       23.6310    0.4597      9.00     18.00     32.00    155.00      0.00       4.0905    0.0724      2.00      3.00      6.00     24.00      0.00      15.9400    0.2028     10.00     15.00     21.00     61.00      0.00
  1.0000   0.0800       32.3765    0.6400     12.00     24.00     43.00    311.00      0.00       5.6190    0.0963      2.00      5.00      8.00     31.00      0.00      14.8795    0.1973      9.00     14.00     20.00     58.00      0.00
  1.0000   0.0600       49.4065    1.0129     17.00     36.00     67.00    353.00      0.00       8.5050    0.1469      3.00      7.00     12.00     62.00      0.00      13.5555    0.2011      7.00     13.00     19.00     51.00      0.00
  1.0000   0.0400       81.7980    1.8752     24.00     56.00    113.00   1023.00      0.00      17.5370    0.3220      7.00     15.00     25.00    117.00      0.00      10.1560    0.1991      2.00      9.00     16.00     54.00      0.00
  1.0000   0.0200      148.9505    3.1765     45.00    110.00    207.00   1033.00      0.00      65.9440    1.4542     19.00     46.00     90.00    541.00      0.00       5.1785    0.1651      0.00      2.00      8.00     43.00      0.00
  0.8000   0.2000       14.0055    0.2449      7.00     11.00     18.00     94.00      0.00       1.7350    0.0271      1.00      1.00      2.00     10.00      0.00      26.2635    0.3335     16.00     24.00     34.00    100.00      0.00
  0.8000   0.1800       15.7415    0.2808      7.00     12.00     21.00    104.00      0.00       1.9475    0.0325      1.00      1.00      2.00     18.00      0.00      25.4775    0.3218     15.00     23.00     33.00     94.00      0.00
  0.8000   0.1600       17.9955    0.3475      8.00     14.00     23.00    161.00      0.00       2.2090    0.0388      1.00      2.00      3.00     14.00      0.00      24.5525    0.3113     15.00     23.00     32.00     95.00      0.00
  0.8000   0.1400       21.1055    0.3992      9.00     16.00     28.00    166.00      0.00       2.6215    0.0455      1.00      2.00      3.00     15.00      0.00      23.6915    0.3124     14.00     22.00     32.00    101.00      0.00
  0.8000   0.1200       25.8430    0.5069     10.00     20.00     34.00    249.00      0.00       3.2370    0.0579      1.00      2.00      4.00     25.00      0.00      22.5410    0.3093     12.00     21.00     31.00     89.00      0.00
  0.8000   0.1000       35.1490    0.7212     13.00     25.00     47.00    267.00      0.00       4.0380    0.0716      2.00      3.00      6.00     30.00      0.00      22.2840    0.3180     12.00     20.00     30.00     99.00      0.00
  0.8000   0.0800       45.8120    0.9464     16.00     34.00     63.00    348.00      0.00       5.5775    0.0970      2.00      4.00      8.00     37.00      0.00      19.5890    0.3032      9.00     18.00     27.00     81.00      0.00
  0.8000   0.0600       67.9860    1.4594     22.00     50.00     91.00    606.00      0.00       8.3745    0.1464      3.00      7.00     12.00     52.00      0.00      16.9810    0.2948      6.00     15.00     25.00     80.00      0.00
  0.8000   0.0400      102.1665    2.2482     30.00     71.00    143.00    826.00      0.00      17.3755    0.3295      7.00     14.00     24.00    129.00      0.00      12.2565    0.2685      2.00      9.00     19.00     73.00      0.00
  0.8000   0.0200      156.7190    3.5157     47.00    107.00    216.00   1971.00      0.00      65.1220    1.4618     20.00     45.00     89.00    637.00      0.00       4.4905    0.1768      0.00      1.00      4.00     64.00      0.00
  0.6000   0.2000       22.9760    0.4331     10.00     18.00     30.00    179.00      0.00       1.7205    0.0279      1.00      1.00      2.00     14.00      0.00      40.2080    0.5694     21.00     36.00     55.00    156.00      0.00
  0.6000   0.1800       27.0310    0.5536     11.00     20.00     35.00    213.00      0.00       1.8925    0.0317      1.00      1.00      2.00     14.00      0.00      40.4560    0.6178     20.00     35.00     54.00    217.00      0.00
  0.6000   0.1600       30.5725    0.6089     12.00     23.00     41.00    269.00      0.00       2.1710    0.0353      1.00      2.00      3.00     13.00      0.00      38.1525    0.5925     19.00     33.00     51.00    187.00      0.00
  0.6000   0.1400       36.0540    0.7580     14.00     26.00     48.00    411.00      0.00       2.6915    0.0456      1.00      2.00      4.00     15.00      0.00      35.4385    0.5448     18.00     31.00     48.00    153.00      0.00
  0.6000   0.1200       43.0740    0.9017     15.00     32.00     59.00    429.00      0.00       3.2065    0.0578      1.00      2.00      4.00     16.00      0.00      32.9435    0.5227     16.00     29.00     45.00    156.00      0.00
  0.6000   0.1000       55.3845    1.1641     19.00     39.00     76.00    410.00      0.00       4.1965    0.0746      2.00      3.00      6.00     24.00      0.00      31.0550    0.5012     14.00     28.00     43.00    159.00      0.00
  0.6000   0.0800       74.4705    1.6585     23.00     52.00    100.00    711.00      0.00       5.8150    0.1045      2.00      5.00      8.00     53.00      0.00      27.9270    0.5147     10.00     23.00     40.00    170.00      0.00
  0.6000   0.0600       97.8495    2.1185     30.00     69.00    136.00   1001.00      0.00       8.8440    0.1511      4.00      8.00     12.00     78.00      0.00      21.5485    0.4616      5.00     16.00     33.00    126.00      0.00
  0.6000   0.0400      136.3480    2.9714     41.00     96.00    191.00   1050.00      0.00      17.1925    0.3093      7.00     14.00     24.00    145.00      0.00      13.2025    0.3550      2.00      7.00     19.00    104.00      0.00
  0.6000   0.0200      177.7990    4.0115     48.00    119.00    244.00   1294.00      0.00      65.1825    1.5446     19.00     43.00     89.00    767.00      0.00       4.3445    0.1965      0.00      1.00      4.00     72.00      0.00
  0.4000   0.2000       52.0640    1.0539     19.00     39.00     70.00    363.00      0.00       1.7085    0.0265      1.00      1.00      2.00     10.00      0.00      81.5020    1.4540     37.00     67.00    109.00    808.00      0.00
  0.4000   0.1800       59.1275    1.2451     21.00     42.00     77.00    395.00      0.00       1.9405    0.0316      1.00      1.00      2.00     13.00      0.00      75.9905    1.3476     32.00     62.00    104.00    416.00      0.00
  0.4000   0.1600       68.4015    1.4361     24.00     48.00     92.00    657.00      0.00       2.2460    0.0381      1.00      2.00      3.00     13.00      0.00      73.3625    1.3656     30.00     60.00     99.00    635.00      0.00
  0.4000   0.1400       74.4145    1.5815     25.00     52.00    103.00    744.00      0.00       2.6730    0.0468      1.00      2.00      3.00     18.00      0.00      62.5960    1.2190     22.00     50.00     88.00    492.00      0.00
  0.4000   0.1200       87.1315    1.9123     27.00     60.00    118.00    664.00      0.00       3.2095    0.0553      1.00      3.00      4.00     18.00      0.00      54.7580    1.0904     18.00     42.00     78.00    287.00      0.00
  0.4000   0.1000      103.6455    2.2918     31.00     72.00    143.00    845.00      0.00       4.1130    0.0736      2.00      3.00      6.00     23.00      0.00      47.9100    1.0141     14.00     36.00     69.00    368.00      0.00
  0.4000   0.0800      123.1030    2.7141     35.00     85.00    172.00    944.00      0.00       5.3550    0.0921      2.00      4.00      8.00     25.00      0.00      37.6695    0.8349      9.00     27.00     54.00    277.00      0.00
  0.4000   0.0600      146.5740    3.2636     40.00    103.00    203.00   1206.00      0.00       8.6405    0.1515      4.00      7.00     12.00     68.00      0.00      25.3905    0.6378      5.00     16.00     35.00    192.00      0.00
  0.4000   0.0400      175.9810    4.1469     48.00    116.00    239.00   1714.00      0.00      17.6205    0.3303      7.00     14.00     24.00    186.00      0.00      14.0870    0.4711      2.00      6.00     17.00    220.00      0.00
  0.4000   0.0200      188.6355    4.3890     53.00    131.00    254.00   2000.00      0.00      62.8085    1.3734     20.00     44.00     86.00    481.00      0.00       3.9035    0.2103      0.00      1.00      3.00    111.00      0.00
  0.2000   0.2000      143.0505    3.3012     39.00     98.00    190.00   1134.00      0.00       1.7410    0.0287      1.00      1.00      2.00     16.00      0.00     169.1250    3.9234     49.00    117.00    227.00   1253.00      0.00
  0.2000   0.1800      148.5510    3.3181     42.00    100.00    210.00   1193.00      0.00       1.9475    0.0323      1.00      1.00      2.00     14.00      0.00     146.9360    3.3400     42.00     98.00    202.00   1263.00      0.00
  0.2000   0.1600      148.0980    3.4225     40.00    101.00    208.00   1275.00      0.00       2.2235    0.0358      1.00      2.00      3.00     12.00      0.00     116.8585    2.7467     30.00     78.00    162.00    998.00      0.00
  0.2000   0.1400      163.0135    3.8785     46.00    106.00    225.00   1551.00      0.00       2.7525    0.0477      1.00      2.00      4.00     16.00      0.00     103.4315    2.5943     26.00     65.00    140.00   1223.00      0.00
  0.2000   0.1200      172.5525    3.9138     50.00    119.00    239.00   1630.00      0.00       3.2335    0.0574      1.00      2.00      4.00     19.00      0.00      81.5790    1.9151     21.00     56.00    114.00    694.00      0.00
  0.2000   0.1000      174.2750    3.9562     51.00    119.00    241.00   1389.00      0.00       4.1725    0.0733      2.00      3.00      6.00     38.00      0.00      57.3155    1.3696     14.00     36.00     78.00    510.00      0.00
  0.2000   0.0800      186.9900    4.2562     57.00    131.00    255.00   1587.00      0.00       5.5435    0.0952      2.00      4.00      8.00     29.00      0.00      40.6965    1.0169     10.00     25.00     54.00    335.00      0.00
  0.2000   0.0600      192.5985    4.3633     52.00    132.00    269.00   1536.00      0.00       8.3570    0.1423      3.00      7.00     12.00     52.00      0.00      23.6385    0.6117      5.00     14.00     32.00    288.00      0.00
  0.2000   0.0400      186.9295    4.2473     52.00    125.00    265.00   1093.00      0.00      17.2715    0.3114      7.00     15.00     24.00    129.00      0.00      10.5160    0.3174      2.00      5.00     13.00    113.00      0.00
  0.2000   0.0200      189.9820    4.0946     57.00    134.00    265.00   1276.00      0.00      65.3995    1.4176     20.00     47.00     92.00    471.00      0.00       2.5040    0.1115      0.00      1.00      3.00     70.00      0.00
