Amp Radius  OC_Mean OC_Std OC_Q1 OC_Med OC_Q3 OC_Max OC_Min  Exp_Mean Exp_Std Exp_Q1 Exp_Med Exp_Q3 Exp_Max Exp_Min  Num_Mean Num_Std Num_Q1 Num_Med Num_Q3 Num_Max Num_Min
  2.0000   0.2000        3.8115    0.0516      2.00      3.00      5.00     17.00      0.00       1.8215    0.0297      1.00      1.00      2.00     12.00      0.00       9.1575    0.0835      7.00     10.00     12.00     23.00      0.00
  2.0000   0.1800        4.3110    0.0658      2.00      3.00      6.00     25.00      0.00       2.1320    0.0380      1.00      1.00      3.00     13.00      0.00       8.7575    0.0830      6.00      9.00     11.00     22.00      0.00
  2.0000   0.1600        4.9510    0.0767      2.00      4.00      7.00     30.00      0.00       2.3680    0.0413      1.00      2.00      3.00     13.00      0.00       8.6575    0.0838      6.00      9.00     11.00     24.00      0.00
  2.0000   0.1400        5.8070    0.0902      3.00      5.00      8.00     39.00      0.00       2.8415    0.0498      1.00      2.00      4.00     18.00      0.00       8.6310    0.0823      6.00      9.00     11.00     25.00      0.00
  2.0000   0.1200        7.0985    0.1208      3.00      6.00     10.00     44.00      0.00       3.5495    0.0655      1.00      3.00      5.00     21.00      0.00       8.3830    0.0804      6.00      9.00     11.00     20.00      0.00
  2.0000   0.1000        8.9550    0.1490      4.00      7.00     12.00     46.00      0.00       4.3985    0.0779      2.00      3.00      6.00     21.00      0.00       8.1720    0.0803      6.00      9.00     11.00     20.00      0.00
  2.0000   0.0800       12.2105    0.2217      5.00     10.00     17.00     90.00      0.00       6.2115    0.1109      2.00      5.00      9.00     35.00      0.00       7.8230    0.0816      6.00      8.00     10.00     20.00      0.00
  2.0000   0.0600       18.0960    0.3474      8.00     14.00     23.00    158.00      0.00       8.9450    0.1461      4.00      8.00     13.00     44.00      0.00       7.3800    0.0809      5.00      8.00     10.00     19.00      0.00
  2.0000   0.0400       32.7380    0.6906     11.00     24.00     43.00    263.00      0.00      17.6760    0.3267      7.00     15.00     25.00    203.00      0.00       6.4360    0.0847      4.00      7.00     10.00     18.00      0.00
  2.0000   0.0200       90.1620    1.9308     28.00     64.00    124.00    560.00      0.00      63.7355    1.4064     20.00     45.00     87.00    503.00      0.00       3.8180    0.0857      0.00      3.00      7.00     17.00      0.00
  1.8000   0.2000        4.4615    0.0668      2.00      4.00      6.00     28.00      0.00       1.8075    0.0292      1.00      1.00      2.00     13.00      0.00       9.8775    0.0876      7.00     10.00     12.00     23.00      0.00
  1.8000   0.1800        4.9065    0.0761      3.00      4.00      6.00     42.00      0.00       2.0585    0.0352      1.00      2.00      3.00     18.00      0.00       9.6395    0.0907      7.00     10.00     12.00     26.00      0.00
  1.8000   0.1600        5.3525    0.0845      3.00      4.00      7.00     31.00      0.00       2.2975    0.0402      1.00      2.00      3.00     12.00      0.00       9.4070    0.0879      7.00     10.00     12.00     30.00      0.00
  1.8000   0.1400        6.5455    0.1044      3.00      5.00      9.00     36.00      0.00       2.8100    0.0508      1.00      2.00      4.00     23.00      0.00       9.1625    0.0877      6.00     10.00     11.00     24.00      0.00
  1.8000   0.1200        7.9110    0.1375      4.00      6.00     10.00     67.00      0.00       3.4710    0.0630      1.00      3.00      5.00     24.00      0.00       8.9905    0.0853      6.00      9.00     11.00     26.00      0.00
  1.8000   0.1000       10.0405    0.1829      4.00      8.00     13.00    100.00      0.00       4.4290    0.0804      2.00      3.00      6.00     25.00      0.00       8.7580    0.0868      6.00      9.00     11.00     23.00      0.00
  1.8000   0.0800       14.0430    0.2527      6.00     11.00     19.00     93.00      0.00       6.0810    0.1063      2.00      5.00      9.00     40.00      0.00       8.2630    0.0875      6.00      9.00     11.00     24.00      0.00
  1.8000   0.0600       21.0575    0.4093      8.00     16.00     28.00    125.00      0.00       9.0870    0.1549      3.00      8.00     13.00     46.00      0.00       7.9225    0.0871      6.00      8.00     11.00     26.00      0.00
  1.8000   0.0400       38.1765    0.8243     13.00     27.00     51.00    286.00      0.00      17.5175    0.3101      7.00     15.00     25.00    106.00      0.00       6.8945    0.0944      4.00      7.00     10.00     23.00      0.00
  1.8000   0.0200       96.7480    2.1203     28.00     66.00    138.00    669.00      0.00      62.9400    1.4058     20.00     44.00     84.00    515.00      0.00       4.0750    0.0942      0.00      3.00      7.00     20.00      0.00
  1.6000   0.2000        4.9530    0.0754      3.00      4.00      6.00     36.00      0.00       1.8300    0.0292      1.00      1.00      2.00     10.00      0.00      10.7995    0.0990      8.00     11.00     13.00     30.00      0.00
  1.6000   0.1800        5.6695    0.0916      3.00      5.00      7.00     38.00      0.00       2.0705    0.0343      1.00      2.00      3.00     12.00      0.00      10.6030    0.1029      7.00     11.00     13.00     32.00      0.00
  1.6000   0.1600        6.4760    0.1089      3.00      5.00      9.00     45.00      0.00       2.3920    0.0428      1.00      2.00      3.00     20.00      0.00      10.4155    0.1017      7.00     10.00     13.00     31.00      0.00
  1.6000   0.1400        7.5395    0.1403      3.00      6.00     10.00     95.00      0.00       2.7740    0.0503      1.00      2.00      4.00     16.00      0.00      10.2745    0.1037      7.00     10.00     13.00     31.00      0.00
  1.6000   0.1200        9.2375    0.1652      4.00      7.00     12.00     75.00      0.00       3.4545    0.0621      1.00      3.00      5.00     19.00      0.00       9.8140    0.0987      7.00     10.00     12.00     29.00      0.00
  1.6000   0.1000       11.6015    0.2138      5.00      9.00     15.00     91.00      0.00       4.3755    0.0791      2.00      3.00      6.00     26.00      0.00       9.6160    0.0959      7.00     10.00     12.00     27.00      0.00
  1.6000   0.0800       16.1480    0.3320      6.00     12.00     22.00    212.00      0.00       6.1040    0.1065      2.00      5.00      9.00     30.00      0.00       9.1275    0.0979      6.00     10.00     12.00     26.00      0.00
  1.6000   0.0600       24.3315    0.4826      9.00     18.00     33.00    177.00      0.00       9.1300    0.1550      4.00      7.00     13.00     63.00      0.00       8.5755    0.1008      6.00      9.00     11.00     29.00      0.00
  1.6000   0.0400       46.0105    0.9812     16.00     34.00     61.00    358.00      0.00      18.0365    0.3057      7.00     15.00     25.00    101.00      0.00       7.3745    0.1046      3.00      8.00     11.00     26.00      0.00
  1.6000   0.0200      103.8615    2.2559     32.00     73.00    148.00    889.00      0.00      62.7375    1.3430     20.00     45.00     86.00    441.00      0.00       4.0450    0.0989      0.00      2.00      7.00     26.00      0.00
  1.4000   0.2000        5.9360    0.0952      3.00      5.00      8.00     41.00      0.00       1.8080    0.0307      1.00      1.00      2.00     14.00      0.00      12.4890    0.1253      9.00     12.00     16.00     37.00      0.00
  1.4000   0.1800        6.7585    0.1101      3.00      5.00      9.00     34.00      0.00       2.1300    0.0391      1.00      1.00      3.00     15.00      0.00      12.0505    0.1188      9.00     12.00     15.00     37.00      0.00
  1.4000   0.1600        7.6440    0.1346      4.00      6.00     10.00     70.00      0.00       2.3760    0.0430      1.00      2.00      3.00     16.00      0.00      11.7460    0.1194      8.00     11.00     15.00     34.00      0.00
  1.4000   0.1400        8.7830    0.1548      4.00      7.00     11.00     56.00      0.00       2.7150    0.0474      1.00      2.00      4.00     15.00      0.00      11.4020    0.1207      8.00     11.00     14.00     35.00      0.00
  1.4000   0.1200       11.1435    0.2107      5.00      9.00     14.00     88.00      0.00       3.4215    0.0617      1.00      3.00      5.00     22.00      0.00      11.3120    0.1190      8.00     11.00     14.00     34.00      0.00
  1.4000   0.1000       14.3550    0.2697      6.00     11.00     19.00    124.00      0.00       4.4235    0.0808      2.00      3.00      6.00     25.00      0.00      10.9250    0.1184      7.00     11.00     14.00     37.00      0.00
  1.4000   0.0800       19.6710    0.4042      7.00     14.00     26.00    195.00      0.00       5.9900    0.1064      2.00      5.00      8.00     38.00      0.00      10.6110    0.1190      7.00     11.00     14.00     43.00      0.00
  1.4000   0.0600       31.3155    0.6417     11.00     23.00     44.00    225.00      0.00       9.1370    0.1626      3.00      7.00     13.00     53.00      0.00       9.6210    0.1209      6.00     10.00     13.00     31.00      0.00
  1.4000   0.0400       55.7210    1.2546     19.00     39.00     77.00    602.00      0.00      17.8170    0.3202      7.00     15.00     25.00    173.00      0.00       8.2020    0.1272      3.00      8.00     12.00     34.00      0.00
  1.4000   0.0200      117.5240    2.6167     36.00     80.00    167.00   1056.00      0.00      63.8855    1.4177     19.00     45.00     86.00    525.00      0.00       4.1570    0.1130      0.00      1.00      8.00     28.00      0.00
  1.2000   0.2000        7.0860    0.1206      3.00      6.00      9.00     51.00      0.00       1.7795    0.0303      1.00      1.00      2.00     16.00      0.00      14.6540    0.1511     10.00     14.00     19.00     48.00      0.00
  1.2000   0.1800        8.1610    0.1423      4.00      6.00     11.00     57.00      0.00       2.0940    0.0362      1.00      2.00      3.00     13.00      0.00      14.6755    0.1584     10.00     14.00     19.00     44.00      0.00
  1.2000   0.1600        9.4465    0.1720      4.00      7.00     12.00     73.00      0.00       2.3335    0.0416      1.00      2.00      3.00     20.00      0.00      14.2225    0.1515     10.00     13.00     18.00     42.00      0.00
  1.2000   0.1400       11.4160    0.2107      5.00      9.00     15.00     77.00      0.00       2.8325    0.0522      1.00      2.00      4.00     18.00      0.00      13.8565    0.1483     10.00     13.00     18.00     53.00      0.00
  1.2000   0.1200       13.7360    0.2549      6.00     11.00     18.00     98.00      0.00       3.4360    0.0619      1.00      3.00      5.00     18.00      0.00      13.3435    0.1482      9.00     13.00     17.00     47.00      0.00
  1.2000   0.1000       18.3000    0.3756      7.00     14.00     24.00    162.00      0.00       4.3770    0.0773      2.00      3.00      6.00     23.00      0.00      13.0645    0.1476      9.00     12.00     17.00     42.00      0.00
  1.2000   0.0800       25.4310    0.5042     10.00     19.00     34.00    238.00      0.00       6.3375    0.1115      2.00      5.00      9.00     33.00      0.00      12.1320    0.1501      8.00     12.00     16.00     45.00      0.00
  1.2000   0.0600       39.3060    0.8443     13.00     28.00     54.00    373.00      0.00       9.3050    0.1676      3.00      8.00     13.00     61.00      0.00      11.4360    0.1569      6.00     11.00     16.00     40.00      0.00
  1.2000   0.0400       70.5715    1.5051     22.00     50.00     99.00    655.00      0.00      17.7255    0.3118      7.00     15.00     26.00    115.00      0.00       9.3720    0.1537      3.00      9.00     14.00     33.00      0.00
  1.2000   0.0200      129.4925    2.8723     37.00     90.00    181.00    914.00      0.00      65.4760    1.4725     19.00     45.00     89.00    507.00      0.00       4.7450    0.1389      0.00      2.00      8.00     32.00      0.00
  1.0000   0.2000        9.7095    0.1846      4.00      8.00     12.00    173.00      0.00       1.8770    0.0322      1.00      1.00      2.00     14.00      0.00      18.7655    0.2079     13.00     18.00     24.00     72.00      0.00
  1.0000   0.1800       10.5135    0.1879      5.00      8.00     14.00     91.00      0.00       2.0340    0.0349      1.00      1.00      3.00     14.00      0.00      18.1100    0.2060     12.00     17.00     23.00     71.00      0.00
  1.0000   0.1600       12.6920    0.2238      6.00     10.00     17.00     87.00      0.00       2.3945    0.0431      1.00      2.00      3.00     19.00      0.00      18.3160    0.2095     12.00     17.00     24.00     61.00      0.00
  1.0000   0.1400       15.1930    0.2966      6.00     11.00     20.00    126.00      0.00       2.8795    0.0530      1.00      2.00      4.00     19.00      0.00      17.3845    0.2029     11.00     16.00     22.00     78.00      0.00
  1.0000   0.1200       19.2080    0.3877      8.00     14.00     26.00    218.00      0.00       3.4040    0.0607      1.00      3.00      5.00     21.00      0.00      17.0900    0.2126     11.00     16.00     23.00     69.00      0.00
  1.0000   0.1000       24.8650    0.4900     10.00     18.00     33.00    190.00      0.00       4.5610    0.0797      2.00      4.00      6.00     21.00      0.00      16.3430    0.2009     10.00     15.00     22.00     54.00      0.00
  1.0000   0.0800       32.5675    0.7123     11.00     23.00     43.00    408.00      0.00       5.7345    0.1031      2.00      4.00      8.00     33.00      0.00      15.0860    0.2079      9.00     14.00     20.00     60.00      0.00
  1.0000   0.0600       51.4465    1.1336     16.00     36.00     69.00    483.00      0.00       8.9650    0.1523      4.00      7.00     13.00     45.00      0.00      13.6970    0.2070      6.00     13.00     19.00     53.00      0.00
  1.0000   0.0400       81.3935    1.7749     25.00     58.00    109.00    592.00      0.00      17.7380    0.2948      7.00     15.00     26.00     82.00      0.00      10.5795    0.1992      3.00      9.00     17.00     57.00      0.00
  1.0000   0.0200      148.9465    3.1937     46.00    109.00    210.00   1266.00      0.00      65.1445    1.3842     22.00     47.00     90.00    466.00      0.00       4.6135    0.1553      0.00      1.00      6.00     45.00      0.00
  0.8000   0.2000       13.4995    0.2360      6.00     11.00     18.00     95.00      0.00       1.8255    0.0295      1.00      1.00      2.00     14.00      0.00      25.6615    0.3215     15.00     24.00     33.00     85.00      0.00
  0.8000   0.1800       15.7215    0.2938      7.00     12.00     21.00    128.00      0.00       2.0460    0.0343      1.00      2.00      3.00     12.00      0.00      25.5720    0.3225     15.00     23.00     33.00     90.00      0.00
  0.8000   0.1600       18.0005    0.3510      7.00     14.00     24.00    231.00      0.00       2.3680    0.0436      1.00      2.00      3.00     18.00      0.00      24.4565    0.3110     15.00     23.00     33.00     98.00      0.00
  0.8000   0.1400       21.7280    0.4230      9.00     16.00     28.00    161.00      0.00       2.8480    0.0526      1.00      2.00      4.00     21.00      0.00      24.0855    0.3136     15.00     22.00     31.00     99.00      0.00
  0.8000   0.1200       27.1240    0.5479     10.00     20.00     36.00    209.00      0.00       3.4010    0.0618      1.00      3.00      4.00     20.00      0.00      23.3800    0.3179     13.00     22.00     31.00    101.00      0.00
  0.8000   0.1000       35.1905    0.7115     13.00     26.00     47.00    253.00      0.00       4.4000    0.0795      2.00      3.00      6.00     23.00      0.00      21.5900    0.3058     12.00     20.00     30.00     87.00      0.00
  0.8000   0.0800       46.2260    0.9968     15.00     33.00     63.00    455.00      0.00       6.1815    0.1121      2.00      5.00      9.00     32.00      0.00      19.9280    0.3000     10.00     19.00     28.00     74.00      0.00
  0.8000   0.0600       66.2405    1.4502     21.00     48.00     90.00    583.00      0.00       9.1030    0.1566      4.00      7.00     13.00     59.00      0.00      16.7435    0.2934      6.00     15.00     25.00     75.00      0.00
  0.8000   0.0400      106.6680    2.4348     31.00     72.00    142.00    961.00      0.00      17.3650    0.3199      6.00     14.00     25.00    163.00      0.00      12.8800    0.2807      2.00      9.00     20.00     73.00      0.00
  0.8000   0.0200      168.3630    3.8558     46.00    115.00    231.00   1558.00      0.00      64.3060    1.4713     20.00     44.00     86.00    867.00      0.00       4.7510    0.1851      0.00      1.00      5.00     60.00      0.00
  0.6000   0.2000       21.9510    0.4430      9.00     16.00     28.00    239.00      0.00       1.8870    0.0318      1.00      1.00      2.00     17.00      0.00      40.1415    0.5690     22.00     35.00     53.00    180.00      0.00
  0.6000   0.1800       24.3860    0.4817     10.00     18.00     32.00    201.00      0.00       2.0270    0.0344      1.00      1.00      3.00     13.00      0.00      38.5150    0.5617     20.00     34.00     52.00    198.00      0.00
  0.6000   0.1600       30.3215    0.6535     11.00     22.00     39.00    324.00      0.00       2.4350    0.0432      1.00      2.00      3.00     16.00      0.00      37.9760    0.5663     20.00     34.00     51.00    185.00      0.00
  0.6000   0.1400       35.4450    0.7419     13.00     26.00     47.00    411.00      0.00       2.8075    0.0512      1.00      2.00      4.00     20.00      0.00      36.2850    0.5495     18.00     32.00     48.00    176.00      0.00
  0.6000   0.1200       44.7780    0.9088     17.00     33.00     60.00    400.00      0.00       3.4720    0.0621      1.00      3.00      5.00     20.00      0.00      35.0630    0.5451     17.00     32.00     48.00    179.00      0.00
  0.6000   0.1000       55.4605    1.1693     19.00     39.00     74.00    445.00      0.00       4.4775    0.0815      2.00      3.00      6.00     28.00      0.00      30.8440    0.5228     13.00     27.00     44.00    156.00      0.00
  0.6000   0.0800       72.9350    1.6055     23.00     51.00     96.00    738.00      0.00       5.9910    0.1092      2.00      5.00      9.00     32.00      0.00      28.0190    0.5097     10.00     24.00     40.00    148.00      0.00
  0.6000   0.0600       99.0270    2.1728     31.00     69.00    135.00   1151.00      0.00       9.3495    0.1579      4.00      8.00     13.00     51.00      0.00      22.2955    0.4590      6.00     17.00     34.00    182.00      0.00
  0.6000   0.0400      134.2025    2.9474     39.00     93.00    182.00   1002.00      0.00      17.6390    0.3097      7.00     15.00     25.00    129.00      0.00      14.0545    0.3713      2.00      8.00     20.00    102.00      0.00
  0.6000   0.0200      179.3365    4.0101     53.00    126.00    247.00   1367.00      0.00      64.1650    1.4648     21.00     44.00     87.00   1017.00      0.00       4.7810    0.2319      0.00      1.00      4.00     88.00      0.00
  0.4000   0.2000       46.6540    0.9935     17.00     34.00     60.00    459.00      0.00       1.8280    0.0296      1.00      1.00      2.00     11.00      0.00      74.5035    1.3322     33.00     61.00    100.00    439.00      0.00
  0.4000   0.1800       56.7860    1.1955     20.00     40.00     76.00    502.00      0.00       2.0765    0.0349      1.00      2.00      3.00     14.00      0.00      75.2625    1.3315     32.00     61.00    103.00    420.00      0.00
  0.4000   0.1600       63.3940    1.3597     21.00     45.00     85.00    601.00      0.00       2.3595    0.0403      1.00      2.00      3.00     16.00      0.00      70.6235    1.2701     29.00     57.00     96.00    380.00      0.00
  0.4000   0.1400       75.0635    1.6892     24.00     53.00    102.00    928.00      0.00       2.8155    0.0509      1.00      2.00      4.00     17.00      0.00      63.9285    1.1751     25.00     51.00     86.00    386.00      0.00
  0.4000   0.1200       84.3185    1.7739     27.00     60.00    114.00    587.00      0.00       3.4700    0.0645      1.00      3.00      5.00     21.00      0.00      55.9210    1.0939     20.00     44.00     79.00    351.00      0.00
  0.4000   0.1000      105.0870    2.2179     35.00     76.00    143.00    768.00      0.00       4.3745    0.0796      2.00      3.00      6.00     21.00      0.00      48.8710    0.9595     16.00     39.00     70.00    359.00      0.00
  0.4000   0.0800      127.5045    2.6965     39.00     96.00    177.00    777.00      0.00       6.0425    0.1067      2.00      5.00      8.00     38.00      0.00      40.4510    0.9052     11.00     27.00     58.00    314.00      0.00
  0.4000   0.0600      154.1585    3.3572     47.00    105.00    217.00   1042.00      0.00       9.1575    0.1595      4.00      7.00     13.00     63.00      0.00      27.6740    0.6868      5.00     17.00     40.00    210.00      0.00
  0.4000   0.0400      178.1600    3.9639     53.00    122.00    248.00   1257.00      0.00      17.5995    0.3042      7.00     15.00     25.00     96.00      0.00      15.1660    0.4867      2.00      7.00     19.00    173.00      0.00
  0.4000   0.0200      198.4670    4.3877     55.00    140.00    278.00   1287.00      0.00      65.6170    1.4455     20.00     45.00     92.00    509.00      0.00       3.7540    0.2110      0.00      1.00      3.00    166.00      0.00
  0.2000   0.2000      139.7380    3.0667     42.00    101.00    192.00   1115.00      0.00       1.7930    0.0291      1.00      1.00      2.00     13.00      0.00     166.8600    3.6229     51.00    122.00    230.00   1102.00      0.00
  0.2000   0.1800      146.7805    3.2004     44.00    105.00    200.00   1264.00      0.00       2.0265    0.0327      1.00      1.00      3.00     13.00      0.00     147.2915    3.3109     42.00    105.00    204.00   1349.00      0.00
  0.2000   0.1600      155.8750    3.6547     42.00    106.00    211.00   1306.00      0.00       2.4065    0.0435      1.00      2.00      3.00     14.00      0.00     125.1800    3.0221     33.00     85.00    168.00   1119.00      0.00
  0.2000   0.1400      165.1000    3.6434     47.00    117.00    225.00   1399.00      0.00       2.8460    0.0527      1.00      2.00      4.00     18.00      0.00     106.9795    2.4803     29.00     74.00    149.00   1170.00      0.00
  0.2000   0.1200      175.5635    3.7920     52.00    128.00    246.00   1301.00      0.00       3.3645    0.0588      1.00      3.00      5.00     23.00      0.00      85.7115    1.9725     22.00     59.00    119.00    692.00      0.00
  0.2000   0.1000      174.3545    3.9856     51.00    121.00    237.00   1639.00      0.00       4.6185    0.0821      2.00      4.00      6.00     24.00      0.00      60.4740    1.5236     15.00     38.00     81.00    574.00      0.00
  0.2000   0.0800      185.1550    4.0957     52.00    131.00    255.00   1496.00      0.00       6.1600    0.1128      2.00      5.00      9.00     39.00      0.00      41.8205    1.0565      9.00     25.00     58.00    399.00      0.00
  0.2000   0.0600      191.9300    4.3394     54.00    133.00    263.00   2000.00      0.00       9.2795    0.1587      4.00      8.00     13.00     51.00      0.00      23.7080    0.6236      5.00     14.00     33.00    240.00      0.00
  0.2000   0.0400      195.6910    4.4171     57.00    137.00    270.00   1811.00      0.00      17.2150    0.3169      7.00     14.00     24.00    125.00      0.00      11.4095    0.3810      2.00      6.00     13.00    224.00      0.00
  0.2000   0.0200      189.0145    4.2159     54.00    129.00    268.00   1287.00      0.00      63.6485    1.4287     19.00     44.00     88.00    454.00      0.00       2.3835    0.0952      0.00      1.00      3.00     61.00      0.00
