Amp Radius  OC_Mean OC_Std OC_Q1 OC_Med OC_Q3 OC_Max OC_Min  Exp_Mean Exp_Std Exp_Q1 Exp_Med Exp_Q3 Exp_Max Exp_Min  Num_Mean Num_Std Num_Q1 Num_Med Num_Q3 Num_Max Num_Min
  2.0000   0.2000        5.0870    0.0902      2.00      4.00      7.00     35.00      0.00       2.9730    0.0642      1.00      2.00      4.00     25.00      0.00       9.1470    0.0796      7.00     10.00     11.00     22.00      0.00
  2.0000   0.1800        5.4735    0.1011      2.00      4.00      7.00     42.00      0.00       3.2825    0.0722      1.00      2.00      4.00     31.00      0.00       8.9065    0.0805      7.00     10.00     11.00     21.00      0.00
  2.0000   0.1600        6.5745    0.1210      3.00      5.00      9.00     40.00      0.00       4.0020    0.0844      1.00      3.00      6.00     25.00      0.00       8.8270    0.0824      6.00     10.00     11.00     22.00      0.00
  2.0000   0.1400        7.6035    0.1416      3.00      6.00     10.00     76.00      0.00       4.7620    0.0985      1.00      3.00      7.00     30.00      0.00       8.7245    0.0819      6.00     10.00     11.00     22.00      0.00
  2.0000   0.1200        9.5260    0.1810      4.00      7.00     13.00     64.00      0.00       6.1185    0.1259      2.00      4.00      9.00     40.00      0.00       8.6060    0.0778      6.00     10.00     11.00     24.00      0.00
  2.0000   0.1000       11.5890    0.2205      4.00      9.00     16.00     72.00      0.00       7.6175    0.1544      2.00      6.00     11.00     67.00      0.00       8.0870    0.0805      6.00      9.00     10.00     20.00      0.00
  2.0000   0.0800       16.5940    0.3218      6.00     12.00     23.00     97.00      0.00      10.5735    0.1977      3.00      8.00     16.00     64.00      0.00       7.9480    0.0824      6.00      9.00     10.00     23.00      0.00
  2.0000   0.0600       25.7635    0.5131     10.00     20.00     35.00    167.00      0.00      16.6500    0.3077      6.00     14.00     24.00    132.00      0.00       7.4110    0.0862      6.00      8.00     10.00     21.00      0.00
  2.0000   0.0400       45.7820    0.9597     15.00     34.00     62.00    399.00      0.00      32.2895    0.6259     12.00     25.00     45.00    280.00      0.00       6.2870    0.0922      2.00      7.00     10.00     18.00      0.00
  2.0000   0.0200      113.8855    2.5479     32.00     81.00    159.00    879.00      0.00      96.3000    2.1669     28.00     69.00    131.00    699.00      0.00       3.2280    0.0850      0.00      1.00      6.00     18.00      0.00
  1.8000   0.2000        5.5090    0.1012      2.00      4.00      7.00     38.00      0.00       3.0100    0.0666      1.00      2.00      4.00     23.00      0.00       9.6595    0.0850      7.00     10.00     12.00     24.00      0.00
  1.8000   0.1800        6.1685    0.1102      3.00      5.00      8.00     38.00      0.00       3.3875    0.0745      1.00      2.00      5.00     37.00      0.00       9.5370    0.0851      7.00     10.00     12.00     27.00      0.00
  1.8000   0.1600        7.0090    0.1291      3.00      5.00      9.00     49.00      0.00       3.9255    0.0855      1.00      3.00      5.00     30.00      0.00       9.4680    0.0861      7.00     10.00     11.00     27.00      0.00
  1.8000   0.1400        8.5360    0.1623      3.00      6.00     11.00     60.00      0.00       4.8280    0.1037      1.00      3.00      7.00     30.00      0.00       9.2555    0.0869      7.00     10.00     11.00     22.00      0.00
  1.8000   0.1200       10.4095    0.1948      4.00      8.00     14.00     64.00      0.00       5.9395    0.1201      2.00      4.00      8.00     36.00      0.00       9.0035    0.0846      7.00     10.00     11.00     27.00      0.00
  1.8000   0.1000       13.1840    0.2515      5.00     10.00     18.00     91.00      0.00       7.8255    0.1546      2.00      6.00     11.00     38.00      0.00       8.7585    0.0879      6.00     10.00     11.00     26.00      0.00
  1.8000   0.0800       17.7870    0.3627      6.00     13.00     24.00    165.00      0.00      10.4780    0.1960      3.00      8.00     15.00     55.00      0.00       8.4420    0.0877      6.00      9.00     11.00     25.00      0.00
  1.8000   0.0600       28.2775    0.5994     10.00     21.00     38.00    230.00      0.00      16.2385    0.3076      6.00     13.00     23.00    167.00      0.00       7.8075    0.0920      6.00      8.00     10.00     22.00      0.00
  1.8000   0.0400       53.3175    1.1330     18.00     39.00     71.00    375.00      0.00      33.6360    0.6325     13.00     27.00     46.00    315.00      0.00       6.6945    0.0999      2.00      7.00     10.00     21.00      0.00
  1.8000   0.0200      116.3510    2.5637     35.00     79.00    162.00    829.00      0.00      99.4420    2.2222     30.00     69.00    135.00    713.00      0.00       3.1915    0.0909      0.00      1.00      6.00     23.00      0.00
  1.6000   0.2000        5.9585    0.1094      3.00      4.00      8.00     36.00      0.00       2.9825    0.0676      1.00      2.00      4.00     26.00      0.00      10.6375    0.0980      8.00     11.00     13.00     27.00      0.00
  1.6000   0.1800        7.0350    0.1293      3.00      5.00      9.00     48.00      0.00       3.5110    0.0765      1.00      2.00      5.00     30.00      0.00      10.3980    0.0960      8.00     10.00     13.00     30.00      0.00
  1.6000   0.1600        7.9190    0.1403      3.00      6.00     11.00     48.00      0.00       4.0360    0.0865      1.00      3.00      5.00     36.00      0.00      10.4375    0.0979      8.00     10.00     13.00     27.00      0.00
  1.6000   0.1400        9.2440    0.1764      3.00      7.00     13.00     51.00      0.00       4.6750    0.1014      1.00      3.00      6.00     35.00      0.00      10.1215    0.0955      8.00     10.00     12.00     27.00      0.00
  1.6000   0.1200       12.0030    0.2259      4.00      9.00     17.00     79.00      0.00       6.1465    0.1260      2.00      4.00      9.00     36.00      0.00       9.8855    0.0950      7.00     10.00     12.00     29.00      0.00
  1.6000   0.1000       15.1565    0.2927      6.00     11.00     20.00     92.00      0.00       7.7505    0.1482      3.00      6.00     11.00     42.00      0.00       9.4705    0.1008      7.00     10.00     12.00     25.00      0.00
  1.6000   0.0800       20.6860    0.4295      7.00     15.00     28.00    143.00      0.00      10.3915    0.1984      3.00      8.00     15.00     76.00      0.00       9.0410    0.1013      6.00     10.00     11.00     28.00      0.00
  1.6000   0.0600       31.5235    0.6526     11.00     24.00     42.00    231.00      0.00      16.1280    0.2909      6.00     13.00     24.00    121.00      0.00       8.4550    0.1059      6.00      9.00     11.00     27.00      0.00
  1.6000   0.0400       57.0820    1.1619     20.00     43.00     78.00    419.00      0.00      33.1055    0.6205     12.00     28.00     46.00    416.00      0.00       6.9800    0.1103      2.00      7.00     10.00     24.00      0.00
  1.6000   0.0200      130.5890    2.8684     41.00     94.00    177.00   1502.00      0.00     100.3440    2.2141     30.00     73.00    136.00    786.00      0.00       3.6455    0.1060      0.00      1.00      7.00     25.00      0.00
  1.4000   0.2000        6.9685    0.1351      3.00      5.00      9.00     75.00      0.00       2.9640    0.0658      1.00      2.00      4.00     27.00      0.00      12.1295    0.1179      9.00     12.00     15.00     36.00      0.00
  1.4000   0.1800        8.1905    0.1558      3.00      6.00     11.00     58.00      0.00       3.5630    0.0804      1.00      2.00      5.00     44.00      0.00      11.9090    0.1138      9.00     11.00     15.00     37.00      0.00
  1.4000   0.1600        9.1105    0.1760      4.00      7.00     12.00     78.00      0.00       4.0170    0.0889      1.00      3.00      5.00     43.00      0.00      11.5180    0.1126      9.00     11.00     15.00     30.00      0.00
  1.4000   0.1400       10.5120    0.2035      4.00      8.00     14.00     68.00      0.00       4.6800    0.1000      1.00      3.00      6.00     35.00      0.00      11.3590    0.1162      8.00     11.00     14.00     32.00      0.00
  1.4000   0.1200       13.5560    0.2613      5.00     10.00     19.00    107.00      0.00       5.9905    0.1224      2.00      4.00      8.00     33.00      0.00      10.9400    0.1151      8.00     11.00     14.00     36.00      0.00
  1.4000   0.1000       17.9720    0.3625      7.00     13.00     24.00    120.00      0.00       7.8085    0.1524      2.00      6.00     11.00     58.00      0.00      10.8010    0.1199      8.00     11.00     14.00     31.00      0.00
  1.4000   0.0800       24.2550    0.5090      9.00     18.00     33.00    257.00      0.00      10.4665    0.2006      4.00      8.00     15.00     73.00      0.00      10.4440    0.1203      7.00     10.00     14.00     37.00      0.00
  1.4000   0.0600       36.5130    0.7601     12.00     27.00     49.00    287.00      0.00      16.0150    0.2992      6.00     13.00     23.00    130.00      0.00       9.1405    0.1262      6.00     10.00     12.00     32.00      0.00
  1.4000   0.0400       62.5805    1.3065     20.00     47.00     87.00    419.00      0.00      31.9520    0.6374     11.00     25.00     45.00    247.00      0.00       7.8160    0.1370      1.00      8.00     12.00     33.00      0.00
  1.4000   0.0200      133.9620    3.0423     38.00     89.00    184.00   1041.00      0.00      95.5560    2.2118     27.00     65.00    129.00    858.00      0.00       3.8810    0.1203      0.00      1.00      7.00     28.00      0.00
  1.2000   0.2000        8.1560    0.1557      4.00      6.00     11.00     94.00      0.00       3.0800    0.0713      1.00      2.00      4.00     28.00      0.00      14.3460    0.1441     10.00     14.00     18.00     45.00      0.00
  1.2000   0.1800        9.3720    0.1873      4.00      7.00     12.00    116.00      0.00       3.4695    0.0766      1.00      2.00      5.00     27.00      0.00      13.9675    0.1440     10.00     13.00     18.00     43.00      0.00
  1.2000   0.1600       10.6645    0.2030      4.00      8.00     14.00     94.00      0.00       3.9010    0.0847      1.00      3.00      5.00     28.00      0.00      13.8420    0.1412     10.00     13.00     18.00     41.00      0.00
  1.2000   0.1400       13.1445    0.2599      5.00     10.00     18.00    120.00      0.00       4.7815    0.1028      1.00      3.00      7.00     36.00      0.00      13.5525    0.1471     10.00     13.00     18.00     50.00      0.00
  1.2000   0.1200       16.5185    0.3306      6.00     13.00     22.00    121.00      0.00       6.0800    0.1260      2.00      4.00      9.00     40.00      0.00      13.0975    0.1503     10.00     12.00     17.00     44.00      0.00
  1.2000   0.1000       21.3075    0.4427      8.00     15.00     29.00    188.00      0.00       8.0155    0.1598      3.00      6.00     11.00     52.00      0.00      12.4355    0.1508      9.00     12.00     16.00     45.00      0.00
  1.2000   0.0800       29.3285    0.6311     10.00     21.00     39.00    258.00      0.00      10.4445    0.1966      3.00      8.00     15.00     60.00      0.00      11.9405    0.1550      8.00     12.00     16.00     49.00      0.00
  1.2000   0.0600       43.5975    0.9317     15.00     31.00     60.00    318.00      0.00      16.4980    0.3116      5.00     13.00     24.00    110.00      0.00      10.5120    0.1580      5.00     10.00     15.00     35.00      0.00
  1.2000   0.0400       72.8710    1.6417     22.00     48.00    100.00    852.00      0.00      30.6230    0.5904     12.00     25.00     42.00    280.00      0.00       8.7540    0.1686      1.00      9.00     14.00     41.00      0.00
  1.2000   0.0200      143.2820    3.2500     42.00     97.00    193.00   1198.00      0.00      99.2790    2.2168     30.00     70.00    134.00    767.00      0.00       4.2820    0.1435      0.00      1.00      8.00     32.00      0.00
  1.0000   0.2000       10.0780    0.1937      4.00      7.00     13.00     99.00      0.00       2.8575    0.0639      1.00      2.00      4.00     27.00      0.00      18.0165    0.2019     12.00     17.00     23.00     62.00      0.00
  1.0000   0.1800       11.9690    0.2371      5.00      9.00     16.00     91.00      0.00       3.4950    0.0793      1.00      2.00      4.00     47.00      0.00      17.7660    0.2007     11.00     17.00     23.00     58.00      0.00
  1.0000   0.1600       13.9545    0.2764      5.00     11.00     19.00    155.00      0.00       4.0635    0.0864      1.00      3.00      5.00     26.00      0.00      17.2175    0.1999     11.00     16.00     23.00     59.00      0.00
  1.0000   0.1400       16.3750    0.3341      6.00     12.00     22.00    187.00      0.00       4.8860    0.1066      1.00      3.00      7.00     41.00      0.00      16.8115    0.1967     11.00     16.00     22.00     51.00      0.00
  1.0000   0.1200       20.3700    0.4182      7.00     15.00     28.00    180.00      0.00       5.9320    0.1234      2.00      4.00      8.00     35.00      0.00      16.5985    0.2000     11.00     16.00     21.00     63.00      0.00
  1.0000   0.1000       25.9555    0.5463      9.00     19.00     35.00    214.00      0.00       7.6075    0.1493      2.00      6.00     11.00     42.00      0.00      16.0240    0.2044     10.00     15.00     21.00     63.00      0.00
  1.0000   0.0800       36.7750    0.7911     12.00     26.00     49.00    305.00      0.00      10.6375    0.1999      3.00      8.00     15.00     54.00      0.00      15.1680    0.2145      9.00     14.00     21.00     49.00      0.00
  1.0000   0.0600       53.5145    1.1692     17.00     37.00     74.00    478.00      0.00      16.5290    0.3159      6.00     13.00     23.00    184.00      0.00      13.3730    0.2198      5.00     13.00     20.00     62.00      0.00
  1.0000   0.0400       88.9715    2.0141     26.00     62.00    120.00    715.00      0.00      32.2175    0.6265     12.00     26.00     44.00    219.00      0.00      10.2440    0.2202      1.00      9.00     17.00     52.00      0.00
  1.0000   0.0200      156.9155    3.5513     44.00    106.00    215.00   1276.00      0.00      96.8395    2.2195     29.00     68.00    130.00    898.00      0.00       4.5595    0.1698      0.00      1.00      6.00     37.00      0.00
  0.8000   0.2000       13.1315    0.2501      5.00     10.00     18.00     97.00      0.00       2.9115    0.0648      1.00      2.00      4.00     24.00      0.00      23.8590    0.2862     15.00     23.00     31.00     99.00      0.00
  0.8000   0.1800       15.0025    0.3116      6.00     11.00     19.00    134.00      0.00       3.4270    0.0746      1.00      2.00      5.00     24.00      0.00      23.7670    0.2877     15.00     22.00     31.00     85.00      0.00
  0.8000   0.1600       17.7810    0.3494      7.00     13.00     24.00    130.00      0.00       3.9790    0.0875      1.00      2.00      5.00     30.00      0.00      23.6215    0.2906     15.00     22.00     31.00     95.00      0.00
  0.8000   0.1400       21.7435    0.4741      8.00     16.00     29.00    264.00      0.00       4.9225    0.1046      1.00      3.00      7.00     33.00      0.00      22.4360    0.2957     13.00     21.00     30.00    104.00      0.00
  0.8000   0.1200       26.5740    0.5589     10.00     19.00     36.00    324.00      0.00       6.0725    0.1281      2.00      4.00      9.00     48.00      0.00      21.9585    0.2937     13.00     21.00     30.00     95.00      0.00
  0.8000   0.1000       34.8585    0.7586     12.00     25.00     47.00    302.00      0.00       7.5225    0.1495      2.00      6.00     11.00     51.00      0.00      20.8060    0.2951     11.00     20.00     29.00     79.00      0.00
  0.8000   0.0800       49.6610    1.0762     16.00     35.00     68.00    409.00      0.00      10.8845    0.2032      4.00      8.00     16.00     73.00      0.00      19.7065    0.3035     10.00     19.00     28.00     77.00      0.00
  0.8000   0.0600       66.5455    1.4895     21.00     45.00     89.00    669.00      0.00      16.3365    0.2965      6.00     14.00     23.00    117.00      0.00      16.8395    0.3084      4.00     15.00     26.00     70.00      0.00
  0.8000   0.0400      103.8980    2.2592     31.00     71.00    145.00    713.00      0.00      31.0175    0.6022     11.00     24.00     44.00    231.00      0.00      11.9525    0.2894      1.00      7.00     20.00     71.00      0.00
  0.8000   0.0200      168.7855    3.7585     50.00    116.00    236.00   1284.00      0.00      93.8730    2.0303     27.00     66.00    131.00    646.00      0.00       5.3265    0.2268      0.00      1.00      4.00     66.00      0.00
  0.6000   0.2000       19.4815    0.3687      8.00     15.00     26.00    162.00      0.00       3.0235    0.0682      1.00      2.00      4.00     24.00      0.00      37.1520    0.5025     21.00     34.00     49.00    173.00      0.00
  0.6000   0.1800       22.4950    0.4431      9.00     17.00     29.00    140.00      0.00       3.3965    0.0750      1.00      2.00      4.00     27.00      0.00      36.3490    0.4966     21.00     33.00     50.00    153.00      0.00
  0.6000   0.1600       24.8110    0.4856     10.00     18.00     33.00    194.00      0.00       4.0390    0.0880      1.00      3.00      5.00     35.00      0.00      35.2765    0.4962     19.00     32.00     48.00    146.00      0.00
  0.6000   0.1400       31.8475    0.6645     12.00     23.00     42.00    308.00      0.00       4.8030    0.0994      1.00      3.00      7.00     36.00      0.00      34.5595    0.5070     19.00     32.00     47.00    148.00      0.00
  0.6000   0.1200       37.5895    0.8149     13.00     27.00     48.00    353.00      0.00       5.8230    0.1192      2.00      4.00      8.00     34.00      0.00      33.3080    0.5054     17.00     31.00     46.00    136.00      0.00
  0.6000   0.1000       50.9120    1.0911     16.00     36.00     68.00    381.00      0.00       7.9020    0.1556      2.00      6.00     12.00     50.00      0.00      31.1050    0.5032     13.00     28.00     44.00    139.00      0.00
  0.6000   0.0800       66.3270    1.4553     21.00     47.00     91.00    521.00      0.00      10.6895    0.2026      3.00      8.00     15.00     75.00      0.00      27.4700    0.4978      9.00     24.00     41.00    116.00      0.00
  0.6000   0.0600       90.3865    2.0423     28.00     61.00    125.00    852.00      0.00      16.8175    0.3076      6.00     14.00     24.00    134.00      0.00      22.8545    0.4991      3.00     18.00     37.00    125.00      0.00
  0.6000   0.0400      134.0650    2.9267     39.00     95.00    187.00   1012.00      0.00      32.3665    0.6459     11.00     26.00     45.00    267.00      0.00      15.9730    0.4522      1.00      5.00     27.00    137.00      0.00
  0.6000   0.0200      178.4645    4.0092     50.00    125.00    243.00   1442.00      0.00      98.6020    2.2062     28.00     67.00    140.00    734.00      0.00       5.6030    0.3000      0.00      1.00      3.00    128.00      0.00
  0.4000   0.2000       35.1755    0.7048     14.00     26.00     46.00    282.00      0.00       2.9465    0.0637      1.00      2.00      4.00     23.00      0.00      68.0550    1.1069     33.00     59.00     94.00    348.00      0.00
  0.4000   0.1800       40.2380    0.8518     16.00     29.00     54.00    546.00      0.00       3.5945    0.0781      1.00      2.00      5.00     24.00      0.00      66.6620    1.1118     29.00     57.00     95.00    303.00      0.00
  0.4000   0.1600       46.5470    0.9384     18.00     35.00     61.00    464.00      0.00       4.0285    0.0885      1.00      3.00      5.00     31.00      0.00      65.9665    1.1180     28.00     57.00     92.00    355.00      0.00
  0.4000   0.1400       55.8195    1.2074     20.00     39.00     75.00    488.00      0.00       4.7935    0.1027      1.00      3.00      6.00     32.00      0.00      61.4725    1.1313     24.00     53.00     87.00    407.00      0.00
  0.4000   0.1200       65.7655    1.3151     23.00     49.00     91.00    497.00      0.00       6.0925    0.1245      2.00      4.00      9.00     38.00      0.00      57.5825    1.1162     19.00     48.00     82.00    427.00      0.00
  0.4000   0.1000       79.7960    1.6919     27.00     59.00    107.00    572.00      0.00       7.8020    0.1528      2.00      6.00     11.00     50.00      0.00      50.1085    1.0080     13.00     40.00     75.00    296.00      0.00
  0.4000   0.0800       99.9120    2.1225     33.00     69.00    139.00    744.00      0.00      10.7715    0.2004      4.00      8.00     16.00     55.00      0.00      41.7985    0.9585      6.00     28.00     63.00    258.00      0.00
  0.4000   0.0600      127.4735    2.7595     38.00     90.00    171.00    947.00      0.00      16.1910    0.2950      6.00     13.00     23.00    106.00      0.00      33.5410    0.9683      3.00     15.00     49.00    274.00      0.00
  0.4000   0.0400      161.3905    3.6202     50.00    113.00    219.00   2000.00      0.00      31.6040    0.5931     12.00     25.00     44.00    221.00      0.00      19.3730    0.7229      1.00      4.00     22.00    310.00      0.00
  0.4000   0.0200      201.4315    4.4690     61.00    142.00    275.00   1608.00      0.00      95.8365    2.1211     25.00     68.00    136.00    772.00      0.00       5.1125    0.3462      0.00      1.00      2.00    146.00      0.00
  0.2000   0.2000      110.1440    2.3534     34.00     79.00    148.00    717.00      0.00       2.9085    0.0642      1.00      2.00      4.00     31.00      0.00     168.7590    3.6948     49.00    121.00    239.00   1122.00      0.00
  0.2000   0.1800      116.2885    2.5140     39.00     83.00    158.00    875.00      0.00       3.3595    0.0711      1.00      2.00      5.00     29.00      0.00     155.4230    3.4964     45.00    108.00    218.00   1191.00      0.00
  0.2000   0.1600      130.6410    2.8501     41.00     93.00    181.00   1207.00      0.00       4.0525    0.0879      1.00      3.00      5.00     25.00      0.00     141.7195    3.2895     34.00     97.00    202.00   1415.00      0.00
  0.2000   0.1400      139.3000    2.9688     42.00    100.00    193.00    959.00      0.00       4.8340    0.1026      1.00      3.00      7.00     27.00      0.00     120.0920    2.9483     24.00     77.00    171.00   1240.00      0.00
  0.2000   0.1200      149.6420    3.2630     44.00    107.00    206.00   1204.00      0.00       5.9515    0.1207      2.00      4.00      8.00     37.00      0.00     100.7140    2.5481     19.00     63.00    144.00    906.00      0.00
  0.2000   0.1000      163.3165    3.7310     46.00    107.00    226.00   1173.00      0.00       7.8050    0.1601      2.00      5.00     12.00     46.00      0.00      76.5940    2.2146     10.00     40.00    102.00    817.00      0.00
  0.2000   0.0800      175.5470    4.0979     47.00    113.00    241.00   1325.00      0.00      10.7440    0.2079      3.00      8.00     15.00     91.00      0.00      53.8940    1.7813      5.00     22.00     69.00    639.00      0.00
  0.2000   0.0600      188.9515    4.1920     54.00    130.00    264.00   1415.00      0.00      16.1240    0.2915      6.00     13.00     24.00    101.00      0.00      33.2820    1.2212      3.00     12.00     40.00    481.00      0.00
  0.2000   0.0400      195.2035    4.3450     52.00    138.00    276.00   1488.00      0.00      31.3245    0.6147     12.00     26.00     43.00    306.00      0.00      15.0405    0.7251      1.00      4.00     13.00    325.00      0.00
  0.2000   0.0200      202.4550    4.6320     54.00    138.00    279.00   1618.00      0.00      92.1270    2.0726     28.00     63.00    126.00    904.00      0.00       4.2505    0.3860      0.00      1.00      2.00    318.00      0.00
