Amp Radius  OC_Mean OC_Std OC_Q1 OC_Med OC_Q3 OC_Max OC_Min  Exp_Mean Exp_Std Exp_Q1 Exp_Med Exp_Q3 Exp_Max Exp_Min  Num_Mean Num_Std Num_Q1 Num_Med Num_Q3 Num_Max Num_Min
  2.0000   0.2000        3.8700    0.0480      2.00      3.00      5.00     15.00      0.00       1.6380    0.0256      1.00      1.00      2.00     10.00      0.00       9.9505    0.0879      7.00     11.00     12.00     24.00      0.00
  2.0000   0.1800        4.2335    0.0526      3.00      4.00      5.00     23.00      0.00       1.8220    0.0288      1.00      1.00      2.00     12.00      0.00       9.5385    0.0889      7.00     10.00     12.00     24.00      0.00
  2.0000   0.1600        4.8705    0.0712      3.00      4.00      6.00     27.00      0.00       2.1025    0.0376      1.00      1.00      3.00     17.00      0.00       9.2845    0.0874      7.00     10.00     12.00     21.00      0.00
  2.0000   0.1400        5.5020    0.0744      3.00      5.00      7.00     30.00      0.00       2.5105    0.0428      1.00      2.00      3.00     14.00      0.00       9.1350    0.0852      7.00     10.00     12.00     23.00      0.00
  2.0000   0.1200        6.2825    0.0980      3.00      5.00      8.00     63.00      0.00       3.0695    0.0560      1.00      2.00      4.00     20.00      0.00       8.7280    0.0850      6.00     10.00     11.00     22.00      0.00
  2.0000   0.1000        7.8730    0.1248      4.00      7.00     10.00     56.00      0.00       3.9845    0.0759      2.00      3.00      5.00     40.00      0.00       8.5985    0.0836      6.00     10.00     11.00     20.00      0.00
  2.0000   0.0800       10.8395    0.1869      5.00      9.00     14.00     68.00      0.00       5.8530    0.1216      2.00      4.00      8.00     51.00      0.00       8.3270    0.0834      6.00      9.00     11.00     19.00      0.00
  2.0000   0.0600       17.0600    0.3358      7.00     13.00     22.00    155.00      0.00      10.6180    0.2533      3.00      8.00     14.00    153.00      0.00       7.9265    0.0868      6.00      9.00     11.00     19.00      0.00
  2.0000   0.0400       37.5170    0.8611     12.00     26.00     51.00    424.00      0.00      28.6860    0.7223      8.00     18.00     39.00    424.00      0.00       6.6925    0.0920      3.00      7.00     10.00     19.00      0.00
  2.0000   0.0200      104.0005    2.2436     31.00     73.00    148.00    729.00      0.00      92.3690    2.0272     26.00     65.00    131.00    728.00      0.00       3.5755    0.0892      0.00      1.00      7.00     15.00      0.00
  1.8000   0.2000        4.3200    0.0581      2.00      4.00      6.00     23.00      0.00       1.6775    0.0258      1.00      1.00      2.00     10.00      0.00      10.4185    0.0924      8.00     11.00     13.00     25.00      0.00
  1.8000   0.1800        4.7050    0.0637      3.00      4.00      6.00     28.00      0.00       1.8345    0.0306      1.00      1.00      2.00     15.00      0.00      10.1765    0.0909      8.00     11.00     13.00     28.00      0.00
  1.8000   0.1600        5.3115    0.0716      3.00      5.00      7.00     24.00      0.00       2.1235    0.0360      1.00      2.00      3.00     16.00      0.00      10.1200    0.0892      8.00     11.00     13.00     26.00      0.00
  1.8000   0.1400        5.9420    0.0884      3.00      5.00      8.00     44.00      0.00       2.4980    0.0434      1.00      2.00      3.00     16.00      0.00       9.6565    0.0883      7.00     10.00     12.00     24.00      0.00
  1.8000   0.1200        7.2230    0.1072      4.00      6.00      9.00     44.00      0.00       3.0885    0.0542      1.00      2.00      4.00     19.00      0.00       9.4615    0.0860      7.00     10.00     12.00     23.00      0.00
  1.8000   0.1000        9.1355    0.1426      4.00      8.00     12.00     54.00      0.00       4.1345    0.0743      2.00      3.00      6.00     28.00      0.00       9.4175    0.0835      7.00     10.00     12.00     23.00      0.00
  1.8000   0.0800       12.9095    0.2417      6.00     10.00     17.00     94.00      0.00       6.1715    0.1381      2.00      5.00      8.00     69.00      0.00       8.9745    0.0870      7.00     10.00     12.00     23.00      0.00
  1.8000   0.0600       19.1315    0.4054      8.00     14.00     25.00    290.00      0.00      10.7630    0.2457      4.00      8.00     14.00    103.00      0.00       8.3210    0.0891      6.00      9.00     11.00     23.00      0.00
  1.8000   0.0400       38.5275    0.8626     13.00     28.00     52.00    396.00      0.00      27.5375    0.6740      7.00     18.00     37.00    301.00      0.00       7.1030    0.1007      3.00      8.00     11.00     27.00      0.00
  1.8000   0.0200       99.5085    2.2968     27.00     68.00    135.00    698.00      0.00      86.3150    2.0938     21.00     58.00    116.00    681.00      0.00       3.7920    0.0946      0.00      1.00      7.00     17.00      0.00
  1.6000   0.2000        4.8375    0.0630      3.00      4.00      6.00     24.00      0.00       1.6825    0.0261      1.00      1.00      2.00     12.00      0.00      11.4475    0.1005      9.00     12.00     14.00     29.00      0.00
  1.6000   0.1800        5.4465    0.0753      3.00      5.00      7.00     24.00      0.00       1.8510    0.0301      1.00      1.00      2.00     12.00      0.00      11.1910    0.0975      9.00     11.00     14.00     34.00      0.00
  1.6000   0.1600        6.2060    0.0936      3.00      5.00      8.00     52.00      0.00       2.1550    0.0354      1.00      2.00      3.00     13.00      0.00      10.9560    0.0957      9.00     11.00     13.00     29.00      0.00
  1.6000   0.1400        6.8885    0.1014      4.00      6.00      9.00     37.00      0.00       2.4740    0.0423      1.00      2.00      3.00     17.00      0.00      10.5955    0.0911      8.00     11.00     13.00     25.00      0.00
  1.6000   0.1200        8.1265    0.1221      4.00      7.00     11.00     49.00      0.00       3.0815    0.0537      1.00      2.00      4.00     25.00      0.00      10.2985    0.0915      8.00     11.00     13.00     24.00      0.00
  1.6000   0.1000       10.4485    0.1718      5.00      9.00     14.00     72.00      0.00       4.2280    0.0877      2.00      3.00      6.00     70.00      0.00       9.8500    0.0924      8.00     11.00     12.00     26.00      0.00
  1.6000   0.0800       14.2375    0.2487      6.00     11.00     19.00     75.00      0.00       5.9910    0.1151      2.00      5.00      8.00     44.00      0.00       9.5035    0.0919      7.00     10.00     12.00     26.00      0.00
  1.6000   0.0600       22.0565    0.4434      8.00     16.00     29.00    187.00      0.00      10.7925    0.2513      4.00      7.00     14.00    116.00      0.00       9.0365    0.0998      6.00     10.00     12.00     25.00      0.00
  1.6000   0.0400       43.1315    0.9303     14.00     30.00     58.00    367.00      0.00      26.4355    0.6188      7.00     18.00     36.00    202.00      0.00       7.5800    0.1088      3.00      9.00     11.00     26.00      0.00
  1.6000   0.0200      112.5350    2.5011     33.00     79.00    151.00    883.00      0.00      92.7250    2.1189     25.00     64.00    128.00    665.00      0.00       4.0830    0.1060      0.00      1.00      8.00     22.00      0.00
  1.4000   0.2000        5.7330    0.0784      3.00      5.00      7.00     27.00      0.00       1.6535    0.0251      1.00      1.00      2.00      9.00      0.00      12.7390    0.1155     10.00     13.00     16.00     40.00      0.00
  1.4000   0.1800        6.3510    0.0894      3.00      5.00      8.00     31.00      0.00       1.8570    0.0303      1.00      1.00      2.00     12.00      0.00      12.5470    0.1151     10.00     13.00     15.00     40.00      0.00
  1.4000   0.1600        7.2060    0.1071      4.00      6.00      9.00     43.00      0.00       2.1285    0.0350      1.00      2.00      3.00     13.00      0.00      12.2150    0.1089     10.00     12.00     15.00     36.00      0.00
  1.4000   0.1400        8.0965    0.1231      4.00      7.00     11.00     43.00      0.00       2.5285    0.0454      1.00      2.00      3.00     21.00      0.00      11.9400    0.1078     10.00     12.00     15.00     32.00      0.00
  1.4000   0.1200        9.9325    0.1569      5.00      8.00     13.00     65.00      0.00       3.0610    0.0535      1.00      2.00      4.00     22.00      0.00      11.5950    0.1058      9.00     12.00     14.00     38.00      0.00
  1.4000   0.1000       12.2575    0.2080      6.00     10.00     16.00     77.00      0.00       4.0460    0.0736      2.00      3.00      6.00     32.00      0.00      11.1410    0.1106      8.00     11.00     14.00     33.00      0.00
  1.4000   0.0800       16.7800    0.3013      7.00     13.00     22.00    121.00      0.00       5.7310    0.1116      2.00      4.00      8.00     66.00      0.00      10.5470    0.1085      8.00     11.00     13.00     33.00      0.00
  1.4000   0.0600       26.1125    0.5397     11.00     19.00     34.00    270.00      0.00      10.6455    0.2443      4.00      8.00     14.00    126.00      0.00      10.0615    0.1127      7.00     11.00     13.00     32.00      0.00
  1.4000   0.0400       48.3945    1.0177     16.00     35.00     66.00    339.00      0.00      26.3915    0.6372      7.00     17.00     37.00    226.00      0.00       8.3490    0.1240      3.00      9.00     12.00     30.00      0.00
  1.4000   0.0200      122.2610    2.7799     36.00     89.00    166.00   1195.00      0.00      92.7335    2.1832     26.00     62.00    132.00   1188.00      0.00       4.5000    0.1247      0.00      1.00      9.00     28.00      0.00
  1.2000   0.2000        6.9125    0.1000      4.00      6.00      9.00     43.00      0.00       1.6885    0.0265      1.00      1.00      2.00     13.00      0.00      15.0520    0.1491     11.00     14.00     19.00     55.00      0.00
  1.2000   0.1800        7.6050    0.1082      4.00      7.00     10.00     47.00      0.00       1.8465    0.0302      1.00      1.00      2.00     11.00      0.00      14.7155    0.1414     11.00     14.00     18.00     43.00      0.00
  1.2000   0.1600        8.9400    0.1384      5.00      8.00     12.00     66.00      0.00       2.1305    0.0357      1.00      2.00      3.00     18.00      0.00      14.4585    0.1385     11.00     14.00     18.00     43.00      0.00
  1.2000   0.1400       10.1430    0.1689      5.00      8.00     13.00     63.00      0.00       2.5475    0.0438      1.00      2.00      3.00     15.00      0.00      13.8305    0.1409     10.00     13.00     17.00     48.00      0.00
  1.2000   0.1200       12.3820    0.2097      6.00     10.00     16.00     87.00      0.00       2.9840    0.0537      1.00      2.00      4.00     19.00      0.00      13.2955    0.1352     10.00     13.00     17.00     50.00      0.00
  1.2000   0.1000       15.4510    0.2772      7.00     12.00     20.00    107.00      0.00       3.9510    0.0751      1.00      3.00      5.00     40.00      0.00      12.7395    0.1306     10.00     12.00     16.00     47.00      0.00
  1.2000   0.0800       21.3370    0.4055      9.00     17.00     29.00    161.00      0.00       5.9395    0.1277      2.00      5.00      8.00     96.00      0.00      12.4495    0.1374      9.00     12.00     16.00     40.00      0.00
  1.2000   0.0600       32.1050    0.6565     12.00     23.00     43.00    223.00      0.00      10.5085    0.2401      4.00      8.00     14.00    132.00      0.00      11.3305    0.1403      8.00     12.00     15.00     42.00      0.00
  1.2000   0.0400       61.0405    1.3371     20.00     43.00     83.00    728.00      0.00      28.3030    0.6756      8.00     19.00     38.00    288.00      0.00       9.6965    0.1525      3.00     10.00     14.00     39.00      0.00
  1.2000   0.0200      134.0960    3.0095     41.00     93.00    178.00    999.00      0.00      94.7165    2.1712     26.00     66.00    134.00    971.00      0.00       4.8320    0.1409      0.00      1.00      9.00     38.00      0.00
  1.0000   0.2000        9.1145    0.1376      5.00      8.00     12.00     67.00      0.00       1.6690    0.0252      1.00      1.00      2.00     10.00      0.00      18.6000    0.1992     13.00     17.00     24.00     60.00      0.00
  1.0000   0.1800       10.1965    0.1624      5.00      8.00     13.00     73.00      0.00       1.8375    0.0291      1.00      1.00      2.00     10.00      0.00      18.1710    0.1968     12.00     17.00     23.00     59.00      0.00
  1.0000   0.1600       11.7005    0.1997      6.00      9.00     15.00     85.00      0.00       2.1780    0.0376      1.00      2.00      3.00     14.00      0.00      17.7615    0.1957     12.00     16.00     22.00     66.00      0.00
  1.0000   0.1400       13.1970    0.2225      6.00     11.00     17.00    113.00      0.00       2.4630    0.0431      1.00      2.00      3.00     16.00      0.00      16.9140    0.1905     12.00     16.00     22.00     66.00      0.00
  1.0000   0.1200       16.4700    0.2935      7.00     13.00     22.00    133.00      0.00       3.1755    0.0557      1.00      2.00      4.00     20.00      0.00      16.6480    0.1909     11.00     16.00     22.00     76.00      0.00
  1.0000   0.1000       20.6525    0.4013      9.00     16.00     26.00    172.00      0.00       4.0335    0.0781      2.00      3.00      5.00     63.00      0.00      15.7515    0.1920     11.00     14.00     21.00     61.00      0.00
  1.0000   0.0800       27.8860    0.5259     11.00     21.00     38.00    179.00      0.00       5.8260    0.1142      2.00      5.00      8.00     59.00      0.00      15.1995    0.1881     10.00     15.00     20.00     75.00      0.00
  1.0000   0.0600       41.4680    0.8482     15.00     30.00     56.00    368.00      0.00      10.4745    0.2317      3.00      8.00     14.00    125.00      0.00      13.9585    0.1960      9.00     13.00     19.00     59.00      0.00
  1.0000   0.0400       72.4930    1.6102     23.00     51.00     98.00   1015.00      0.00      27.6065    0.6540      7.00     18.00     38.00    399.00      0.00      10.8905    0.1982      2.00     11.00     17.00     45.00      0.00
  1.0000   0.0200      144.8950    3.2671     42.00     99.00    199.00   1509.00      0.00      92.9130    2.1323     23.00     63.00    131.00    665.00      0.00       5.1735    0.1720      0.00      1.00      9.00     46.00      0.00
  0.8000   0.2000       12.7175    0.2041      6.00     10.00     16.00     86.00      0.00       1.6565    0.0245      1.00      1.00      2.00     13.00      0.00      25.5915    0.2937     16.00     24.00     33.00     81.00      0.00
  0.8000   0.1800       14.5710    0.2345      7.00     12.00     19.00     90.00      0.00       1.8845    0.0304      1.00      1.00      2.00     12.00      0.00      24.4595    0.3029     15.00     23.00     32.00     96.00      0.00
  0.8000   0.1600       16.2470    0.2696      8.00     13.00     22.00     98.00      0.00       2.1495    0.0364      1.00      2.00      3.00     18.00      0.00      23.5910    0.2901     15.00     22.00     31.00     87.00      0.00
  0.8000   0.1400       19.2400    0.3525      9.00     15.00     25.00    142.00      0.00       2.5460    0.0448      1.00      2.00      3.00     15.00      0.00      23.1960    0.2951     14.00     21.00     31.00     90.00      0.00
  0.8000   0.1200       22.9870    0.4216     10.00     18.00     30.00    188.00      0.00       3.0160    0.0514      1.00      2.00      4.00     18.00      0.00      22.2690    0.2790     14.00     21.00     29.00     71.00      0.00
  0.8000   0.1000       29.5065    0.5844     12.00     22.00     39.00    225.00      0.00       4.0570    0.0792      1.00      3.00      6.00     45.00      0.00      20.7920    0.2847     12.00     19.00     28.00    100.00      0.00
  0.8000   0.0800       39.4625    0.7738     15.00     30.00     52.00    256.00      0.00       5.7905    0.1128      2.00      4.00      8.00     55.00      0.00      19.5225    0.2733     11.00     18.00     27.00     72.00      0.00
  0.8000   0.0600       56.3055    1.1994     19.00     40.00     75.00    447.00      0.00      10.3495    0.2381      3.00      8.00     14.00    112.00      0.00      17.2965    0.2846      7.00     16.00     25.00     81.00      0.00
  0.8000   0.0400       93.7585    2.0691     28.00     64.00    129.00    741.00      0.00      28.3610    0.6986      7.00     18.00     40.00    309.00      0.00      13.1235    0.2883      2.00     11.00     20.00     79.00      0.00
  0.8000   0.0200      157.8705    3.7346     44.00    109.00    213.00   1895.00      0.00      87.1675    2.0142     24.00     59.00    123.00    850.00      0.00       5.8815    0.2235      0.00      1.00      8.00     65.00      0.00
  0.6000   0.2000       20.6315    0.3529     10.00     17.00     27.00    149.00      0.00       1.6320    0.0239      1.00      1.00      2.00      8.00      0.00      39.3740    0.5559     21.00     35.00     53.00    155.00      0.00
  0.6000   0.1800       22.9430    0.4096     10.00     18.00     30.00    147.00      0.00       1.8645    0.0298      1.00      1.00      2.00     12.00      0.00      37.6675    0.5504     20.00     33.00     49.00    194.00      0.00
  0.6000   0.1600       26.6780    0.4878     12.00     21.00     35.00    188.00      0.00       2.1275    0.0367      1.00      2.00      3.00     16.00      0.00      36.8150    0.5289     20.00     32.00     50.00    220.00      0.00
  0.6000   0.1400       32.3400    0.6426     13.00     25.00     43.00    303.00      0.00       2.4805    0.0427      1.00      2.00      3.00     18.00      0.00      35.2680    0.5215     19.00     31.00     48.00    180.00      0.00
  0.6000   0.1200       35.8955    0.6660     15.00     27.00     48.00    213.00      0.00       3.0455    0.0550      1.00      2.00      4.00     22.00      0.00      32.2430    0.5027     15.00     29.00     44.00    150.00      0.00
  0.6000   0.1000       47.8525    0.9315     19.00     36.00     65.00    396.00      0.00       4.0850    0.0820      1.00      3.00      6.00     42.00      0.00      31.5550    0.4869     16.00     29.00     44.00    149.00      0.00
  0.6000   0.0800       63.1090    1.3154     22.00     45.00     87.00    459.00      0.00       5.9265    0.1223      2.00      5.00      8.00     74.00      0.00      28.3220    0.4838     12.00     25.00     41.00    163.00      0.00
  0.6000   0.0600       88.6850    1.8624     30.00     63.00    122.00    716.00      0.00      10.3130    0.2413      3.00      7.00     14.00    103.00      0.00      23.8225    0.4781      6.00     18.00     35.00    133.00      0.00
  0.6000   0.0400      126.4400    2.7779     38.00     90.00    176.00    941.00      0.00      28.8540    0.7107      8.00     18.00     39.00    260.00      0.00      16.1375    0.4172      1.00      9.00     26.00    128.00      0.00
  0.6000   0.0200      177.2185    3.9752     50.00    120.00    254.00   1302.00      0.00      91.4165    2.1659     23.00     60.00    129.00    979.00      0.00       5.3935    0.2729      0.00      1.00      4.00    118.00      0.00
  0.4000   0.2000       46.0165    0.9165     18.00     35.00     61.00    473.00      0.00       1.6650    0.0259      1.00      1.00      2.00     12.00      0.00      77.2365    1.3476     33.00     65.00    105.00    483.00      0.00
  0.4000   0.1800       49.5845    1.0142     19.00     37.00     66.00    480.00      0.00       1.8725    0.0294      1.00      1.00      2.00     11.00      0.00      71.5825    1.3107     30.00     57.00     96.00    485.00      0.00
  0.4000   0.1600       58.0660    1.2502     22.00     43.00     76.00    528.00      0.00       2.1090    0.0346      1.00      2.00      3.00     14.00      0.00      68.7725    1.2931     27.00     54.00     93.00    555.00      0.00
  0.4000   0.1400       70.0740    1.4015     26.00     52.00     95.00    672.00      0.00       2.5915    0.0448      1.00      2.00      3.00     16.00      0.00      65.6250    1.2090     26.00     52.00     91.00    391.00      0.00
  0.4000   0.1200       79.1750    1.6620     27.00     57.00    108.00    505.00      0.00       3.0870    0.0544      1.00      2.00      4.00     21.00      0.00      57.3510    1.1117     20.00     46.00     79.00    344.00      0.00
  0.4000   0.1000       94.3245    2.1525     30.00     63.00    128.00    977.00      0.00       4.1465    0.0821      2.00      3.00      6.00     51.00      0.00      50.5075    1.0412     16.00     40.00     72.00    355.00      0.00
  0.4000   0.0800      116.8270    2.5046     38.00     81.00    162.00    901.00      0.00       5.9445    0.1246      2.00      5.00      8.00     88.00      0.00      41.6815    0.9179     11.00     31.00     60.00    388.00      0.00
  0.4000   0.0600      141.5625    3.1668     44.00     95.00    191.00   1104.00      0.00      10.5545    0.2381      4.00      7.00     14.00    137.00      0.00      29.3445    0.7444      5.00     17.00     44.00    252.00      0.00
  0.4000   0.0400      173.4265    3.7595     47.00    127.00    248.00   1812.00      0.00      27.7595    0.6712      7.00     17.00     37.00    226.00      0.00      15.9730    0.5243      2.00      6.00     20.00    201.00      0.00
  0.4000   0.0200      196.3305    4.5603     57.00    132.00    264.00   1953.00      0.00      89.7510    2.0415     25.00     60.00    125.00    673.00      0.00       4.3515    0.2557      0.00      1.00      3.00    161.00      0.00
  0.2000   0.2000      138.7165    3.1134     41.00     95.00    191.00   1078.00      0.00       1.6370    0.0238      1.00      1.00      2.00     11.00      0.00     171.7735    3.8670     48.00    120.00    238.00   1508.00      0.00
  0.2000   0.1800      150.0315    3.3432     45.00    104.00    206.00   1559.00      0.00       1.8350    0.0295      1.00      1.00      2.00     12.00      0.00     153.5495    3.4628     45.00    106.00    215.00   1693.00      0.00
  0.2000   0.1600      153.9475    3.4006     47.00    109.00    212.00   1072.00      0.00       2.0855    0.0358      1.00      2.00      3.00     14.00      0.00     127.9745    2.8968     36.00     90.00    176.00    967.00      0.00
  0.2000   0.1400      161.6935    3.6560     47.00    111.00    229.00   1382.00      0.00       2.4845    0.0417      1.00      2.00      3.00     13.00      0.00     106.2835    2.5498     28.00     72.00    147.00   1112.00      0.00
  0.2000   0.1200      177.7325    3.8799     51.00    128.00    251.00   1560.00      0.00       3.1040    0.0549      1.00      2.00      4.00     17.00      0.00      86.2770    1.9841     21.00     60.00    122.00    825.00      0.00
  0.2000   0.1000      187.9865    4.3026     51.00    125.00    262.00   1513.00      0.00       4.0935    0.0789      2.00      3.00      5.00     44.00      0.00      65.6485    1.5951     14.00     43.00     91.00    521.00      0.00
  0.2000   0.0800      185.2625    4.0245     55.00    132.00    253.00   1302.00      0.00       5.9065    0.1243      2.00      4.00      8.00     96.00      0.00      41.7395    1.0292      9.00     26.00     60.00    384.00      0.00
  0.2000   0.0600      187.2925    3.9935     55.00    133.00    266.00   1236.00      0.00      10.6320    0.2468      4.00      8.00     14.00    112.00      0.00      24.5825    0.6566      5.00     14.00     34.00    255.00      0.00
  0.2000   0.0400      201.5675    4.3487     57.00    143.00    286.00   1320.00      0.00      28.7490    0.6947      8.00     18.00     39.00    250.00      0.00      11.8505    0.3880      2.00      6.00     14.00    145.00      0.00
  0.2000   0.0200      196.0885    4.3243     52.00    138.00    283.00   1352.00      0.00      89.0335    2.0792     23.00     59.00    121.00    655.00      0.00       2.8960    0.1484      0.00      1.00      3.00     95.00      0.00
