Amp Radius  OC_Mean OC_Std OC_Q1 OC_Med OC_Q3 OC_Max OC_Min  Exp_Mean Exp_Std Exp_Q1 Exp_Med Exp_Q3 Exp_Max Exp_Min  Num_Mean Num_Std Num_Q1 Num_Med Num_Q3 Num_Max Num_Min
  2.0000   0.2000        5.9485    0.1163      2.00      4.00      8.00     50.00      0.00       3.8065    0.0871      1.00      2.00      5.00     28.00      0.00       9.0340    0.0824      7.00     10.00     11.00     29.00      0.00
  2.0000   0.1800        6.6570    0.1314      2.00      5.00      9.00     68.00      0.00       4.5255    0.1048      1.00      3.00      6.00     39.00      0.00       8.6630    0.0840      6.00     10.00     11.00     25.00      0.00
  2.0000   0.1600        8.0525    0.1577      3.00      6.00     11.00     56.00      0.00       5.2760    0.1168      1.00      4.00      7.00     39.00      0.00       8.7310    0.0826      6.00     10.00     11.00     22.00      0.00
  2.0000   0.1400        9.2195    0.1789      3.00      7.00     13.00     58.00      0.00       6.2670    0.1412      2.00      4.00      9.00     43.00      0.00       8.4745    0.0805      6.00     10.00     11.00     24.00      0.00
  2.0000   0.1200       11.6015    0.2276      4.00      9.00     16.00     76.00      0.00       8.0995    0.1670      2.00      6.00     12.00     52.00      0.00       8.1910    0.0846      6.00      9.00     10.00     23.00      0.00
  2.0000   0.1000       15.0945    0.2918      5.00     11.00     21.00    105.00      0.00      10.3705    0.2094      3.00      8.00     15.00     61.00      0.00       7.9905    0.0829      6.00      9.00     10.00     20.00      0.00
  2.0000   0.0800       20.2305    0.3850      7.00     16.00     29.00    142.00      0.00      14.0445    0.2622      5.00     11.00     21.00     82.00      0.00       7.5945    0.0859      6.00      8.00     10.00     21.00      0.00
  2.0000   0.0600       30.0155    0.6157     10.00     23.00     41.00    222.00      0.00      21.2800    0.4109      7.00     17.00     31.00    142.00      0.00       7.2125    0.0885      5.00      8.00     10.00     20.00      0.00
  2.0000   0.0400       55.9195    1.1738     18.00     41.00     77.00    458.00      0.00      42.2500    0.8677     14.00     33.00     58.00    324.00      0.00       5.7315    0.0943      1.00      6.00     10.00     21.00      0.00
  2.0000   0.0200      117.3895    2.7118     34.00     79.00    162.00    947.00      0.00     104.8475    2.4667     31.00     70.00    144.00    947.00      0.00       2.6180    0.0809      0.00      0.00      6.00     16.00      0.00
  1.8000   0.2000        6.4155    0.1305      2.00      4.00      8.00     59.00      0.00       3.8095    0.0916      1.00      2.00      5.00     36.00      0.00       9.5785    0.0868      7.00     10.00     12.00     25.00      0.00
  1.8000   0.1800        7.4965    0.1540      3.00      5.00     10.00     63.00      0.00       4.5770    0.1100      1.00      3.00      6.00     43.00      0.00       9.4895    0.0851      7.00     10.00     12.00     26.00      0.00
  1.8000   0.1600        8.3830    0.1668      3.00      6.00     11.00     67.00      0.00       5.2230    0.1187      1.00      3.00      7.00     42.00      0.00       9.0795    0.0882      7.00     10.00     11.00     25.00      0.00
  1.8000   0.1400       10.1325    0.2037      3.00      7.00     14.00     78.00      0.00       6.1030    0.1391      1.00      4.00      9.00     50.00      0.00       9.0495    0.0910      7.00     10.00     11.00     31.00      0.00
  1.8000   0.1200       12.4925    0.2578      4.00      9.00     16.00    140.00      0.00       7.9010    0.1640      2.00      6.00     11.00     54.00      0.00       8.9600    0.0857      7.00     10.00     11.00     25.00      0.00
  1.8000   0.1000       15.9375    0.3263      5.00     12.00     22.00    139.00      0.00      10.0195    0.2033      3.00      7.00     15.00     62.00      0.00       8.4570    0.0878      6.00     10.00     11.00     27.00      0.00
  1.8000   0.0800       22.8135    0.4619      8.00     17.00     32.00    151.00      0.00      14.2240    0.2760      5.00     11.00     21.00     84.00      0.00       8.1105    0.0937      6.00      9.00     11.00     23.00      0.00
  1.8000   0.0600       34.6050    0.7171     12.00     27.00     46.00    246.00      0.00      21.8225    0.3985      8.00     18.00     32.00    162.00      0.00       7.3900    0.0980      5.00      8.00     10.00     24.00      0.00
  1.8000   0.0400       61.2355    1.3141     19.00     45.00     82.00    387.00      0.00      42.8405    0.8709     15.00     34.00     59.00    319.00      0.00       6.0550    0.1035      1.00      7.00     10.00     23.00      0.00
  1.8000   0.0200      121.1630    2.8771     33.00     82.00    170.00   1167.00      0.00     104.9225    2.4104     29.00     71.00    147.00   1089.00      0.00       2.8455    0.0931      0.00      0.00      6.00     20.00      0.00
  1.6000   0.2000        6.8675    0.1398      3.00      5.00      9.00     63.00      0.00       3.7340    0.0896      1.00      2.00      5.00     27.00      0.00      10.4730    0.1000      8.00     10.00     13.00     30.00      0.00
  1.6000   0.1800        8.0560    0.1606      3.00      6.00     11.00     63.00      0.00       4.3610    0.0984      1.00      3.00      6.00     37.00      0.00      10.5445    0.0958      8.00     11.00     13.00     35.00      0.00
  1.6000   0.1600        9.2185    0.1908      3.00      6.00     13.00     82.00      0.00       4.9965    0.1157      1.00      3.00      7.00     42.00      0.00      10.1125    0.0953      8.00     10.00     12.00     27.00      0.00
  1.6000   0.1400       11.3565    0.2233      4.00      8.00     16.00     69.00      0.00       6.4145    0.1410      2.00      4.00      9.00     38.00      0.00       9.6770    0.0972      7.00     10.00     12.00     28.00      0.00
  1.6000   0.1200       13.6290    0.2725      5.00     10.00     19.00    120.00      0.00       7.5965    0.1587      2.00      5.00     11.00     44.00      0.00       9.4810    0.1012      7.00     10.00     12.00     27.00      0.00
  1.6000   0.1000       18.5465    0.3809      6.00     14.00     25.00    176.00      0.00      10.2810    0.2044      3.00      8.00     15.00     80.00      0.00       9.1405    0.0983      7.00     10.00     11.00     26.00      0.00
  1.6000   0.0800       25.3865    0.5287      9.00     19.00     35.00    186.00      0.00      14.0695    0.2693      4.00     11.00     21.00     86.00      0.00       8.7400    0.1049      6.00     10.00     11.00     31.00      0.00
  1.6000   0.0600       38.2485    0.8382     12.00     27.00     51.00    350.00      0.00      21.3745    0.4057      7.00     17.00     31.00    138.00      0.00       7.8775    0.1094      5.00      9.00     11.00     24.00      0.00
  1.6000   0.0400       66.2310    1.4391     21.00     48.00     89.00    584.00      0.00      42.5575    0.8452     14.00     33.00     60.00    292.00      0.00       6.2630    0.1146      1.00      7.00     10.00     29.00      0.00
  1.6000   0.0200      129.0195    2.9030     37.00     91.00    178.00   1452.00      0.00     110.6930    2.5163     32.00     78.00    153.00   1451.00      0.00       3.1110    0.1019      0.00      0.00      6.00     23.00      0.00
  1.4000   0.2000        7.8580    0.1608      3.00      6.00     10.00     68.00      0.00       3.7210    0.0877      1.00      2.00      5.00     28.00      0.00      11.7210    0.1179      9.00     11.00     14.00     32.00      0.00
  1.4000   0.1800        9.0000    0.1746      3.00      7.00     12.00     57.00      0.00       4.4955    0.1045      1.00      3.00      6.00     33.00      0.00      11.6075    0.1140      9.00     11.00     14.00     37.00      0.00
  1.4000   0.1600       10.0225    0.2084      3.00      7.00     14.00     89.00      0.00       4.9675    0.1163      1.00      3.00      7.00     35.00      0.00      11.3220    0.1191      9.00     11.00     14.00     36.00      0.00
  1.4000   0.1400       12.9830    0.2680      4.00      9.00     18.00    109.00      0.00       6.4055    0.1383      2.00      4.00      9.00     39.00      0.00      10.8955    0.1157      8.00     11.00     14.00     35.00      0.00
  1.4000   0.1200       15.8255    0.3327      5.00     11.00     22.00    140.00      0.00       7.8235    0.1637      2.00      6.00     11.00     54.00      0.00      10.9220    0.1172      8.00     11.00     14.00     32.00      0.00
  1.4000   0.1000       20.6160    0.4317      7.00     15.00     28.00    155.00      0.00      10.1690    0.2012      3.00      8.00     14.00     51.00      0.00      10.2375    0.1200      7.00     10.00     13.00     29.00      0.00
  1.4000   0.0800       28.4615    0.5786     10.00     22.00     39.00    212.00      0.00      14.7310    0.2867      5.00     11.00     22.00    106.00      0.00       9.7120    0.1261      6.00     10.00     13.00     32.00      0.00
  1.4000   0.0600       43.6170    0.9652     13.00     31.00     59.00    378.00      0.00      21.3640    0.4049      7.00     18.00     32.00    190.00      0.00       9.2335    0.1308      6.00     10.00     13.00     31.00      0.00
  1.4000   0.0400       73.2475    1.6989     21.00     49.00    101.00    764.00      0.00      42.2570    0.9396     14.00     33.00     57.00    762.00      0.00       6.7610    0.1328      1.00      7.00     11.00     32.00      0.00
  1.4000   0.0200      138.6965    3.1489     40.00     95.00    192.00   1408.00      0.00     109.3365    2.4529     32.00     75.00    150.00    873.00      0.00       3.1645    0.1153      0.00      0.00      6.00     30.00      0.00
  1.2000   0.2000        9.1220    0.1762      4.00      7.00     12.00     75.00      0.00       3.7535    0.0890      1.00      2.00      5.00     31.00      0.00      14.1175    0.1457     10.00     13.00     18.00     40.00      0.00
  1.2000   0.1800       10.4865    0.2140      4.00      8.00     14.00     82.00      0.00       4.3575    0.1024      1.00      3.00      6.00     34.00      0.00      13.8800    0.1472     10.00     13.00     18.00     43.00      0.00
  1.2000   0.1600       12.1610    0.2442      4.00      9.00     16.00     99.00      0.00       5.0615    0.1147      1.00      3.00      7.00     38.00      0.00      13.2805    0.1465     10.00     12.00     17.00     44.00      0.00
  1.2000   0.1400       14.8550    0.3026      5.00     10.00     21.00    110.00      0.00       6.2630    0.1403      2.00      4.00      9.00     45.00      0.00      13.1925    0.1462     10.00     12.00     17.00     41.00      0.00
  1.2000   0.1200       18.0845    0.3858      6.00     13.00     25.00    167.00      0.00       7.7240    0.1665      2.00      5.00     11.00     65.00      0.00      12.5310    0.1483      9.00     12.00     16.00     40.00      0.00
  1.2000   0.1000       25.0845    0.5155      9.00     19.00     35.00    187.00      0.00      10.4320    0.2070      3.00      8.00     15.00     68.00      0.00      12.3725    0.1524      8.00     12.00     16.00     41.00      0.00
  1.2000   0.0800       34.4285    0.7432     10.00     25.00     48.00    322.00      0.00      13.9315    0.2630      4.00     11.00     21.00     73.00      0.00      11.5230    0.1574      7.00     11.00     16.00     38.00      0.00
  1.2000   0.0600       51.4150    1.0948     18.00     37.00     70.00    411.00      0.00      22.2610    0.4060      9.00     19.00     31.00    160.00      0.00      10.4395    0.1697      3.00     10.00     15.00     43.00      0.00
  1.2000   0.0400       85.7730    1.8677     27.00     60.00    120.00    821.00      0.00      43.1690    0.8595     15.00     35.00     60.00    316.00      0.00       7.7390    0.1662      1.00      7.00     13.00     48.00      0.00
  1.2000   0.0200      144.7050    3.1780     44.00    101.00    200.00   1092.00      0.00     110.4735    2.4892     33.00     76.00    153.00    999.00      0.00       3.6965    0.1372      0.00      0.00      6.00     38.00      0.00
  1.0000   0.2000       11.0095    0.2218      4.00      8.00     15.00     89.00      0.00       3.8670    0.0953      1.00      2.00      5.00     33.00      0.00      17.0035    0.2061     11.00     16.00     22.00     63.00      0.00
  1.0000   0.1800       13.2180    0.2699      5.00      9.00     18.00     95.00      0.00       4.5205    0.1059      1.00      3.00      6.00     30.00      0.00      17.4370    0.2001     11.00     17.00     23.00     60.00      0.00
  1.0000   0.1600       15.2530    0.3276      5.00     10.00     21.00    156.00      0.00       5.2240    0.1227      1.00      3.00      7.00     38.00      0.00      16.5850    0.1990     11.00     16.00     22.00     57.00      0.00
  1.0000   0.1400       18.2800    0.3913      6.00     13.00     25.00    156.00      0.00       6.2980    0.1407      2.00      4.00      9.00     42.00      0.00      16.5825    0.2027     11.00     16.00     22.00     56.00      0.00
  1.0000   0.1200       22.6615    0.4578      8.00     17.00     31.00    148.00      0.00       7.6655    0.1625      2.00      5.00     11.00     53.00      0.00      15.7300    0.2012     10.00     15.00     21.00     62.00      0.00
  1.0000   0.1000       29.7615    0.6502      9.00     21.00     41.00    321.00      0.00      10.0880    0.2042      3.00      7.00     15.00     52.00      0.00      14.8355    0.2027      9.00     15.00     20.00     66.00      0.00
  1.0000   0.0800       40.5525    0.8588     13.00     29.00     56.00    325.00      0.00      13.8440    0.2595      4.00     11.00     20.00     95.00      0.00      13.8050    0.2089      7.00     13.00     20.00     49.00      0.00
  1.0000   0.0600       58.0835    1.2887     17.00     40.00     81.00    510.00      0.00      21.5710    0.4155      7.00     17.00     31.00    167.00      0.00      12.5135    0.2183      3.00     12.00     19.00     52.00      0.00
  1.0000   0.0400       90.1875    1.9808     27.00     62.00    124.00    634.00      0.00      42.4225    0.8776     14.00     33.00     58.00    462.00      0.00       9.3365    0.2179      1.00      7.00     16.00     54.00      0.00
  1.0000   0.0200      154.2515    3.3928     44.00    107.00    217.00   1342.00      0.00     109.5695    2.3723     31.00     78.00    154.00    695.00      0.00       4.2820    0.1724      0.00      0.00      5.00     48.00      0.00
  0.8000   0.2000       14.3820    0.2826      6.00     11.00     19.00    150.00      0.00       3.6720    0.0874      1.00      2.00      5.00     40.00      0.00      23.7430    0.2866     15.00     22.00     31.00     79.00      0.00
  0.8000   0.1800       16.8735    0.3533      6.00     12.00     23.00    140.00      0.00       4.4320    0.1022      1.00      3.00      6.00     33.00      0.00      23.3310    0.2981     14.00     22.00     31.00     80.00      0.00
  0.8000   0.1600       19.0045    0.3800      7.00     14.00     26.00    177.00      0.00       5.0825    0.1141      1.00      3.00      7.00     39.00      0.00      22.6545    0.2909     14.00     21.00     30.00     87.00      0.00
  0.8000   0.1400       23.4535    0.5162      8.00     16.00     31.00    249.00      0.00       6.0230    0.1310      2.00      4.00      9.00     57.00      0.00      21.2925    0.2897     12.00     20.00     29.00     71.00      0.00
  0.8000   0.1200       28.8765    0.6312     10.00     20.00     38.00    268.00      0.00       7.5945    0.1640      2.00      5.00     11.00     56.00      0.00      21.0955    0.3029     11.00     20.00     29.00     99.00      0.00
  0.8000   0.1000       38.2010    0.7947     13.00     27.00     52.00    245.00      0.00      10.6355    0.2059      3.00      8.00     16.00     62.00      0.00      19.9315    0.3085     10.00     19.00     28.00     85.00      0.00
  0.8000   0.0800       51.6275    1.1146     15.00     36.00     70.00    361.00      0.00      14.0395    0.2716      4.00     11.00     20.00     84.00      0.00      17.6780    0.3047      6.00     17.00     26.00     76.00      0.00
  0.8000   0.0600       73.1390    1.6315     21.00     50.00    100.00    596.00      0.00      20.7745    0.4010      7.00     17.00     30.00    227.00      0.00      15.4575    0.3131      2.00     13.00     24.00     79.00      0.00
  0.8000   0.0400      106.0010    2.4106     30.00     74.00    147.00   1070.00      0.00      41.3305    0.8498     14.00     32.00     58.00    305.00      0.00      10.5485    0.2869      1.00      3.00     19.00     70.00      0.00
  0.8000   0.0200      155.8665    3.4377     46.00    110.00    216.00   1260.00      0.00     107.5595    2.4215     32.00     75.00    147.00    899.00      0.00       4.2235    0.2035      0.00      0.00      2.00     59.00      0.00
  0.6000   0.2000       20.3190    0.4321      8.00     15.00     26.00    274.00      0.00       3.7925    0.0911      1.00      2.00      5.00     37.00      0.00      35.6320    0.5007     20.00     32.00     48.00    161.00      0.00
  0.6000   0.1800       23.2375    0.4634      9.00     18.00     30.00    192.00      0.00       4.4840    0.1033      1.00      3.00      6.00     36.00      0.00      35.4200    0.5130     20.00     32.00     48.00    211.00      0.00
  0.6000   0.1600       28.1270    0.6011     10.00     20.00     37.00    243.00      0.00       5.4910    0.1288      1.00      3.00      7.00     42.00      0.00      33.6820    0.4935     18.00     31.00     47.00    130.00      0.00
  0.6000   0.1400       33.2370    0.7214     11.00     24.00     44.00    282.00      0.00       6.5535    0.1412      2.00      4.00     10.00     51.00      0.00      32.9165    0.5073     17.00     30.00     46.00    144.00      0.00
  0.6000   0.1200       39.8860    0.8570     13.00     28.00     54.00    273.00      0.00       7.5390    0.1609      2.00      5.00     11.00     48.00      0.00      30.3755    0.4923     13.00     27.00     44.00    135.00      0.00
  0.6000   0.1000       51.4735    1.1100     16.00     36.00     70.00    315.00      0.00      10.1745    0.2079      3.00      7.00     15.00     54.00      0.00      29.5175    0.5192     10.00     27.00     43.00    136.00      0.00
  0.6000   0.0800       70.2255    1.5877     21.00     49.00     96.00    660.00      0.00      13.8165    0.2599      4.00     11.00     21.00     84.00      0.00      25.1615    0.4967      5.00     22.00     39.00    163.00      0.00
  0.6000   0.0600       94.2300    2.0856     28.00     66.00    130.00    790.00      0.00      21.2165    0.4203      7.00     17.00     30.00    157.00      0.00      21.5040    0.4998      2.00     15.00     36.00    149.00      0.00
  0.6000   0.0400      125.8465    2.7321     39.00     88.00    177.00   1189.00      0.00      41.4105    0.7993     15.00     33.00     58.00    256.00      0.00      13.6690    0.4332      1.00      3.00     23.00    125.00      0.00
  0.6000   0.0200      164.9595    3.6666     49.00    114.00    226.00   1228.00      0.00     105.5985    2.3571     32.00     74.00    145.00    931.00      0.00       4.9965    0.2880      0.00      0.00      2.00    114.00      0.00
  0.4000   0.2000       33.1505    0.6726     13.00     25.00     44.00    274.00      0.00       3.8335    0.0937      1.00      2.00      5.00     37.00      0.00      64.5965    1.0679     30.00     56.00     90.00    276.00      0.00
  0.4000   0.1800       38.2045    0.7742     15.00     28.00     51.00    276.00      0.00       4.3325    0.1013      1.00      3.00      6.00     36.00      0.00      61.0535    1.0476     25.00     51.00     86.00    289.00      0.00
  0.4000   0.1600       45.4770    0.9322     17.00     33.00     60.00    387.00      0.00       5.2000    0.1205      1.00      3.00      7.00     44.00      0.00      60.7780    1.0425     25.00     52.00     86.00    310.00      0.00
  0.4000   0.1400       53.6530    1.1348     18.00     38.00     73.00    457.00      0.00       6.3075    0.1357      2.00      4.00      9.00     41.00      0.00      57.4730    1.0815     22.00     47.00     81.00    297.00      0.00
  0.4000   0.1200       61.3290    1.2845     21.00     44.00     83.00    482.00      0.00       8.0395    0.1708      2.00      6.00     12.00     46.00      0.00      52.5980    1.0628     15.00     42.00     78.00    424.00      0.00
  0.4000   0.1000       78.9800    1.6576     27.00     57.00    107.00    832.00      0.00      10.1890    0.1977      3.00      8.00     15.00     59.00      0.00      49.9865    1.0578      9.00     40.00     75.00    294.00      0.00
  0.4000   0.0800       97.6275    2.1218     30.00     67.00    136.00    605.00      0.00      13.9910    0.2652      4.00     11.00     20.00    113.00      0.00      41.7650    1.0151      5.00     27.00     65.00    357.00      0.00
  0.4000   0.0600      127.6110    2.7440     40.00     91.00    176.00    875.00      0.00      21.7760    0.4176      7.00     17.00     31.00    141.00      0.00      31.2925    0.9397      2.00     11.00     49.00    399.00      0.00
  0.4000   0.0400      152.5910    3.3029     44.00    111.00    209.00   1063.00      0.00      42.2655    0.8714     15.00     32.00     59.00    305.00      0.00      17.2625    0.7210      1.00      3.00     16.00    244.00      0.00
  0.4000   0.0200      177.1235    3.8974     53.00    125.00    241.00   1375.00      0.00     107.3005    2.4309     31.00     77.00    147.00   1086.00      0.00       5.2390    0.3886      0.00      0.00      2.00    209.00      0.00
  0.2000   0.2000       94.1510    2.0221     31.00     65.00    132.00    637.00      0.00       4.0130    0.0936      1.00      2.00      5.00     31.00      0.00     156.0075    3.5064     43.00    106.00    221.00    991.00      0.00
  0.2000   0.1800      106.3045    2.2919     34.00     77.00    147.00    765.00      0.00       4.5365    0.1043      1.00      3.00      6.00     31.00      0.00     147.8675    3.3749     37.00    104.00    213.00   1145.00      0.00
  0.2000   0.1600      113.3395    2.4171     35.00     82.00    159.00    921.00      0.00       5.2980    0.1194      1.00      3.00      7.00     42.00      0.00     131.1860    3.2908     27.00     87.00    185.00   1539.00      0.00
  0.2000   0.1400      124.3170    2.8442     38.00     84.00    168.00   1104.00      0.00       6.3425    0.1476      2.00      4.00      9.00     69.00      0.00     115.1270    2.9563     21.00     71.00    163.00   1220.00      0.00
  0.2000   0.1200      142.2040    3.0323     45.00    100.00    196.00   1018.00      0.00       7.7660    0.1670      2.00      5.00     11.00     46.00      0.00      95.9455    2.5769     14.00     54.00    137.00    730.00      0.00
  0.2000   0.1000      148.8915    3.2561     45.00    104.00    210.00   1114.00      0.00      10.1785    0.2132      3.00      8.00     15.00    102.00      0.00      77.8775    2.3617      7.00     35.00    109.00    922.00      0.00
  0.2000   0.0800      162.1585    3.4585     51.00    118.00    222.00   1159.00      0.00      14.5955    0.2765      5.00     11.00     22.00    100.00      0.00      51.6120    1.7130      4.00     19.00     68.00    730.00      0.00
  0.2000   0.0600      172.0625    3.7770     49.00    121.00    243.00   1392.00      0.00      21.0750    0.4068      7.00     17.00     30.00    135.00      0.00      31.2905    1.3113      2.00      9.00     32.00    600.00      0.00
  0.2000   0.0400      182.8360    4.0983     52.00    127.00    254.00   1242.00      0.00      41.2790    0.8604     14.00     32.00     58.00    517.00      0.00      14.5905    0.8144      1.00      2.00     10.00    386.00      0.00
  0.2000   0.0200      197.5615    4.4404     59.00    141.00    265.00   1748.00      0.00     107.9810    2.3739     31.00     75.00    151.00    798.00      0.00       4.4010    0.4517      0.00      0.00      2.00    386.00      0.00
