Amp Radius  OC_Mean OC_Std OC_Q1 OC_Med OC_Q3 OC_Max OC_Min  Exp_Mean Exp_Std Exp_Q1 Exp_Med Exp_Q3 Exp_Max Exp_Min  Num_Mean Num_Std Num_Q1 Num_Med Num_Q3 Num_Max Num_Min
  2.0000   0.2000        4.2790    0.0654      2.00      3.00      5.00     23.00      0.00       2.2450    0.0449      1.00      1.00      3.00     17.00      0.00       9.2970    0.0801      7.00     10.00     12.00     29.00      0.00
  2.0000   0.1800        4.7975    0.0755      2.00      4.00      6.00     32.00      0.00       2.5645    0.0508      1.00      2.00      3.00     19.00      0.00       9.2230    0.0788      7.00     10.00     11.00     22.00      0.00
  2.0000   0.1600        5.5090    0.0902      3.00      4.00      7.00     31.00      0.00       2.9940    0.0607      1.00      2.00      4.00     22.00      0.00       9.0630    0.0760      7.00     10.00     11.00     21.00      0.00
  2.0000   0.1400        6.3020    0.1118      3.00      5.00      8.00     61.00      0.00       3.4870    0.0736      1.00      2.00      5.00     45.00      0.00       8.9860    0.0772      7.00     10.00     11.00     19.00      0.00
  2.0000   0.1200        7.9755    0.1487      3.00      6.00     10.00     77.00      0.00       4.7365    0.1088      2.00      3.00      6.00     76.00      0.00       8.7525    0.0766      7.00     10.00     11.00     24.00      0.00
  2.0000   0.1000       10.1190    0.2003      4.00      8.00     13.00     88.00      0.00       6.2570    0.1368      2.00      4.00      9.00     60.00      0.00       8.4735    0.0768      6.00     10.00     11.00     20.00      0.00
  2.0000   0.0800       14.0990    0.2891      5.00     10.00     19.00    177.00      0.00       9.5425    0.2386      3.00      6.00     13.00    177.00      0.00       8.2330    0.0816      6.00      9.00     11.00     20.00      0.00
  2.0000   0.0600       23.3025    0.5169      8.00     17.00     31.00    258.00      0.00      17.3520    0.4226      5.00     12.00     24.00    250.00      0.00       7.5365    0.0851      6.00      9.00     10.00     18.00      0.00
  2.0000   0.0400       53.3880    1.2593     15.00     35.00     72.00    590.00      0.00      44.7585    1.0638     12.00     29.00     60.00    393.00      0.00       6.0400    0.0968      1.00      7.00     10.00     20.00      0.00
  2.0000   0.0200      120.9535    2.7317     33.00     84.00    171.00   1178.00      0.00     112.3760    2.5929     30.00     77.00    159.00   1178.00      0.00       2.9410    0.0855      0.00      0.00      6.00     16.00      0.00
  1.8000   0.2000        4.6855    0.0749      2.00      4.00      6.00     43.00      0.00       2.2060    0.0445      1.00      1.00      3.00     23.00      0.00       9.9560    0.0846      8.00     10.00     12.00     28.00      0.00
  1.8000   0.1800        5.3580    0.0875      3.00      4.00      7.00     35.00      0.00       2.6260    0.0536      1.00      2.00      3.00     19.00      0.00       9.7820    0.0849      8.00     10.00     12.00     28.00      0.00
  1.8000   0.1600        5.9285    0.0961      3.00      5.00      8.00     38.00      0.00       2.9485    0.0590      1.00      2.00      4.00     20.00      0.00       9.6430    0.0806      8.00     10.00     12.00     21.00      0.00
  1.8000   0.1400        7.2485    0.1244      3.00      6.00     10.00     48.00      0.00       3.6150    0.0764      1.00      2.00      5.00     46.00      0.00       9.5345    0.0810      7.00     10.00     12.00     25.00      0.00
  1.8000   0.1200        8.7690    0.1551      4.00      7.00     11.00     67.00      0.00       4.7160    0.0953      2.00      3.00      7.00     49.00      0.00       9.2495    0.0806      7.00     10.00     11.00     26.00      0.00
  1.8000   0.1000       11.0380    0.2132      5.00      8.00     14.00    117.00      0.00       6.0905    0.1317      2.00      5.00      8.00    113.00      0.00       9.0395    0.0831      7.00     10.00     11.00     28.00      0.00
  1.8000   0.0800       16.0085    0.3434      6.00     11.00     21.00    146.00      0.00       9.3225    0.2251      3.00      6.00     13.00    145.00      0.00       8.5500    0.0847      7.00     10.00     11.00     23.00      0.00
  1.8000   0.0600       25.8640    0.5331      9.00     18.00     36.00    202.00      0.00      17.5750    0.3983      5.00     12.00     23.00    121.00      0.00       7.9385    0.0931      6.00      9.00     11.00     23.00      0.00
  1.8000   0.0400       55.3930    1.2437     16.00     39.00     77.00    514.00      0.00      43.6195    1.0007     11.00     30.00     61.00    399.00      0.00       6.5895    0.1037      1.00      7.00     10.00     21.00      0.00
  1.8000   0.0200      126.9825    2.9617     35.00     84.00    176.00   1057.00      0.00     115.0910    2.7383     31.00     75.00    157.00   1042.00      0.00       3.1570    0.0930      0.00      0.00      7.00     21.00      0.00
  1.6000   0.2000        5.2400    0.0832      3.00      4.00      7.00     29.00      0.00       2.2265    0.0446      1.00      1.00      3.00     19.00      0.00      10.8215    0.0894      9.00     11.00     13.00     27.00      0.00
  1.6000   0.1800        5.7480    0.0940      3.00      4.00      8.00     41.00      0.00       2.5080    0.0516      1.00      2.00      3.00     17.00      0.00      10.6870    0.0917      8.00     11.00     13.00     27.00      0.00
  1.6000   0.1600        6.7920    0.1142      3.00      5.00      9.00     43.00      0.00       3.0700    0.0654      1.00      2.00      4.00     30.00      0.00      10.3360    0.0871      8.00     11.00     12.00     24.00      0.00
  1.6000   0.1400        7.9715    0.1466      4.00      6.00     10.00     69.00      0.00       3.6565    0.0754      1.00      2.00      5.00     31.00      0.00      10.2455    0.0906      8.00     10.00     12.00     30.00      0.00
  1.6000   0.1200        9.8045    0.1864      4.00      7.00     13.00     82.00      0.00       4.5485    0.0957      1.00      3.00      6.00     41.00      0.00      10.0005    0.0899      8.00     10.00     12.00     27.00      0.00
  1.6000   0.1000       12.6265    0.2599      5.00      9.00     17.00    134.00      0.00       6.0590    0.1278      2.00      4.00      9.00     69.00      0.00       9.7235    0.0892      8.00     10.00     12.00     28.00      0.00
  1.6000   0.0800       18.0140    0.3701      7.00     13.00     24.00    139.00      0.00       9.5040    0.2185      3.00      7.00     13.00    106.00      0.00       9.2450    0.0948      7.00     10.00     11.00     28.00      0.00
  1.6000   0.0600       29.4920    0.6587     10.00     20.00     39.00    274.00      0.00      18.1350    0.4381      5.00     12.00     25.00    198.00      0.00       8.6785    0.1018      6.00     10.00     11.00     28.00      0.00
  1.6000   0.0400       59.7445    1.3425     18.00     42.00     79.00    568.00      0.00      43.5155    1.0523     11.00     29.00     60.00    431.00      0.00       7.0315    0.1171      1.00      8.00     11.00     28.00      0.00
  1.6000   0.0200      129.6855    2.8817     37.00     88.00    183.00    963.00      0.00     113.8935    2.5567     31.00     77.00    161.00    739.00      0.00       3.5120    0.1077      0.00      0.00      7.00     21.00      0.00
  1.4000   0.2000        5.9970    0.0997      3.00      5.00      8.00     34.00      0.00       2.2495    0.0456      1.00      1.00      3.00     16.00      0.00      12.0955    0.1084     10.00     12.00     15.00     32.00      0.00
  1.4000   0.1800        6.7660    0.1127      3.00      5.00      9.00     41.00      0.00       2.5240    0.0520      1.00      2.00      3.00     22.00      0.00      12.2340    0.1092     10.00     12.00     15.00     35.00      0.00
  1.4000   0.1600        7.7540    0.1384      4.00      6.00     10.00     50.00      0.00       3.0365    0.0637      1.00      2.00      4.00     23.00      0.00      11.5425    0.1050      9.00     11.00     14.00     34.00      0.00
  1.4000   0.1400        9.4195    0.1758      4.00      7.00     12.00     80.00      0.00       3.7300    0.0797      1.00      3.00      5.00     35.00      0.00      11.4700    0.1104      9.00     11.00     14.00     42.00      0.00
  1.4000   0.1200       11.2410    0.2125      5.00      9.00     15.00     85.00      0.00       4.4570    0.0921      1.00      3.00      6.00     62.00      0.00      11.3380    0.1139      9.00     11.00     14.00     41.00      0.00
  1.4000   0.1000       15.1360    0.2916      6.00     12.00     20.00    104.00      0.00       6.4180    0.1438      2.00      4.00      9.00     80.00      0.00      10.8260    0.1098      9.00     11.00     13.00     34.00      0.00
  1.4000   0.0800       21.1400    0.4620      8.00     15.00     28.00    271.00      0.00       9.4175    0.2164      3.00      7.00     13.00    113.00      0.00      10.4080    0.1116      8.00     11.00     13.00     36.00      0.00
  1.4000   0.0600       32.3200    0.6653     11.00     24.00     45.00    300.00      0.00      17.6860    0.4182      5.00     12.00     24.00    198.00      0.00       9.7695    0.1207      7.00     10.00     13.00     32.00      0.00
  1.4000   0.0400       65.1765    1.4245     19.00     45.00     93.00    501.00      0.00      43.9740    1.0550     11.00     28.00     60.00    343.00      0.00       7.3940    0.1337      1.00      8.00     12.00     30.00      0.00
  1.4000   0.0200      127.3695    2.9735     36.00     87.00    176.00   1121.00      0.00     106.4630    2.5508     28.00     70.00    142.00   1092.00      0.00       3.5720    0.1174      0.00      0.00      7.00     34.00      0.00
  1.2000   0.2000        7.1465    0.1192      3.00      6.00      9.00     55.00      0.00       2.2375    0.0451      1.00      1.00      3.00     15.00      0.00      14.1510    0.1395     10.00     13.00     18.00     40.00      0.00
  1.2000   0.1800        8.2915    0.1434      4.00      6.00     11.00     74.00      0.00       2.6665    0.0547      1.00      2.00      3.00     27.00      0.00      13.9045    0.1371     10.00     13.00     17.00     47.00      0.00
  1.2000   0.1600        9.4190    0.1757      4.00      7.00     12.00     73.00      0.00       3.0165    0.0656      1.00      2.00      4.00     23.00      0.00      13.6185    0.1389     10.00     13.00     17.00     41.00      0.00
  1.2000   0.1400       10.9530    0.1901      5.00      8.00     14.00     70.00      0.00       3.6230    0.0709      1.00      3.00      5.00     20.00      0.00      13.5390    0.1412     10.00     13.00     17.00     43.00      0.00
  1.2000   0.1200       14.2795    0.2759      6.00     11.00     19.00    116.00      0.00       4.7455    0.1005      2.00      3.00      7.00     49.00      0.00      13.3530    0.1410     10.00     12.00     17.00     45.00      0.00
  1.2000   0.1000       17.8315    0.3596      7.00     13.00     24.00    115.00      0.00       6.2085    0.1388      2.00      4.00      9.00     86.00      0.00      12.7115    0.1435      9.00     12.00     16.00     40.00      0.00
  1.2000   0.0800       24.3630    0.5262      8.00     17.00     32.00    272.00      0.00       9.0735    0.2199      3.00      6.00     12.00    147.00      0.00      12.0945    0.1494      9.00     12.00     16.00     50.00      0.00
  1.2000   0.0600       40.2575    0.8483     13.00     29.00     55.00    265.00      0.00      17.5860    0.4133      5.00     12.00     24.00    171.00      0.00      11.1395    0.1564      7.00     11.00     15.00     46.00      0.00
  1.2000   0.0400       73.9500    1.6583     21.00     51.00    104.00    539.00      0.00      44.2220    1.0395     11.00     29.00     62.00    328.00      0.00       8.4945    0.1632      1.00      9.00     13.00     38.00      0.00
  1.2000   0.0200      144.7620    3.2189     43.00    104.00    204.00   1286.00      0.00     115.3520    2.6078     33.00     82.00    165.00   1286.00      0.00       4.1075    0.1427      0.00      0.00      8.00     40.00      0.00
  1.0000   0.2000        8.8145    0.1540      4.00      7.00     11.00     48.00      0.00       2.2890    0.0466      1.00      1.00      3.00     17.00      0.00      17.6190    0.1884     12.00     17.00     22.00     71.00      0.00
  1.0000   0.1800       10.0480    0.1713      5.00      8.00     13.00     74.00      0.00       2.5640    0.0521      1.00      2.00      3.00     18.00      0.00      17.4655    0.1856     12.00     16.00     22.00     61.00      0.00
  1.0000   0.1600       12.0375    0.2153      5.00      9.00     16.00     93.00      0.00       3.1210    0.0640      1.00      2.00      4.00     26.00      0.00      17.1245    0.1901     12.00     16.00     22.00     55.00      0.00
  1.0000   0.1400       14.5330    0.2761      6.00     11.00     19.00    136.00      0.00       3.6465    0.0727      1.00      2.00      5.00     26.00      0.00      16.8955    0.1869     11.00     16.00     22.00     52.00      0.00
  1.0000   0.1200       17.7340    0.3428      7.00     13.00     24.00    129.00      0.00       4.6695    0.1024      1.00      3.00      6.00     58.00      0.00      16.5195    0.1830     11.00     16.00     21.00     56.00      0.00
  1.0000   0.1000       22.9835    0.4617      8.00     17.00     31.00    232.00      0.00       6.3450    0.1495      2.00      4.00      9.00    107.00      0.00      15.5780    0.1941     10.00     15.00     21.00     54.00      0.00
  1.0000   0.0800       30.9890    0.6370     11.00     22.00     42.00    235.00      0.00       9.5540    0.2299      3.00      7.00     13.00    160.00      0.00      14.8535    0.1966     10.00     14.00     21.00     53.00      0.00
  1.0000   0.0600       47.1185    1.0230     16.00     33.00     63.00    330.00      0.00      16.5925    0.3836      5.00     12.00     23.00    199.00      0.00      13.3465    0.2073      6.00     13.00     19.00     60.00      0.00
  1.0000   0.0400       85.5055    1.8604     25.00     60.00    120.00    680.00      0.00      43.4430    1.0092     12.00     29.00     61.00    483.00      0.00      10.0910    0.2107      1.00     10.00     16.00     50.00      0.00
  1.0000   0.0200      150.0615    3.3530     40.00    102.00    211.00   1278.00      0.00     109.8845    2.5115     27.00     73.00    158.00    908.00      0.00       4.5790    0.1725      0.00      0.00      7.00     45.00      0.00
  0.8000   0.2000       11.9005    0.2171      5.00      9.00     15.00    117.00      0.00       2.2405    0.0441      1.00      1.00      3.00     17.00      0.00      23.8900    0.2822     15.00     22.00     31.00     98.00      0.00
  0.8000   0.1800       13.3600    0.2390      6.00     11.00     17.00    107.00      0.00       2.5600    0.0505      1.00      2.00      3.00     15.00      0.00      23.5940    0.2805     15.00     22.00     31.00     82.00      0.00
  0.8000   0.1600       15.8155    0.2967      7.00     12.00     20.00    103.00      0.00       3.0295    0.0653      1.00      2.00      4.00     39.00      0.00      22.8420    0.2747     14.00     22.00     30.00     82.00      0.00
  0.8000   0.1400       18.6520    0.3413      8.00     14.00     24.00     96.00      0.00       3.6200    0.0756      1.00      2.00      5.00     33.00      0.00      22.2560    0.2863     13.00     21.00     30.00     92.00      0.00
  0.8000   0.1200       23.7330    0.4698      9.00     17.00     32.00    189.00      0.00       4.4530    0.0943      1.00      3.00      6.00     56.00      0.00      21.9705    0.2814     13.00     20.00     30.00     84.00      0.00
  0.8000   0.1000       31.2330    0.6723     11.00     22.00     42.00    350.00      0.00       6.1385    0.1328      2.00      4.00      8.00     64.00      0.00      20.6190    0.2867     12.00     19.00     29.00     79.00      0.00
  0.8000   0.0800       41.8625    0.8562     14.00     31.00     58.00    387.00      0.00       9.4675    0.2072      3.00      7.00     13.00     95.00      0.00      19.4725    0.2936     11.00     19.00     27.00    101.00      0.00
  0.8000   0.0600       61.5360    1.3980     19.00     43.00     81.00    751.00      0.00      17.4235    0.4279      5.00     12.00     23.00    207.00      0.00      16.8740    0.3011      5.00     16.00     26.00     92.00      0.00
  0.8000   0.0400      102.6070    2.3474     29.00     70.00    140.00    900.00      0.00      41.8095    1.0014     11.00     27.00     59.00    418.00      0.00      12.4445    0.2969      1.00      9.00     21.00     85.00      0.00
  0.8000   0.0200      169.7895    3.6668     51.00    120.00    237.00   1286.00      0.00     116.0610    2.5235     34.00     82.00    164.00    790.00      0.00       5.6170    0.2453      0.00      0.00      4.00     75.00      0.00
  0.6000   0.2000       17.8310    0.3375      8.00     14.00     23.00    213.00      0.00       2.2045    0.0432      1.00      1.00      3.00     22.00      0.00      36.9775    0.5027     21.00     33.00     49.00    143.00      0.00
  0.6000   0.1800       20.1645    0.3629      9.00     16.00     26.00    151.00      0.00       2.5135    0.0522      1.00      2.00      3.00     19.00      0.00      34.9755    0.4841     20.00     31.00     46.00    145.00      0.00
  0.6000   0.1600       24.2995    0.4684     10.00     18.00     32.00    170.00      0.00       2.9840    0.0618      1.00      2.00      4.00     21.00      0.00      35.0630    0.4935     19.00     32.00     48.00    146.00      0.00
  0.6000   0.1400       27.6390    0.5566     11.00     21.00     36.00    189.00      0.00       3.5795    0.0716      1.00      2.00      5.00     24.00      0.00      33.0955    0.4800     18.00     30.00     44.00    148.00      0.00
  0.6000   0.1200       35.5245    0.7066     13.00     27.00     48.00    310.00      0.00       4.5850    0.0935      1.00      3.00      6.00     36.00      0.00      32.5895    0.4889     17.00     29.00     45.00    168.00      0.00
  0.6000   0.1000       44.0835    0.9291     16.00     31.00     58.00    402.00      0.00       6.1735    0.1286      2.00      4.00      9.00     48.00      0.00      29.6855    0.4742     14.00     27.00     42.00    145.00      0.00
  0.6000   0.0800       60.6155    1.3129     20.00     43.00     80.00    469.00      0.00       9.5590    0.2207      3.00      7.00     13.00    144.00      0.00      27.4300    0.4981     10.00     24.00     40.00    156.00      0.00
  0.6000   0.0600       81.3745    1.7566     27.00     57.00    110.00    673.00      0.00      17.1330    0.4113      5.00     12.00     23.00    148.00      0.00      22.9750    0.4903      4.00     19.00     36.00    167.00      0.00
  0.6000   0.0400      126.5815    2.8748     37.00     88.00    175.00   1438.00      0.00      42.2930    1.0225     10.00     27.00     60.00    354.00      0.00      15.6710    0.4512      1.00      5.00     26.00    120.00      0.00
  0.6000   0.0200      174.4925    3.8754     53.00    122.00    240.00   1310.00      0.00     107.1820    2.4529     29.00     73.00    149.00    934.00      0.00       5.5325    0.2996      0.00      0.00      3.00    150.00      0.00
  0.4000   0.2000       33.8190    0.6392     14.00     27.00     44.00    219.00      0.00       2.2555    0.0458      1.00      1.00      3.00     16.00      0.00      67.1900    1.1468     31.00     57.00     93.00    345.00      0.00
  0.4000   0.1800       40.7720    0.8377     16.00     30.00     53.00    351.00      0.00       2.5475    0.0509      1.00      2.00      3.00     19.00      0.00      67.9700    1.1227     31.00     58.00     94.00    329.00      0.00
  0.4000   0.1600       45.6055    0.9016     18.00     33.00     60.00    323.00      0.00       3.0970    0.0626      1.00      2.00      4.00     22.00      0.00      63.8260    1.0936     28.00     54.00     88.00    352.00      0.00
  0.4000   0.1400       51.7970    1.0129     20.00     39.00     69.00    350.00      0.00       3.7375    0.0766      1.00      3.00      5.00     28.00      0.00      59.5120    1.0513     24.00     50.00     84.00    339.00      0.00
  0.4000   0.1200       63.9145    1.3273     23.00     47.00     86.00    505.00      0.00       4.6965    0.1052      1.00      3.00      6.00     72.00      0.00      56.8475    1.0751     20.00     46.00     82.00    290.00      0.00
  0.4000   0.1000       80.1520    1.7300     27.00     56.00    108.00    878.00      0.00       6.0870    0.1272      2.00      4.00      8.00     67.00      0.00      52.8200    1.0719     14.00     43.00     76.00    301.00      0.00
  0.4000   0.0800       99.0520    2.1880     33.00     68.00    130.00    953.00      0.00       9.7680    0.2241      3.00      7.00     14.00     83.00      0.00      41.7630    0.9545      7.00     29.00     62.00    335.00      0.00
  0.4000   0.0600      123.0085    2.7388     36.00     86.00    169.00   1150.00      0.00      17.4375    0.4374      5.00     11.00     23.00    179.00      0.00      30.1510    0.8496      3.00     14.00     45.00    314.00      0.00
  0.4000   0.0400      163.2860    3.6525     48.00    113.00    223.00   1472.00      0.00      42.6740    0.9754     12.00     30.00     59.00    402.00      0.00      18.7725    0.6805      1.00      4.00     24.00    225.00      0.00
  0.4000   0.0200      196.8255    4.3485     58.00    135.00    278.00   1652.00      0.00     111.6530    2.5354     30.00     79.00    155.00    981.00      0.00       5.5260    0.3568      0.00      0.00      3.00    159.00      0.00
  0.2000   0.2000      113.9225    2.4229     38.00     82.00    158.00    997.00      0.00       2.2535    0.0455      1.00      1.00      3.00     19.00      0.00     170.4910    3.9248     49.00    120.00    234.00   1529.00      0.00
  0.2000   0.1800      125.4475    2.8284     37.00     86.00    169.00    930.00      0.00       2.7595    0.0572      1.00      2.00      3.00     21.00      0.00     155.3835    3.5496     41.00    108.00    214.00   1353.00      0.00
  0.2000   0.1600      137.5040    2.9529     43.00     96.00    193.00   1031.00      0.00       2.9850    0.0627      1.00      2.00      4.00     40.00      0.00     138.5560    3.2383     35.00     92.00    191.00   1065.00      0.00
  0.2000   0.1400      139.1555    2.9810     43.00     95.00    195.00    918.00      0.00       3.6705    0.0763      1.00      3.00      5.00     41.00      0.00     111.5520    2.6119     25.00     76.00    157.00   1038.00      0.00
  0.2000   0.1200      157.1285    3.5095     46.00    110.00    217.00   1193.00      0.00       4.6600    0.0961      1.00      3.00      6.00     36.00      0.00      95.3725    2.5456     19.00     59.00    129.00   1143.00      0.00
  0.2000   0.1000      165.1340    3.6295     48.00    114.00    228.00   1308.00      0.00       6.5775    0.1593      2.00      5.00      9.00    118.00      0.00      70.9275    1.8802     11.00     40.00    104.00    709.00      0.00
  0.2000   0.0800      181.6640    4.0412     52.00    128.00    252.00   1677.00      0.00       9.4260    0.2075      3.00      7.00     13.00    106.00      0.00      51.2830    1.4590      7.00     28.00     70.00    716.00      0.00
  0.2000   0.0600      192.8540    4.1780     57.00    133.00    269.00   1370.00      0.00      18.1480    0.4462      5.00     12.00     24.00    200.00      0.00      29.4245    0.9937      3.00     12.00     37.00    395.00      0.00
  0.2000   0.0400      194.9630    4.4256     55.00    134.00    264.00   1555.00      0.00      42.9955    1.0021     12.00     29.00     59.00    355.00      0.00      14.0760    0.6895      1.00      3.00     13.00    461.00      0.00
  0.2000   0.0200      204.8610    4.5336     57.00    146.00    286.00   1633.00      0.00     114.4250    2.6185     30.00     78.00    161.00    992.00      0.00       3.3050    0.2398      0.00      0.00      2.00    179.00      0.00
