Amp Radius  OC_Mean OC_Std OC_Q1 OC_Med OC_Q3 OC_Max OC_Min  Exp_Mean Exp_Std Exp_Q1 Exp_Med Exp_Q3 Exp_Max Exp_Min  Num_Mean Num_Std Num_Q1 Num_Med Num_Q3 Num_Max Num_Min
  2.0000   0.2000        5.5170    0.1021      2.00      4.00      7.00     35.00      0.00       3.5565    0.0828      1.00      2.00      5.00     26.00      0.00       8.9830    0.0842      7.00     10.00     11.00     26.00      0.00
  2.0000   0.1800        6.4065    0.1227      2.00      5.00      9.00     45.00      0.00       4.0845    0.0929      1.00      2.00      6.00     31.00      0.00       8.8610    0.0813      7.00     10.00     11.00     23.00      0.00
  2.0000   0.1600        7.4290    0.1424      3.00      5.00     10.00     46.00      0.00       4.7835    0.1116      1.00      3.00      7.00     37.00      0.00       8.9400    0.0784      7.00     10.00     11.00     20.00      0.00
  2.0000   0.1400        8.8830    0.1732      3.00      6.00     12.00     55.00      0.00       5.8960    0.1329      2.00      4.00      8.00     42.00      0.00       8.6045    0.0785      7.00     10.00     11.00     22.00      0.00
  2.0000   0.1200       10.9730    0.2207      4.00      8.00     15.00     79.00      0.00       7.2805    0.1574      2.00      5.00     10.00     71.00      0.00       8.2775    0.0814      6.00     10.00     11.00     21.00      0.00
  2.0000   0.1000       14.0405    0.2751      5.00     11.00     19.00    121.00      0.00       9.6080    0.1949      3.00      7.00     14.00     61.00      0.00       8.2530    0.0811      6.00     10.00     10.00     19.00      0.00
  2.0000   0.0800       19.7895    0.4112      6.00     15.00     27.00    196.00      0.00      13.8425    0.2845      4.00     11.00     20.00    121.00      0.00       7.9200    0.0816      6.00      9.00     10.00     20.00      0.00
  2.0000   0.0600       31.0210    0.6625     10.00     23.00     43.00    306.00      0.00      23.1270    0.4989      7.00     17.00     32.00    214.00      0.00       7.0860    0.0906      5.00      8.00     10.00     20.00      0.00
  2.0000   0.0400       61.4835    1.4178     18.00     42.00     84.00    536.00      0.00      50.4895    1.1532     15.00     36.00     70.00    518.00      0.00       5.5240    0.0974      0.00      6.00     10.00     18.00      0.00
  2.0000   0.0200      128.8635    2.8264     36.00     90.00    180.00    982.00      0.00     121.9180    2.7343     34.00     83.00    168.00    945.00      0.00       2.6035    0.0823      0.00      0.00      6.00     16.00      0.00
  1.8000   0.2000        5.9225    0.1174      2.00      4.00      7.00     60.00      0.00       3.3935    0.0806      1.00      2.00      4.00     30.00      0.00       9.5910    0.0844      7.00     10.00     12.00     27.00      0.00
  1.8000   0.1800        6.7800    0.1366      3.00      5.00      9.00     78.00      0.00       3.9475    0.0924      1.00      2.00      5.00     35.00      0.00       9.4835    0.0822      7.00     10.00     12.00     28.00      0.00
  1.8000   0.1600        8.0555    0.1620      3.00      6.00     11.00     79.00      0.00       4.7120    0.1073      1.00      3.00      6.00     33.00      0.00       9.4020    0.0813      7.00     10.00     11.00     25.00      0.00
  1.8000   0.1400        9.6300    0.1911      4.00      7.00     13.00     85.00      0.00       5.9800    0.1311      2.00      4.00      8.00     52.00      0.00       9.1620    0.0848      7.00     10.00     11.00     28.00      0.00
  1.8000   0.1200       11.6600    0.2338      4.00      8.00     16.00     90.00      0.00       7.0990    0.1511      2.00      5.00     10.00     70.00      0.00       8.9230    0.0849      7.00     10.00     11.00     21.00      0.00
  1.8000   0.1000       15.3320    0.3116      5.00     11.00     21.00    149.00      0.00       9.6535    0.2048      3.00      7.00     14.00     96.00      0.00       8.5555    0.0852      6.00     10.00     11.00     22.00      0.00
  1.8000   0.0800       21.8755    0.4621      8.00     16.00     30.00    205.00      0.00      14.2590    0.2976      4.00     11.00     20.00    117.00      0.00       8.3010    0.0916      6.00     10.00     11.00     23.00      0.00
  1.8000   0.0600       34.8825    0.7743     12.00     25.00     46.00    327.00      0.00      23.3180    0.5039      8.00     18.00     32.00    327.00      0.00       7.5905    0.0942      6.00      9.00     10.00     21.00      0.00
  1.8000   0.0400       66.8315    1.5260     21.00     46.00     91.00    714.00      0.00      53.0455    1.2263     16.00     37.00     72.00    714.00      0.00       5.9080    0.1056      0.00      7.00     10.00     23.00      0.00
  1.8000   0.0200      125.5210    2.7848     34.00     84.00    179.00    814.00      0.00     115.3425    2.5842     32.00     78.00    164.00    723.00      0.00       2.6700    0.0899      0.00      0.00      6.00     21.00      0.00
  1.6000   0.2000        6.7515    0.1396      3.00      5.00      9.00     71.00      0.00       3.5490    0.0839      1.00      2.00      5.00     28.00      0.00      10.4260    0.0929      8.00     11.00     13.00     31.00      0.00
  1.6000   0.1800        7.7050    0.1530      3.00      6.00     10.00     67.00      0.00       4.0635    0.0934      1.00      2.00      5.00     33.00      0.00      10.2325    0.0914      8.00     10.00     12.00     26.00      0.00
  1.6000   0.1600        9.1505    0.1865      4.00      6.00     12.00     83.00      0.00       4.9870    0.1085      1.00      3.00      7.00     30.00      0.00      10.1595    0.0919      8.00     10.00     12.00     26.00      0.00
  1.6000   0.1400       10.8825    0.2108      4.00      8.00     15.00     79.00      0.00       5.9070    0.1269      2.00      4.00      8.00     45.00      0.00       9.9835    0.0922      8.00     10.00     12.00     28.00      0.00
  1.6000   0.1200       13.4110    0.2743      5.00     10.00     19.00    121.00      0.00       7.3430    0.1616      2.00      5.00     10.00     58.00      0.00       9.7295    0.0957      7.00     10.00     12.00     27.00      0.00
  1.6000   0.1000       17.0880    0.3601      6.00     13.00     23.00    174.00      0.00       9.6380    0.2017      3.00      7.00     14.00     71.00      0.00       9.4015    0.0959      7.00     10.00     11.00     26.00      0.00
  1.6000   0.0800       24.2625    0.5173      8.00     17.00     33.00    178.00      0.00      13.7920    0.2886      4.00     10.00     20.00    141.00      0.00       9.0120    0.1018      7.00     10.00     11.00     25.00      0.00
  1.6000   0.0600       37.2820    0.7832     12.00     27.00     52.00    236.00      0.00      22.8325    0.4792      7.00     17.00     32.00    162.00      0.00       8.2340    0.1116      6.00      9.00     11.00     38.00      0.00
  1.6000   0.0400       74.3015    1.6361     23.00     54.00    102.00    712.00      0.00      53.5830    1.2149     16.00     38.00     72.00    577.00      0.00       6.3070    0.1197      0.00      7.00     10.00     24.00      0.00
  1.6000   0.0200      135.0320    2.9215     40.00     96.00    189.00    886.00      0.00     120.1495    2.7373     34.00     81.00    169.00    886.00      0.00       3.0860    0.1032      0.00      0.00      6.00     22.00      0.00
  1.4000   0.2000        7.3770    0.1458      3.00      5.00     10.00     67.00      0.00       3.3975    0.0808      1.00      2.00      4.00     31.00      0.00      11.6840    0.1099      9.00     11.00     14.00     38.00      0.00
  1.4000   0.1800        8.4940    0.1720      3.00      6.00     11.00     90.00      0.00       3.9205    0.0888      1.00      2.00      5.00     29.00      0.00      11.5180    0.1130      9.00     11.00     14.00     31.00      0.00
  1.4000   0.1600       10.3215    0.1995      4.00      7.00     14.00     68.00      0.00       4.9025    0.1115      1.00      3.00      7.00     35.00      0.00      11.5410    0.1147      9.00     11.00     14.00     31.00      0.00
  1.4000   0.1400       11.8120    0.2466      4.00      8.00     16.00    173.00      0.00       5.5510    0.1232      1.00      4.00      8.00     63.00      0.00      11.1630    0.1102      9.00     11.00     13.00     31.00      0.00
  1.4000   0.1200       15.3480    0.3185      5.00     11.00     21.00    117.00      0.00       7.2015    0.1564      2.00      5.00     10.00     80.00      0.00      11.0215    0.1188      8.00     11.00     14.00     33.00      0.00
  1.4000   0.1000       19.8030    0.4419      6.00     14.00     26.00    184.00      0.00       9.6160    0.2111      2.00      7.00     14.00    102.00      0.00      10.5220    0.1168      8.00     10.00     13.00     29.00      0.00
  1.4000   0.0800       28.2455    0.5841      9.00     20.00     38.00    179.00      0.00      13.8315    0.2838      4.00     11.00     20.00     94.00      0.00      10.0985    0.1215      7.00     10.00     13.00     34.00      0.00
  1.4000   0.0600       42.2450    0.9312     13.00     30.00     56.00    377.00      0.00      23.1695    0.5031      7.00     17.00     32.00    243.00      0.00       9.0795    0.1301      6.00     10.00     12.00     37.00      0.00
  1.4000   0.0400       76.2920    1.7671     22.00     50.00    105.00    710.00      0.00      47.9615    1.0435     15.00     34.00     65.00    371.00      0.00       6.8960    0.1405      0.00      7.00     11.00     29.00      0.00
  1.4000   0.0200      136.1165    3.0326     36.00     94.00    189.00    973.00      0.00     116.0660    2.6440     31.00     79.00    163.00    907.00      0.00       3.2005    0.1154      0.00      0.00      6.00     26.00      0.00
  1.2000   0.2000        9.0140    0.1798      3.00      6.00     12.00     74.00      0.00       3.4255    0.0793      1.00      2.00      5.00     25.00      0.00      13.9090    0.1462     10.00     13.00     18.00     38.00      0.00
  1.2000   0.1800       10.0495    0.2040      4.00      7.00     13.00     83.00      0.00       4.0035    0.0927      1.00      2.00      5.00     34.00      0.00      13.6095    0.1465     10.00     13.00     17.00     41.00      0.00
  1.2000   0.1600       11.5705    0.2286      4.00      9.00     16.00     79.00      0.00       4.8930    0.1128      1.00      3.00      7.00     43.00      0.00      13.3710    0.1456     10.00     12.00     17.00     41.00      0.00
  1.2000   0.1400       14.3800    0.3097      5.00     10.00     19.00    129.00      0.00       5.7300    0.1247      1.00      4.00      8.00     53.00      0.00      13.0730    0.1463     10.00     12.00     17.00     38.00      0.00
  1.2000   0.1200       17.9415    0.3796      6.00     13.00     24.00    149.00      0.00       7.3295    0.1541      2.00      5.00     11.00     43.00      0.00      12.9755    0.1462     10.00     12.00     17.00     41.00      0.00
  1.2000   0.1000       23.2680    0.5028      7.00     16.00     32.00    269.00      0.00       9.5460    0.2018      3.00      7.00     14.00     69.00      0.00      12.1565    0.1481      9.00     11.00     16.00     36.00      0.00
  1.2000   0.0800       32.8720    0.7512     11.00     22.00     43.00    280.00      0.00      14.3425    0.3007      4.00     11.00     21.00    132.00      0.00      11.2800    0.1533      7.00     11.00     16.00     38.00      0.00
  1.2000   0.0600       50.2605    1.0982     15.00     35.00     71.00    397.00      0.00      23.5470    0.5282      7.00     17.00     32.00    299.00      0.00      10.3145    0.1651      4.00     10.00     15.00     61.00      0.00
  1.2000   0.0400       84.9215    1.8689     26.00     58.00    117.00    635.00      0.00      50.3695    1.1357     15.00     35.00     68.00    439.00      0.00       7.8035    0.1691      0.00      7.00     13.00     40.00      0.00
  1.2000   0.0200      151.8260    3.3714     45.00    104.00    213.00   1476.00      0.00     123.0345    2.7500     37.00     83.00    173.00    915.00      0.00       3.6825    0.1399      0.00      0.00      6.00     38.00      0.00
  1.0000   0.2000       11.3775    0.2340      5.00      8.00     15.00    117.00      0.00       3.6930    0.0875      1.00      2.00      5.00     33.00      0.00      17.3820    0.1928     11.00     17.00     23.00     51.00      0.00
  1.0000   0.1800       12.4490    0.2571      5.00      9.00     16.00    110.00      0.00       3.9930    0.0930      1.00      2.00      5.00     36.00      0.00      16.9155    0.1925     11.00     16.00     22.00     61.00      0.00
  1.0000   0.1600       14.4625    0.3001      5.00     10.00     20.00    110.00      0.00       4.7130    0.1082      1.00      3.00      6.00     31.00      0.00      16.6075    0.1948     11.00     16.00     22.00     59.00      0.00
  1.0000   0.1400       17.7070    0.3618      6.00     13.00     24.00    166.00      0.00       5.7385    0.1269      1.00      4.00      8.00     38.00      0.00      16.8135    0.2023     11.00     16.00     22.00     63.00      0.00
  1.0000   0.1200       22.3125    0.4706      7.00     16.00     30.00    165.00      0.00       7.2910    0.1657      2.00      5.00     10.00     77.00      0.00      16.3230    0.2040     11.00     16.00     22.00     53.00      0.00
  1.0000   0.1000       29.2075    0.6442     10.00     21.00     38.00    294.00      0.00       9.6675    0.1987      3.00      7.00     14.00     73.00      0.00      15.4205    0.2042     10.00     15.00     21.00     69.00      0.00
  1.0000   0.0800       39.3575    0.8554     12.00     27.00     54.00    345.00      0.00      13.8965    0.3025      4.00     10.00     20.00    220.00      0.00      13.9980    0.2088      8.00     13.00     20.00     56.00      0.00
  1.0000   0.0600       60.9465    1.2984     20.00     43.00     84.00    384.00      0.00      24.2465    0.5109      8.00     19.00     34.00    228.00      0.00      12.1535    0.2120      3.00     11.00     19.00     46.00      0.00
  1.0000   0.0400       98.6350    2.1545     28.00     69.00    135.00    711.00      0.00      52.2530    1.1664     16.00     37.00     72.00    557.00      0.00       9.1735    0.2155      0.00      7.00     16.00     68.00      0.00
  1.0000   0.0200      152.4240    3.4803     41.00    103.00    210.00   1089.00      0.00     116.4360    2.6359     33.00     79.00    160.00   1038.00      0.00       3.6610    0.1649      0.00      0.00      2.00     63.00      0.00
  0.8000   0.2000       13.5930    0.2654      5.00     10.00     18.00     93.00      0.00       3.5475    0.0870      1.00      2.00      4.00     30.00      0.00      23.0540    0.2885     14.00     21.00     30.00     75.00      0.00
  0.8000   0.1800       15.6985    0.3230      6.00     11.00     21.00    119.00      0.00       4.1300    0.0981      1.00      2.00      5.00     35.00      0.00      22.3555    0.2865     13.00     21.00     30.00     90.00      0.00
  0.8000   0.1600       19.9350    0.4263      7.00     14.00     26.00    203.00      0.00       4.6960    0.1122      1.00      3.00      6.00     37.00      0.00      22.6445    0.2858     14.00     21.00     30.00     96.00      0.00
  0.8000   0.1400       23.4940    0.4976      8.00     17.00     31.00    171.00      0.00       5.7390    0.1247      1.00      4.00      8.00     33.00      0.00      21.7720    0.2868     13.00     21.00     29.00     88.00      0.00
  0.8000   0.1200       28.5040    0.6102     10.00     20.00     38.00    213.00      0.00       7.3620    0.1604      2.00      5.00     11.00     65.00      0.00      21.3025    0.2962     12.00     20.00     29.00     79.00      0.00
  0.8000   0.1000       37.6790    0.8249     11.00     27.00     50.00    296.00      0.00       9.5900    0.2013      3.00      7.00     14.00     62.00      0.00      20.2285    0.2973     11.00     20.00     29.00     83.00      0.00
  0.8000   0.0800       52.4115    1.1340     16.00     38.00     72.00    352.00      0.00      13.9480    0.2987      4.00     10.00     20.00    133.00      0.00      18.7640    0.3129      8.00     18.00     27.00     99.00      0.00
  0.8000   0.0600       73.0825    1.6351     22.00     51.00    100.00    663.00      0.00      22.9540    0.4774      7.00     18.00     32.00    172.00      0.00      15.4560    0.3120      2.00     13.00     25.00     79.00      0.00
  0.8000   0.0400      106.2300    2.4115     30.00     73.00    146.00    970.00      0.00      50.2745    1.1222     15.00     35.00     68.00    446.00      0.00      10.5535    0.2929      0.00      3.00     19.00     80.00      0.00
  0.8000   0.0200      156.6105    3.5097     42.00    107.00    222.00   1320.00      0.00     116.3940    2.6435     32.00     79.00    159.00    981.00      0.00       4.6730    0.2268      0.00      0.00      2.00     72.00      0.00
  0.6000   0.2000       20.1470    0.4139      8.00     15.00     26.00    163.00      0.00       3.5245    0.0841      1.00      2.00      4.00     31.00      0.00      35.4295    0.4801     21.00     33.00     48.00    140.00      0.00
  0.6000   0.1800       22.7805    0.4654      9.00     16.00     30.00    233.00      0.00       4.0160    0.0954      1.00      2.00      5.00     34.00      0.00      34.9250    0.4876     20.00     32.00     48.00    142.00      0.00
  0.6000   0.1600       27.3715    0.5847     10.00     19.00     37.00    224.00      0.00       4.6200    0.1031      1.00      3.00      7.00     40.00      0.00      34.2425    0.5209     17.00     31.00     47.00    173.00      0.00
  0.6000   0.1400       33.8720    0.7150     12.00     24.00     46.00    342.00      0.00       5.7345    0.1290      1.00      3.00      8.00     44.00      0.00      33.3085    0.5127     17.00     30.00     46.00    158.00      0.00
  0.6000   0.1200       39.6935    0.8518     13.00     28.00     55.00    315.00      0.00       7.3170    0.1593      2.00      5.00     10.00     58.00      0.00      31.4685    0.5042     15.00     28.00     44.00    136.00      0.00
  0.6000   0.1000       50.7765    1.1263     17.00     37.00     69.00    455.00      0.00       9.5485    0.1981      3.00      7.00     14.00     91.00      0.00      29.0840    0.5180      9.00     27.00     43.00    134.00      0.00
  0.6000   0.0800       63.2295    1.4010     20.00     43.00     87.00    616.00      0.00      13.8015    0.2767      4.00     11.00     20.00    108.00      0.00      25.3220    0.5042      5.00     22.00     38.00    196.00      0.00
  0.6000   0.0600       91.2310    2.0050     28.00     64.00    128.00    777.00      0.00      24.4950    0.5970      7.00     18.00     34.00    436.00      0.00      20.4735    0.4725      2.00     14.00     33.00    117.00      0.00
  0.6000   0.0400      128.0465    2.8100     39.00     92.00    179.00    989.00      0.00      50.4340    1.1110     16.00     37.00     67.00    394.00      0.00      13.6750    0.4307      1.00      3.00     23.00    112.00      0.00
  0.6000   0.0200      174.1885    3.8914     51.00    124.00    237.00   1578.00      0.00     121.6185    2.7418     32.00     85.00    173.00    814.00      0.00       5.0055    0.2904      0.00      0.00      2.00    109.00      0.00
  0.4000   0.2000       34.7835    0.6997     14.00     26.00     45.00    273.00      0.00       3.4960    0.0843      1.00      2.00      5.00     38.00      0.00      65.7240    1.0825     30.00     57.00     91.00    287.00      0.00
  0.4000   0.1800       38.9515    0.7695     15.00     29.00     52.00    245.00      0.00       4.1765    0.1000      1.00      2.00      5.00     29.00      0.00      63.3545    1.1006     26.00     55.00     88.00    319.00      0.00
  0.4000   0.1600       43.8595    0.8745     17.00     32.00     59.00    319.00      0.00       4.7590    0.1039      1.00      3.00      7.00     31.00      0.00      61.2595    1.0844     25.00     53.00     85.00    363.00      0.00
  0.4000   0.1400       53.1880    1.1041     18.00     39.00     72.00    395.00      0.00       5.8310    0.1250      2.00      4.00      8.00     44.00      0.00      59.6085    1.1048     20.00     51.00     86.00    361.00      0.00
  0.4000   0.1200       63.1385    1.3435     22.00     45.00     83.00    487.00      0.00       7.1430    0.1564      2.00      5.00     10.00     59.00      0.00      55.0665    1.1066     17.00     45.00     80.00    439.00      0.00
  0.4000   0.1000       75.7520    1.6149     25.00     54.00    103.00    484.00      0.00       9.5935    0.1964      3.00      7.00     14.00     67.00      0.00      47.3210    1.0180      8.00     38.00     72.00    311.00      0.00
  0.4000   0.0800       97.3980    2.1457     32.00     70.00    130.00    793.00      0.00      13.9650    0.2945      4.00     11.00     20.00    166.00      0.00      40.2320    0.9680      4.00     27.00     64.00    274.00      0.00
  0.4000   0.0600      118.7775    2.5966     36.00     82.00    166.00   1053.00      0.00      23.0815    0.4815      8.00     18.00     32.00    335.00      0.00      31.7585    0.9535      2.00     12.00     50.00    338.00      0.00
  0.4000   0.0400      158.3540    3.4521     48.00    113.00    219.00   1143.00      0.00      50.9230    1.2012     14.00     34.00     72.00    516.00      0.00      18.2390    0.7792      1.00      3.00     18.00    305.00      0.00
  0.4000   0.0200      178.8190    4.1133     48.00    122.00    247.00   1330.00      0.00     113.7860    2.5287     32.00     79.00    159.00    799.00      0.00       5.6840    0.4167      0.00      0.00      2.00    239.00      0.00
  0.2000   0.2000       98.1430    2.1110     32.00     69.00    130.00    825.00      0.00       3.4205    0.0811      1.00      2.00      4.00     26.00      0.00     165.6010    3.7127     50.00    116.00    229.00   1265.00      0.00
  0.2000   0.1800      107.7345    2.3131     34.00     77.00    154.00    812.00      0.00       4.2000    0.0993      1.00      2.00      6.00     43.00      0.00     154.3470    3.6467     36.00    104.00    218.00   1424.00      0.00
  0.2000   0.1600      114.5510    2.4086     38.00     81.00    157.00    671.00      0.00       4.6880    0.1066      1.00      3.00      6.00     33.00      0.00     134.5895    3.1976     27.00     88.00    192.00    943.00      0.00
  0.2000   0.1400      123.8785    2.6627     39.00     88.00    170.00   1027.00      0.00       5.8220    0.1289      1.00      4.00      8.00     41.00      0.00     113.5150    2.8608     20.00     72.00    161.00    982.00      0.00
  0.2000   0.1200      141.3335    3.1051     44.00     96.00    196.00   1188.00      0.00       7.0810    0.1506      2.00      5.00     10.00     47.00      0.00      96.9460    2.6647     14.00     53.00    136.00    837.00      0.00
  0.2000   0.1000      152.5540    3.3546     47.00    107.00    205.00   1049.00      0.00       9.3695    0.1918      3.00      7.00     14.00     52.00      0.00      72.2450    2.0925      8.00     36.00    101.00    734.00      0.00
  0.2000   0.0800      164.5360    3.7392     48.00    111.00    228.00   1390.00      0.00      13.7040    0.2871      4.00     11.00     20.00    145.00      0.00      53.3115    1.9096      3.00     17.00     71.00   1068.00      0.00
  0.2000   0.0600      181.9800    4.3065     48.00    121.00    247.00   1497.00      0.00      24.3280    0.5339      8.00     18.00     34.00    221.00      0.00      33.9535    1.4319      1.00      7.00     34.00    647.00      0.00
  0.2000   0.0400      192.9975    4.2510     57.00    133.00    265.00   1530.00      0.00      51.0455    1.1410     16.00     37.00     68.00    713.00      0.00      16.2555    0.9350      0.00      2.00     11.00    728.00      0.00
  0.2000   0.0200      195.7780    4.4315     54.00    138.00    272.00   1399.00      0.00     117.4760    2.6698     32.00     79.00    165.00    919.00      0.00       3.8305    0.3268      0.00      0.00      2.00    208.00      0.00
