Amp Radius  OC_Mean OC_Std OC_Q1 OC_Med OC_Q3 OC_Max OC_Min  Exp_Mean Exp_Std Exp_Q1 Exp_Med Exp_Q3 Exp_Max Exp_Min  Num_Mean Num_Std Num_Q1 Num_Med Num_Q3 Num_Max Num_Min
  2.0000   0.2000        4.0875    0.0589      2.00      3.00      5.00     25.00      0.00       1.9020    0.0381      1.00      1.00      2.00     18.00      0.00       9.2165    0.0799      7.00     10.00     12.00     23.00      0.00
  2.0000   0.1800        4.5205    0.0794      2.00      4.00      6.00     82.00      0.00       2.1660    0.0449      1.00      1.00      3.00     22.00      0.00       9.1315    0.0805      7.00     10.00     11.00     20.00      0.00
  2.0000   0.1600        5.1610    0.0866      3.00      4.00      6.00     47.00      0.00       2.6355    0.0626      1.00      2.00      3.00     32.00      0.00       8.8665    0.0793      7.00     10.00     11.00     21.00      0.00
  2.0000   0.1400        6.0655    0.1119      3.00      5.00      8.00     66.00      0.00       3.2640    0.0844      1.00      2.00      4.00     62.00      0.00       8.6675    0.0752      7.00      9.00     11.00     19.00      0.00
  2.0000   0.1200        7.7080    0.1620      3.00      6.00     10.00     96.00      0.00       4.4700    0.1353      1.00      3.00      5.00     80.00      0.00       8.4795    0.0770      6.00      9.00     11.00     23.00      0.00
  2.0000   0.1000       10.2355    0.2571      4.00      7.00     12.00    158.00      0.00       6.7630    0.2248      2.00      4.00      8.00    158.00      0.00       8.2695    0.0787      6.00      9.00     11.00     19.00      0.00
  2.0000   0.0800       17.2020    0.4326      5.00     10.00     22.00    185.00      0.00      13.1010    0.3889      2.00      6.00     16.00    154.00      0.00       7.8975    0.0814      6.00      9.00     11.00     17.00      0.00
  2.0000   0.0600       34.3835    0.9078      7.00     20.00     47.00    404.00      0.00      29.1310    0.8236      4.00     15.00     40.00    366.00      0.00       7.0920    0.0905      5.00      8.00     10.00     21.00      0.00
  2.0000   0.0400       68.4630    1.6494     16.00     44.00     95.00    645.00      0.00      63.0105    1.5632     13.00     40.00     87.00    521.00      0.00       5.5045    0.0987      0.00      6.00      9.00     18.00      0.00
  2.0000   0.0200      130.4970    3.0948     36.00     87.00    176.00   1432.00      0.00     124.9190    2.9587     33.00     83.00    169.00   1339.00      0.00       2.4165    0.0813      0.00      0.00      6.00     15.00      0.00
  1.8000   0.2000        4.4210    0.0641      3.00      4.00      6.00     33.00      0.00       1.8445    0.0353      1.00      1.00      2.00     19.00      0.00      10.0290    0.0844      8.00     10.00     12.00     24.00      0.00
  1.8000   0.1800        4.9765    0.0829      3.00      4.00      6.00     43.00      0.00       2.2380    0.0504      1.00      1.00      3.00     37.00      0.00       9.7435    0.0796      8.00     10.00     12.00     23.00      0.00
  1.8000   0.1600        5.6620    0.0944      3.00      4.00      7.00     54.00      0.00       2.6140    0.0566      1.00      2.00      3.00     33.00      0.00       9.5535    0.0796      8.00     10.00     12.00     22.00      0.00
  1.8000   0.1400        6.9755    0.1391      3.00      5.00      8.00    110.00      0.00       3.4680    0.1057      1.00      2.00      4.00    109.00      0.00       9.2520    0.0839      7.00     10.00     12.00     24.00      0.00
  1.8000   0.1200        8.5515    0.1906      4.00      6.00     10.00    107.00      0.00       4.6265    0.1473      1.00      3.00      5.00    105.00      0.00       9.0310    0.0812      7.00     10.00     11.00     23.00      0.00
  1.8000   0.1000       11.4205    0.2841      4.00      8.00     13.00    228.00      0.00       7.0885    0.2402      2.00      4.00      8.00    208.00      0.00       8.6940    0.0848      7.00     10.00     11.00     23.00      0.00
  1.8000   0.0800       18.9600    0.4713      6.00     12.00     24.00    194.00      0.00      13.3565    0.4135      3.00      7.00     17.00    189.00      0.00       8.3655    0.0881      6.00      9.00     11.00     22.00      0.00
  1.8000   0.0600       34.6425    0.8977      8.00     21.00     47.00    424.00      0.00      28.1450    0.8044      5.00     15.00     39.00    423.00      0.00       7.3165    0.0978      5.00      8.00     11.00     24.00      0.00
  1.8000   0.0400       69.3710    1.6448     16.00     46.00    100.00    832.00      0.00      62.3865    1.5278     13.00     40.00     92.00    488.00      0.00       5.5465    0.1061      0.00      6.00     10.00     21.00      0.00
  1.8000   0.0200      136.3635    3.0399     38.00     98.00    188.00   1118.00      0.00     129.0830    2.9440     34.00     93.00    177.00   1118.00      0.00       2.5725    0.0876      0.00      0.00      6.00     19.00      0.00
  1.6000   0.2000        5.0955    0.0783      3.00      4.00      6.00     40.00      0.00       1.9230    0.0413      1.00      1.00      2.00     31.00      0.00      10.8255    0.0939      8.00     11.00     13.00     27.00      0.00
  1.6000   0.1800        5.5530    0.0880      3.00      4.00      7.00     44.00      0.00       2.1690    0.0447      1.00      1.00      3.00     29.00      0.00      10.6985    0.0900      8.00     11.00     13.00     29.00      0.00
  1.6000   0.1600        6.1650    0.1001      3.00      5.00      8.00     42.00      0.00       2.5070    0.0530      1.00      2.00      3.00     36.00      0.00      10.3395    0.0890      8.00     11.00     12.00     29.00      0.00
  1.6000   0.1400        7.5375    0.1412      4.00      6.00     10.00     82.00      0.00       3.2670    0.0835      1.00      2.00      4.00     50.00      0.00      10.1400    0.0860      8.00     10.00     12.00     28.00      0.00
  1.6000   0.1200        9.3785    0.1953      4.00      7.00     12.00    126.00      0.00       4.4715    0.1390      1.00      3.00      5.00    122.00      0.00      10.0010    0.0880      8.00     10.00     12.00     28.00      0.00
  1.6000   0.1000       12.8850    0.3045      5.00      9.00     16.00    121.00      0.00       7.2395    0.2476      2.00      4.00      8.00    121.00      0.00       9.3885    0.0936      7.00     10.00     12.00     27.00      0.00
  1.6000   0.0800       20.1005    0.4997      7.00     12.00     26.00    259.00      0.00      13.3390    0.4100      3.00      7.00     17.00    206.00      0.00       8.9585    0.0972      7.00     10.00     12.00     23.00      0.00
  1.6000   0.0600       37.1605    0.9230      9.00     23.00     51.00    403.00      0.00      28.4225    0.8011      5.00     15.00     39.00    399.00      0.00       7.9480    0.1073      5.00      9.00     11.00     31.00      0.00
  1.6000   0.0400       72.4675    1.6875     18.00     49.00    102.00    579.00      0.00      61.2935    1.5097     12.00     41.00     90.00    579.00      0.00       6.3090    0.1154      0.00      7.00     10.00     23.00      0.00
  1.6000   0.0200      140.7350    3.1419     37.00     97.00    196.00   1052.00      0.00     130.8345    2.9603     33.00     90.00    182.00   1052.00      0.00       2.8920    0.0989      0.00      0.00      6.00     25.00      0.00
  1.4000   0.2000        5.6350    0.0864      3.00      5.00      7.00     36.00      0.00       1.8905    0.0359      1.00      1.00      2.00     14.00      0.00      12.0505    0.1080      9.00     12.00     15.00     47.00      0.00
  1.4000   0.1800        6.4045    0.1058      3.00      5.00      8.00     65.00      0.00       2.1945    0.0437      1.00      1.00      3.00     21.00      0.00      11.7650    0.1079      9.00     12.00     14.00     39.00      0.00
  1.4000   0.1600        7.4000    0.1192      4.00      6.00      9.00     49.00      0.00       2.6360    0.0574      1.00      2.00      3.00     38.00      0.00      11.6015    0.1060      9.00     12.00     14.00     32.00      0.00
  1.4000   0.1400        8.4050    0.1438      4.00      7.00     11.00     76.00      0.00       3.1725    0.0734      1.00      2.00      4.00     35.00      0.00      11.3440    0.1046      9.00     11.00     14.00     33.00      0.00
  1.4000   0.1200       10.8525    0.2132      5.00      8.00     14.00    118.00      0.00       4.3670    0.1208      1.00      3.00      5.00     70.00      0.00      11.1250    0.1077      9.00     11.00     14.00     32.00      0.00
  1.4000   0.1000       14.6875    0.3505      6.00     10.00     18.00    201.00      0.00       7.1580    0.2231      2.00      4.00      8.00     99.00      0.00      10.5415    0.1047      8.00     11.00     13.00     33.00      0.00
  1.4000   0.0800       21.9920    0.5195      7.00     14.00     29.00    190.00      0.00      12.7635    0.3759      3.00      7.00     16.00    179.00      0.00      10.1015    0.1171      7.00     11.00     13.00     37.00      0.00
  1.4000   0.0600       42.0720    0.9992     12.00     28.00     57.00    400.00      0.00      29.9100    0.8047      5.00     17.00     42.00    328.00      0.00       9.0365    0.1239      6.00     10.00     12.00     30.00      0.00
  1.4000   0.0400       76.8275    1.7118     22.00     55.00    108.00    636.00      0.00      61.8625    1.4830     13.00     41.00     88.00    636.00      0.00       6.8600    0.1335      0.00      7.00     11.00     34.00      0.00
  1.4000   0.0200      147.1260    3.2644     40.00    104.00    209.00   1227.00      0.00     133.3285    3.0528     36.00     92.00    189.00   1227.00      0.00       3.0425    0.1105      0.00      0.00      6.00     24.00      0.00
  1.2000   0.2000        6.8870    0.1115      4.00      6.00      9.00     50.00      0.00       1.9620    0.0419      1.00      1.00      2.00     31.00      0.00      14.1245    0.1434     10.00     13.00     18.00     40.00      0.00
  1.2000   0.1800        7.6345    0.1232      4.00      6.00     10.00     51.00      0.00       2.1780    0.0443      1.00      1.00      3.00     23.00      0.00      13.8205    0.1386     10.00     13.00     17.00     45.00      0.00
  1.2000   0.1600        8.8575    0.1556      4.00      7.00     11.00     95.00      0.00       2.7045    0.0763      1.00      2.00      3.00     90.00      0.00      13.5455    0.1351     10.00     13.00     17.00     44.00      0.00
  1.2000   0.1400       10.0195    0.1849      5.00      8.00     13.00     94.00      0.00       3.1290    0.0752      1.00      2.00      4.00     37.00      0.00      13.0795    0.1316     10.00     12.00     16.00     40.00      0.00
  1.2000   0.1200       13.2265    0.2733      6.00     10.00     17.00    124.00      0.00       4.5700    0.1462      1.00      3.00      5.00    105.00      0.00      12.7175    0.1295     10.00     12.00     16.00     40.00      0.00
  1.2000   0.1000       16.8215    0.3768      6.00     12.00     21.00    185.00      0.00       6.8585    0.2162      2.00      4.00      8.00    113.00      0.00      12.3595    0.1379      9.00     12.00     15.00     40.00      0.00
  1.2000   0.0800       25.9205    0.5831      9.00     18.00     34.00    241.00      0.00      13.3265    0.3993      3.00      7.00     17.00    209.00      0.00      11.6270    0.1436      8.00     11.00     15.00     41.00      0.00
  1.2000   0.0600       46.9175    1.0578     13.00     31.00     66.00    389.00      0.00      28.8670    0.7677      5.00     16.00     40.00    255.00      0.00      10.5500    0.1567      6.00     11.00     15.00     40.00      0.00
  1.2000   0.0400       84.6100    1.8845     23.00     59.00    119.00    623.00      0.00      63.6185    1.5366     13.00     43.00     89.00    541.00      0.00       7.8695    0.1655      0.00      8.00     13.00     34.00      0.00
  1.2000   0.0200      147.8375    3.1984     41.00    105.00    208.00   1167.00      0.00     131.0520    2.9441     34.00     92.00    182.00   1154.00      0.00       3.6290    0.1417      0.00      0.00      6.00     47.00      0.00
  1.0000   0.2000        8.5335    0.1425      4.00      7.00     11.00     62.00      0.00       1.9420    0.0425      1.00      1.00      2.00     38.00      0.00      17.7045    0.1917     12.00     17.00     22.00     66.00      0.00
  1.0000   0.1800        9.7690    0.1681      5.00      8.00     12.00     71.00      0.00       2.2450    0.0548      1.00      1.00      3.00     56.00      0.00      17.4135    0.1853     12.00     16.00     22.00     56.00      0.00
  1.0000   0.1600       10.9290    0.1824      5.00      9.00     14.00     68.00      0.00       2.6605    0.0657      1.00      2.00      3.00     54.00      0.00      16.7550    0.1751     11.00     16.00     21.00     49.00      0.00
  1.0000   0.1400       13.3545    0.2488      6.00     10.00     17.00     90.00      0.00       3.3060    0.0879      1.00      2.00      4.00     73.00      0.00      16.2865    0.1777     11.00     15.00     21.00     65.00      0.00
  1.0000   0.1200       16.1575    0.3128      7.00     12.00     21.00    123.00      0.00       4.5870    0.1355      1.00      3.00      5.00     69.00      0.00      15.8260    0.1808     11.00     15.00     21.00     58.00      0.00
  1.0000   0.1000       22.5305    0.5008      8.00     16.00     28.00    245.00      0.00       7.2895    0.2368      2.00      4.00      8.00    144.00      0.00      15.2860    0.1812     10.00     15.00     20.00     51.00      0.00
  1.0000   0.0800       31.7425    0.7123     10.00     21.00     44.00    264.00      0.00      12.3690    0.3673      2.00      6.00     16.00    161.00      0.00      14.4035    0.1955      9.00     14.00     20.00     53.00      0.00
  1.0000   0.0600       55.9540    1.2431     17.00     38.00     76.00    383.00      0.00      30.4285    0.8631      5.00     16.00     42.00    383.00      0.00      12.6680    0.2084      4.00     12.00     18.00     56.00      0.00
  1.0000   0.0400       93.2410    2.1457     25.00     63.00    130.00    629.00      0.00      62.8790    1.5532     13.00     41.00     86.00    619.00      0.00       8.7200    0.2067      0.00      7.00     15.00     47.00      0.00
  1.0000   0.0200      154.5915    3.5373     43.00    106.00    220.00   1636.00      0.00     129.1500    3.0370     33.00     86.00    178.00   1413.00      0.00       3.8260    0.1668      0.00      0.00      3.00     46.00      0.00
  0.8000   0.2000       11.3130    0.1808      6.00      9.00     15.00     84.00      0.00       1.8930    0.0369      1.00      1.00      2.00     20.00      0.00      23.5640    0.2823     15.00     21.00     30.00     85.00      0.00
  0.8000   0.1800       12.8960    0.2105      7.00     11.00     16.00     84.00      0.00       2.2295    0.0519      1.00      1.00      3.00     42.00      0.00      23.5230    0.2734     15.00     22.00     30.00    103.00      0.00
  0.8000   0.1600       15.1645    0.2722      7.00     12.00     20.00    106.00      0.00       2.5130    0.0580      1.00      2.00      3.00     44.00      0.00      22.6685    0.2753     14.00     21.00     30.00     98.00      0.00
  0.8000   0.1400       17.4385    0.3214      8.00     13.00     22.00    120.00      0.00       3.2130    0.0790      1.00      2.00      4.00     50.00      0.00      22.1930    0.2817     13.00     20.00     29.00     91.00      0.00
  0.8000   0.1200       22.5210    0.4894      9.00     16.00     29.00    321.00      0.00       4.3645    0.1386      1.00      3.00      5.00    126.00      0.00      21.7495    0.2787     13.00     20.00     29.00     82.00      0.00
  0.8000   0.1000       30.5740    0.6654     11.00     21.00     41.00    356.00      0.00       7.2930    0.2518      2.00      4.00      8.00    157.00      0.00      20.6355    0.2808     12.00     20.00     28.00     73.00      0.00
  0.8000   0.0800       41.1505    0.9252     14.00     27.00     54.00    373.00      0.00      12.6910    0.3733      2.00      6.00     16.00    142.00      0.00      18.5735    0.2868     10.00     17.00     27.00     76.00      0.00
  0.8000   0.0600       65.1685    1.4668     20.00     45.00     88.00    503.00      0.00      28.9050    0.7886      5.00     17.00     40.00    356.00      0.00      16.3060    0.3016      3.00     15.00     25.00     76.00      0.00
  0.8000   0.0400      106.1735    2.3343     32.00     76.00    146.00   1116.00      0.00      61.6190    1.5130     13.00     41.00     87.00    525.00      0.00      11.3285    0.2888      0.00      7.00     19.00     80.00      0.00
  0.8000   0.0200      161.7695    3.4610     50.00    115.00    225.00   1156.00      0.00     128.3940    2.8647     35.00     92.00    178.00   1040.00      0.00       4.9945    0.2303      0.00      0.00      3.00     67.00      0.00
  0.6000   0.2000       18.0350    0.3047      9.00     15.00     23.00    132.00      0.00       1.9225    0.0349      1.00      1.00      2.00     15.00      0.00      36.7915    0.4846     21.00     33.00     49.00    140.00      0.00
  0.6000   0.1800       19.6420    0.3491      9.00     15.00     26.00    133.00      0.00       2.1670    0.0449      1.00      1.00      3.00     33.00      0.00      35.2540    0.4815     20.00     32.00     47.00    149.00      0.00
  0.6000   0.1600       24.1520    0.4520     11.00     18.00     31.00    210.00      0.00       2.6905    0.0658      1.00      2.00      3.00     40.00      0.00      35.3775    0.4957     19.00     32.00     48.00    247.00      0.00
  0.6000   0.1400       27.4400    0.5184     12.00     21.00     36.00    182.00      0.00       3.2280    0.0807      1.00      2.00      4.00     48.00      0.00      33.1125    0.4891     18.00     30.00     45.00    146.00      0.00
  0.6000   0.1200       32.8675    0.6748     13.00     24.00     44.00    332.00      0.00       4.6845    0.1487      1.00      3.00      5.00     83.00      0.00      30.9715    0.4774     15.00     27.00     42.00    134.00      0.00
  0.6000   0.1000       42.4375    0.8340     16.00     32.00     57.00    284.00      0.00       7.0770    0.2173      2.00      4.00      8.00    127.00      0.00      30.5515    0.4929     15.00     27.00     42.00    167.00      0.00
  0.6000   0.0800       59.5470    1.2655     20.00     43.00     81.00    539.00      0.00      13.3960    0.4185      3.00      7.00     17.00    240.00      0.00      26.8005    0.4734     10.00     24.00     40.00    134.00      0.00
  0.6000   0.0600       84.2890    1.8261     26.00     59.00    118.00    609.00      0.00      28.3785    0.7733      5.00     15.00     40.00    307.00      0.00      22.4215    0.4923      3.00     17.00     35.00    142.00      0.00
  0.6000   0.0400      128.4635    2.8909     35.00     87.00    177.00   1011.00      0.00      61.6555    1.5841     12.00     39.00     85.00    616.00      0.00      13.8925    0.4166      0.00      5.00     23.00    145.00      0.00
  0.6000   0.0200      173.9565    3.9841     47.00    117.00    240.00   1698.00      0.00     125.5440    2.9185     33.00     85.00    176.00   1087.00      0.00       6.0140    0.3305      0.00      0.00      2.00    119.00      0.00
  0.4000   0.2000       35.4665    0.6940     15.00     27.00     47.00    332.00      0.00       1.9320    0.0387      1.00      1.00      2.00     26.00      0.00      68.3470    1.1711     31.00     56.00     93.00    412.00      0.00
  0.4000   0.1800       39.4815    0.7698     16.00     30.00     52.00    328.00      0.00       2.1570    0.0476      1.00      1.00      3.00     34.00      0.00      64.7170    1.1039     28.00     55.00     89.00    341.00      0.00
  0.4000   0.1600       44.4465    0.9067     18.00     33.00     57.00    551.00      0.00       2.6400    0.0658      1.00      2.00      3.00     55.00      0.00      61.3340    1.0898     27.00     50.00     84.00    464.00      0.00
  0.4000   0.1400       52.2810    1.0518     19.00     38.00     71.00    481.00      0.00       3.3050    0.0948      1.00      2.00      4.00     78.00      0.00      59.8210    1.0953     24.00     48.00     84.00    382.00      0.00
  0.4000   0.1200       63.8975    1.3686     24.00     46.00     84.00    689.00      0.00       4.3520    0.1286      1.00      3.00      5.00    108.00      0.00      55.7290    1.0708     20.00     46.00     79.00    335.00      0.00
  0.4000   0.1000       77.0920    1.6274     26.00     55.00    105.00    659.00      0.00       7.0655    0.2254      2.00      4.00      8.00     97.00      0.00      48.2175    0.9626     14.00     38.00     70.00    286.00      0.00
  0.4000   0.0800       95.4420    2.0516     33.00     66.00    133.00    904.00      0.00      12.3475    0.3755      2.00      6.00     16.00    162.00      0.00      40.4160    0.9203      8.00     29.00     61.00    336.00      0.00
  0.4000   0.0600      122.3205    2.5537     40.00     88.00    172.00    848.00      0.00      28.1145    0.7613      5.00     16.00     39.00    280.00      0.00      30.4615    0.8380      2.00     14.00     49.00    267.00      0.00
  0.4000   0.0400      161.8320    3.6137     48.00    112.00    227.00   1351.00      0.00      63.0505    1.5435     13.00     41.00     89.00    482.00      0.00      17.7055    0.6631      0.00      4.00     22.00    211.00      0.00
  0.4000   0.0200      189.5345    4.2121     57.00    128.00    259.00   1502.00      0.00     126.5705    2.9416     32.00     87.00    174.00    975.00      0.00       5.8815    0.3910      0.00      0.00      2.00    168.00      0.00
  0.2000   0.2000      122.2035    2.6947     38.00     85.00    165.00   1120.00      0.00       1.9155    0.0362      1.00      1.00      2.00     18.00      0.00     169.1250    3.6495     52.00    119.00    238.00   1338.00      0.00
  0.2000   0.1800      128.7380    2.8076     42.00     92.00    176.00   1110.00      0.00       2.2365    0.0540      1.00      1.00      3.00     44.00      0.00     150.0775    3.2719     44.00    107.00    208.00   1241.00      0.00
  0.2000   0.1600      140.1840    3.0501     44.00     99.00    191.00   1081.00      0.00       2.6265    0.0576      1.00      2.00      3.00     29.00      0.00     132.1735    3.0115     37.00     91.00    182.00   1064.00      0.00
  0.2000   0.1400      146.5430    3.2943     42.00    102.00    202.00   1202.00      0.00       3.1805    0.0810      1.00      2.00      4.00     45.00      0.00     112.4890    2.7194     25.00     73.00    154.00    921.00      0.00
  0.2000   0.1200      162.3895    3.6280     47.00    112.00    227.00   1577.00      0.00       4.5895    0.1287      1.00      3.00      6.00     84.00      0.00      93.6570    2.3561     19.00     58.00    134.00    984.00      0.00
  0.2000   0.1000      175.1670    3.8639     53.00    125.00    247.00   1646.00      0.00       7.4455    0.2378      2.00      4.00      8.00    138.00      0.00      71.4720    1.8511     12.00     42.00    100.00    699.00      0.00
  0.2000   0.0800      187.5675    4.3212     55.00    125.00    257.00   1562.00      0.00      13.0390    0.4035      3.00      6.00     16.00    194.00      0.00      51.6940    1.5396      7.00     25.00     69.00    594.00      0.00
  0.2000   0.0600      192.9060    4.2888     55.00    138.00    270.00   1587.00      0.00      26.6965    0.7794      5.00     14.00     35.00    307.00      0.00      28.6410    0.9324      3.00     11.00     39.00    446.00      0.00
  0.2000   0.0400      195.8410    4.3623     57.00    140.00    274.00   1595.00      0.00      62.1550    1.5291     13.00     40.00     86.00    549.00      0.00      13.8980    0.6343      0.00      3.00     14.00    326.00      0.00
  0.2000   0.0200      200.3975    4.6774     53.00    132.00    270.00   1656.00      0.00     123.9335    2.9501     31.00     81.00    168.00   1058.00      0.00       3.3380    0.2335      0.00      0.00      2.00    124.00      0.00
