Amp Radius  OC_Mean OC_Std OC_Q1 OC_Med OC_Q3 OC_Max OC_Min  Exp_Mean Exp_Std Exp_Q1 Exp_Med Exp_Q3 Exp_Max Exp_Min  Num_Mean Num_Std Num_Q1 Num_Med Num_Q3 Num_Max Num_Min
  2.0000   0.2000        4.0135    0.0488      2.00      4.00      5.00     19.00      0.00       1.4670    0.0188      1.00      1.00      2.00      7.00      0.00       9.5065    0.1002      6.00     10.00     13.00     24.00      0.00
  2.0000   0.1800        4.3510    0.0535      3.00      4.00      5.00     17.00      0.00       1.6365    0.0231      1.00      1.00      2.00      8.00      0.00       9.4925    0.0995      6.00     10.00     13.00     25.00      0.00
  2.0000   0.1600        4.9425    0.0618      3.00      4.00      6.00     23.00      0.00       1.8715    0.0280      1.00      1.00      2.00      9.00      0.00       9.2410    0.0993      6.00     10.00     12.00     23.00      0.00
  2.0000   0.1400        5.5465    0.0722      3.00      5.00      7.00     29.00      0.00       2.1725    0.0340      1.00      2.00      3.00     13.00      0.00       8.9400    0.0981      6.00     10.00     12.00     22.00      0.00
  2.0000   0.1200        6.4175    0.0868      4.00      6.00      8.00     43.00      0.00       2.6240    0.0405      1.00      2.00      4.00     13.00      0.00       8.6450    0.0953      5.00     10.00     12.00     23.00      0.00
  2.0000   0.1000        8.0130    0.1152      4.00      7.00     11.00     39.00      0.00       3.4480    0.0569      2.00      3.00      5.00     26.00      0.00       8.3945    0.0947      5.00     10.00     12.00     19.00      0.00
  2.0000   0.0800       10.4325    0.1663      5.00      9.00     13.00     69.00      0.00       4.9035    0.0947      2.00      4.00      7.00     67.00      0.00       8.0430    0.0924      5.00      9.00     11.00     21.00      0.00
  2.0000   0.0600       15.2230    0.2897      7.00     12.00     19.00    129.00      0.00       8.0975    0.1744      3.00      6.00     11.00     84.00      0.00       7.4515    0.0933      3.00      8.00     11.00     19.00      0.00
  2.0000   0.0400       32.0405    0.7020     11.00     23.00     42.00    374.00      0.00      21.9905    0.5267      6.00     14.00     30.00    211.00      0.00       6.5640    0.0943      2.00      7.00     10.00     17.00      0.00
  2.0000   0.0200       95.6960    2.1032     30.00     68.00    132.00    961.00      0.00      82.2145    1.9055     23.00     56.00    115.00    959.00      0.00       3.6500    0.0885      0.00      2.00      7.00     15.00      0.00
  1.8000   0.2000        4.6095    0.0570      3.00      4.00      6.00     21.00      0.00       1.4990    0.0204      1.00      1.00      2.00      8.00      0.00      10.6945    0.1094      7.00     11.00     14.00     28.00      0.00
  1.8000   0.1800        5.0170    0.0619      3.00      4.00      6.00     25.00      0.00       1.6365    0.0225      1.00      1.00      2.00      8.00      0.00      10.5750    0.1036      7.00     11.00     14.00     26.00      0.00
  1.8000   0.1600        5.5015    0.0727      3.00      5.00      7.00     43.00      0.00       1.8445    0.0275      1.00      1.00      2.00      9.00      0.00      10.0420    0.1030      7.00     11.00     13.00     28.00      0.00
  1.8000   0.1400        6.2700    0.0834      4.00      5.00      8.00     41.00      0.00       2.1795    0.0335      1.00      2.00      3.00     12.00      0.00       9.8610    0.0992      7.00     11.00     13.00     25.00      0.00
  1.8000   0.1200        7.4355    0.1059      4.00      6.00     10.00     35.00      0.00       2.6380    0.0424      1.00      2.00      4.00     16.00      0.00       9.2840    0.0973      6.00     10.00     12.00     28.00      0.00
  1.8000   0.1000        9.1095    0.1386      5.00      8.00     12.00     74.00      0.00       3.4790    0.0577      2.00      3.00      5.00     24.00      0.00       9.0065    0.0953      6.00     10.00     12.00     23.00      0.00
  1.8000   0.0800       11.7245    0.1852      6.00     10.00     15.00     85.00      0.00       4.6750    0.0805      2.00      4.00      7.00     25.00      0.00       8.6975    0.0928      6.00     10.00     12.00     20.00      0.00
  1.8000   0.0600       17.1970    0.2991      8.00     14.00     22.00    135.00      0.00       7.9585    0.1686      3.00      6.00     11.00    103.00      0.00       8.1910    0.0944      5.00      9.00     11.00     21.00      0.00
  1.8000   0.0400       34.6890    0.7395     12.00     25.00     47.00    312.00      0.00      21.7560    0.5278      6.00     14.00     29.00    281.00      0.00       7.0375    0.0982      3.00      8.00     11.00     19.00      0.00
  1.8000   0.0200       96.3060    2.1569     27.00     67.00    134.00    779.00      0.00      78.0470    1.7639     19.00     53.00    111.00    557.00      0.00       3.8045    0.0953      0.00      2.00      8.00     18.00      0.00
  1.6000   0.2000        5.2305    0.0662      3.00      5.00      7.00     24.00      0.00       1.4950    0.0193      1.00      1.00      2.00      7.00      0.00      11.8030    0.1187      8.00     12.00     15.00     40.00      0.00
  1.6000   0.1800        5.8480    0.0756      3.00      5.00      8.00     30.00      0.00       1.5880    0.0222      1.00      1.00      2.00      9.00      0.00      11.5950    0.1145      8.00     12.00     15.00     31.00      0.00
  1.6000   0.1600        6.6620    0.0920      4.00      6.00      9.00     41.00      0.00       1.8415    0.0276      1.00      1.00      2.00     13.00      0.00      11.3710    0.1098      8.00     12.00     15.00     35.00      0.00
  1.6000   0.1400        7.2745    0.1034      4.00      6.00      9.00     45.00      0.00       2.1990    0.0344      1.00      2.00      3.00     14.00      0.00      10.8165    0.1047      8.00     11.00     14.00     26.00      0.00
  1.6000   0.1200        8.7385    0.1254      5.00      8.00     11.00     50.00      0.00       2.6560    0.0435      1.00      2.00      4.00     19.00      0.00      10.4495    0.1038      7.00     11.00     13.00     27.00      0.00
  1.6000   0.1000       10.3680    0.1624      5.00      9.00     14.00     91.00      0.00       3.3685    0.0585      1.00      3.00      5.00     22.00      0.00       9.8510    0.1009      7.00     11.00     13.00     28.00      0.00
  1.6000   0.0800       13.8980    0.2269      7.00     11.00     18.00     92.00      0.00       4.6515    0.0835      2.00      4.00      6.00     43.00      0.00       9.5660    0.0999      6.00     11.00     13.00     25.00      0.00
  1.6000   0.0600       21.0345    0.3921      9.00     17.00     28.00    188.00      0.00       8.4560    0.1893      3.00      6.00     11.00     92.00      0.00       8.8635    0.1025      6.00     10.00     12.00     33.00      0.00
  1.6000   0.0400       39.1700    0.8315     14.00     28.00     53.00    347.00      0.00      21.3790    0.5141      6.00     14.00     28.00    343.00      0.00       7.6805    0.1063      3.00      8.00     11.00     25.00      0.00
  1.6000   0.0200      109.5925    2.4400     33.00     75.00    149.00    943.00      0.00      82.9420    1.9355     21.00     57.00    116.00    751.00      0.00       4.2280    0.1034      0.00      2.00      8.00     25.00      0.00
  1.4000   0.2000        6.2150    0.0793      4.00      6.00      8.00     29.00      0.00       1.4750    0.0193      1.00      1.00      2.00      6.00      0.00      13.4315    0.1286     10.00     13.00     17.00     35.00      0.00
  1.4000   0.1800        6.8435    0.0891      4.00      6.00      9.00     29.00      0.00       1.6580    0.0239      1.00      1.00      2.00     10.00      0.00      12.9615    0.1242     10.00     13.00     16.00     35.00      0.00
  1.4000   0.1600        7.8225    0.1122      4.00      7.00     10.00     41.00      0.00       1.8395    0.0270      1.00      1.00      2.00     10.00      0.00      12.6945    0.1264      9.00     13.00     16.00     42.00      0.00
  1.4000   0.1400        8.8290    0.1218      5.00      8.00     12.00     38.00      0.00       2.1770    0.0345      1.00      2.00      3.00     13.00      0.00      12.1335    0.1164      9.00     12.00     15.00     35.00      0.00
  1.4000   0.1200       10.5805    0.1636      5.00      9.00     14.00     70.00      0.00       2.5950    0.0434      1.00      2.00      3.00     29.00      0.00      11.7575    0.1196      8.00     12.00     15.00     37.00      0.00
  1.4000   0.1000       13.3870    0.2074      7.00     11.00     18.00     77.00      0.00       3.5010    0.0589      2.00      3.00      5.00     25.00      0.00      11.3880    0.1166      8.00     12.00     14.00     38.00      0.00
  1.4000   0.0800       17.7050    0.2930      8.00     15.00     24.00    100.00      0.00       4.7895    0.0842      2.00      4.00      7.00     39.00      0.00      10.8760    0.1140      8.00     11.00     14.00     38.00      0.00
  1.4000   0.0600       26.3045    0.5037     11.00     20.00     35.00    192.00      0.00       8.2515    0.1923      3.00      6.00     11.00    120.00      0.00      10.0515    0.1133      7.00     11.00     13.00     28.00      0.00
  1.4000   0.0400       47.7550    0.9802     17.00     34.00     65.00    393.00      0.00      21.2265    0.5176      6.00     13.00     29.00    248.00      0.00       8.5150    0.1232      3.00      9.00     13.00     32.00      0.00
  1.4000   0.0200      113.9885    2.4775     35.00     81.00    157.00    795.00      0.00      77.5255    1.7823     22.00     53.00    107.00    720.00      0.00       4.6895    0.1190      0.00      2.00      9.00     28.00      0.00
  1.2000   0.2000        7.9585    0.1134      4.00      7.00     10.00     53.00      0.00       1.4705    0.0193      1.00      1.00      2.00      8.00      0.00      16.0330    0.1614     11.00     16.00     20.00     48.00      0.00
  1.2000   0.1800        8.7635    0.1218      5.00      8.00     11.00     46.00      0.00       1.6300    0.0226      1.00      1.00      2.00     11.00      0.00      15.6475    0.1614     11.00     15.00     20.00     48.00      0.00
  1.2000   0.1600        9.6430    0.1423      5.00      8.00     13.00     69.00      0.00       1.8460    0.0276      1.00      1.00      2.00     11.00      0.00      14.7400    0.1535     11.00     14.00     18.00     45.00      0.00
  1.2000   0.1400       11.3980    0.1714      6.00     10.00     15.00     94.00      0.00       2.1740    0.0332      1.00      2.00      3.00     11.00      0.00      14.6560    0.1503     11.00     14.00     18.00     48.00      0.00
  1.2000   0.1200       13.8355    0.2184      7.00     11.00     18.00     74.00      0.00       2.6780    0.0427      1.00      2.00      4.00     18.00      0.00      13.9825    0.1495     10.00     14.00     17.00     48.00      0.00
  1.2000   0.1000       16.4785    0.2787      8.00     14.00     22.00    138.00      0.00       3.2980    0.0550      1.00      3.00      5.00     19.00      0.00      13.1865    0.1410     10.00     13.00     17.00     40.00      0.00
  1.2000   0.0800       22.7840    0.4077     10.00     18.00     29.00    168.00      0.00       4.8000    0.0839      2.00      4.00      7.00     35.00      0.00      12.5690    0.1392      9.00     13.00     16.00     44.00      0.00
  1.2000   0.0600       33.5765    0.6431     14.00     25.00     44.00    251.00      0.00       7.9975    0.1829      3.00      6.00     10.00    116.00      0.00      11.4755    0.1400      7.00     12.00     15.00     39.00      0.00
  1.2000   0.0400       57.1320    1.2175     21.00     41.00     76.00    591.00      0.00      21.9030    0.5400      6.00     14.00     29.00    216.00      0.00       9.4890    0.1507      3.00     10.00     14.00     36.00      0.00
  1.2000   0.0200      127.8290    2.8752     36.00     87.00    178.00   1090.00      0.00      78.4235    1.8358     20.00     53.00    109.00    584.00      0.00       4.8895    0.1392      0.00      2.00      9.00     40.00      0.00
  1.0000   0.2000       10.4370    0.1496      6.00      9.00     14.00     53.00      0.00       1.4950    0.0195      1.00      1.00      2.00     10.00      0.00      19.8955    0.2189     13.00     19.00     25.00     75.00      0.00
  1.0000   0.1800       11.7930    0.1807      6.00     10.00     15.00     56.00      0.00       1.6460    0.0229      1.00      1.00      2.00      8.00      0.00      19.7280    0.2261     13.00     18.00     25.00     72.00      0.00
  1.0000   0.1600       13.4140    0.2042      7.00     11.00     17.00     78.00      0.00       1.8595    0.0265      1.00      1.00      2.00     10.00      0.00      18.9185    0.2167     13.00     18.00     24.00     72.00      0.00
  1.0000   0.1400       15.0335    0.2467      8.00     12.00     20.00    133.00      0.00       2.2195    0.0356      1.00      2.00      3.00     13.00      0.00      17.6425    0.2018     12.00     17.00     23.00     85.00      0.00
  1.0000   0.1200       17.5920    0.2994      8.00     14.00     23.00    130.00      0.00       2.5630    0.0408      1.00      2.00      3.00     12.00      0.00      16.8920    0.2079     11.00     16.00     22.00     80.00      0.00
  1.0000   0.1000       23.1660    0.4370     10.00     18.00     30.00    205.00      0.00       3.2820    0.0545      1.00      3.00      4.00     24.00      0.00      16.6915    0.2039     11.00     16.00     21.00     91.00      0.00
  1.0000   0.0800       30.5385    0.5436     14.00     24.00     40.00    207.00      0.00       4.8060    0.0885      2.00      4.00      7.00     44.00      0.00      15.1670    0.1909     10.00     15.00     20.00     75.00      0.00
  1.0000   0.0600       43.9255    0.8658     17.00     33.00     58.00    437.00      0.00       8.0205    0.1700      3.00      6.00     11.00     93.00      0.00      13.5485    0.1858      8.00     13.00     19.00     49.00      0.00
  1.0000   0.0400       73.8435    1.4971     25.00     56.00    101.00    494.00      0.00      22.7490    0.5636      6.00     14.00     31.00    308.00      0.00      10.7015    0.1961      2.00     11.00     16.00     66.00      0.00
  1.0000   0.0200      137.9995    3.0921     40.00     95.00    187.00   1069.00      0.00      78.2675    1.8465     20.00     52.00    108.00    718.00      0.00       5.1190    0.1654      0.00      1.00      9.00     44.00      0.00
  0.8000   0.2000       15.5935    0.2365      8.00     13.00     21.00     96.00      0.00       1.5030    0.0196      1.00      1.00      2.00     10.00      0.00      28.0685    0.3589     17.00     26.00     36.00    151.00      0.00
  0.8000   0.1800       17.2400    0.2821      8.00     14.00     23.00    105.00      0.00       1.6710    0.0233      1.00      1.00      2.00     10.00      0.00      26.6920    0.3480     16.00     24.00     35.00    102.00      0.00
  0.8000   0.1600       19.7685    0.3190     10.00     16.00     26.00    113.00      0.00       1.9100    0.0287      1.00      1.00      2.00     11.00      0.00      25.7330    0.3385     15.00     23.00     34.00    103.00      0.00
  0.8000   0.1400       22.7475    0.3989     11.00     18.00     30.00    157.00      0.00       2.2310    0.0348      1.00      2.00      3.00     11.00      0.00      24.2345    0.3240     15.00     22.00     31.00     95.00      0.00
  0.8000   0.1200       27.2495    0.4845     12.00     22.00     36.00    151.00      0.00       2.5985    0.0437      1.00      2.00      3.00     23.00      0.00      23.2080    0.3164     13.00     21.00     31.00     85.00      0.00
  0.8000   0.1000       34.4195    0.6554     14.00     26.00     47.00    276.00      0.00       3.4675    0.0622      1.00      3.00      5.00     39.00      0.00      21.7420    0.3088     13.00     19.00     29.00    115.00      0.00
  0.8000   0.0800       46.0160    0.8851     18.00     35.00     62.00    337.00      0.00       4.7245    0.0836      2.00      4.00      6.00     47.00      0.00      20.6755    0.3163     11.00     18.00     28.00     99.00      0.00
  0.8000   0.0600       64.1165    1.2788     22.00     48.00     90.00    453.00      0.00       8.2515    0.1763      3.00      6.00     11.00     83.00      0.00      16.9605    0.2952      6.00     15.00     24.00    107.00      0.00
  0.8000   0.0400      104.7870    2.2390     35.00     75.00    144.00   1010.00      0.00      21.9270    0.5333      6.00     14.00     29.00    200.00      0.00      12.3600    0.2622      2.00     10.00     19.00     65.00      0.00
  0.8000   0.0200      161.0760    3.6499     47.00    108.00    219.00   1170.00      0.00      80.2745    1.8147     23.00     56.00    111.00    764.00      0.00       5.3445    0.2066      0.00      1.00      6.00     66.00      0.00
  0.6000   0.2000       26.6745    0.4633     12.00     22.00     35.00    180.00      0.00       1.4890    0.0194      1.00      1.00      2.00      8.00      0.00      44.7300    0.6796     23.00     38.00     60.00    190.00      0.00
  0.6000   0.1800       29.8650    0.5410     13.00     24.00     40.00    221.00      0.00       1.6455    0.0230      1.00      1.00      2.00      9.00      0.00      41.9955    0.6402     22.00     36.00     57.00    183.00      0.00
  0.6000   0.1600       35.0375    0.6619     14.00     27.00     47.00    249.00      0.00       1.8450    0.0270      1.00      1.00      2.00     12.00      0.00      40.8425    0.6712     20.00     34.00     55.00    244.00      0.00
  0.6000   0.1400       40.3205    0.7758     17.00     31.00     53.00    355.00      0.00       2.1630    0.0327      1.00      2.00      3.00     10.00      0.00      38.4550    0.6320     19.00     32.00     51.00    238.00      0.00
  0.6000   0.1200       47.2050    0.8904     19.00     36.00     63.00    292.00      0.00       2.6320    0.0421      1.00      2.00      4.00     14.00      0.00      35.8200    0.6022     17.00     30.00     49.00    201.00      0.00
  0.6000   0.1000       59.4395    1.1896     22.00     44.00     80.00    471.00      0.00       3.4185    0.0622      1.00      3.00      5.00     53.00      0.00      31.6540    0.5346     15.00     27.00     43.00    200.00      0.00
  0.6000   0.0800       77.2385    1.6040     27.00     57.00    104.00    504.00      0.00       4.7405    0.0911      2.00      4.00      7.00     68.00      0.00      28.6040    0.5329     11.00     23.00     41.00    159.00      0.00
  0.6000   0.0600       98.3330    2.0214     34.00     71.00    136.00    644.00      0.00       8.2265    0.1719      3.00      6.00     11.00     80.00      0.00      22.3610    0.4409      7.00     18.00     33.00    195.00      0.00
  0.6000   0.0400      136.3310    3.0708     41.00     94.00    186.00   1291.00      0.00      21.4650    0.5059      6.00     14.00     30.00    163.00      0.00      13.6620    0.3558      2.00      8.00     20.00    111.00      0.00
  0.6000   0.0200      179.5090    3.8765     49.00    129.00    256.00   1300.00      0.00      80.4115    1.7940     21.00     55.00    115.00    684.00      0.00       4.6105    0.2111      0.00      1.00      4.00    112.00      0.00
  0.4000   0.2000       65.4250    1.2963     24.00     49.00     90.00    500.00      0.00       1.5150    0.0201      1.00      1.00      2.00      9.00      0.00      90.1820    1.6932     36.00     69.00    123.00    533.00      0.00
  0.4000   0.1800       71.5765    1.4662     25.00     53.00     97.00    482.00      0.00       1.6110    0.0213      1.00      1.00      2.00      8.00      0.00      84.3710    1.5932     32.00     67.00    117.00    528.00      0.00
  0.4000   0.1600       80.2265    1.6919     28.00     57.00    109.00    682.00      0.00       1.8445    0.0269      1.00      1.00      2.00     12.00      0.00      78.5285    1.5786     31.00     59.00    106.00    640.00      0.00
  0.4000   0.1400       94.7525    2.0686     32.00     67.00    128.00   1088.00      0.00       2.1375    0.0331      1.00      2.00      3.00     13.00      0.00      72.2580    1.4634     26.00     54.00    100.00    614.00      0.00
  0.4000   0.1200      106.4740    2.3301     34.00     76.00    143.00    798.00      0.00       2.5550    0.0393      1.00      2.00      3.00     11.00      0.00      62.4455    1.3374     21.00     47.00     83.00    431.00      0.00
  0.4000   0.1000      124.7010    2.7166     38.00     88.00    172.00   1067.00      0.00       3.3585    0.0564      1.00      3.00      5.00     28.00      0.00      52.4155    1.0982     17.00     38.00     72.00    308.00      0.00
  0.4000   0.0800      138.2565    2.9937     42.00     98.00    197.00   1154.00      0.00       4.7285    0.0838      2.00      4.00      6.00     32.00      0.00      38.0190    0.8646     11.00     27.00     54.00    366.00      0.00
  0.4000   0.0600      166.9850    3.6743     48.00    119.00    233.00   1237.00      0.00       8.3240    0.1766      3.00      6.00     11.00     72.00      0.00      26.5715    0.6510      6.00     16.00     37.00    184.00      0.00
  0.4000   0.0400      178.8120    4.0280     52.00    124.00    248.00   1503.00      0.00      21.1330    0.4993      6.00     14.00     28.00    195.00      0.00      13.0265    0.3650      2.00      7.00     18.00    114.00      0.00
  0.4000   0.0200      198.0405    4.3613     63.00    141.00    269.00   1906.00      0.00      79.7470    1.7585     22.00     57.00    114.00    743.00      0.00       3.4620    0.1481      0.00      1.00      4.00     71.00      0.00
  0.2000   0.2000      162.1525    3.7060     46.00    112.00    220.00   1260.00      0.00       1.4675    0.0191      1.00      1.00      2.00      8.00      0.00     183.5890    4.2860     50.00    125.00    247.00   1624.00      0.00
  0.2000   0.1800      166.9605    3.8733     47.00    116.00    218.00   1314.00      0.00       1.6430    0.0224      1.00      1.00      2.00      9.00      0.00     155.7180    3.7062     43.00    103.00    210.00   1365.00      0.00
  0.2000   0.1600      169.5625    3.7233     51.00    118.00    236.00   1119.00      0.00       1.8635    0.0277      1.00      1.00      2.00     13.00      0.00     129.3240    2.9477     37.00     88.00    175.00    883.00      0.00
  0.2000   0.1400      171.4815    3.8934     49.00    118.00    242.00   1325.00      0.00       2.1785    0.0331      1.00      2.00      3.00     14.00      0.00     101.0160    2.3981     27.00     66.00    140.00    957.00      0.00
  0.2000   0.1200      185.7330    4.0196     53.00    135.00    257.00   1517.00      0.00       2.6600    0.0422      1.00      2.00      4.00     13.00      0.00      82.9250    1.9006     22.00     58.00    115.00    779.00      0.00
  0.2000   0.1000      192.3750    4.3994     51.00    123.00    271.00   1422.00      0.00       3.4390    0.0545      2.00      3.00      5.00     15.00      0.00      60.9785    1.4392     16.00     39.00     84.00    461.00      0.00
  0.2000   0.0800      191.6625    4.4018     53.00    131.00    264.00   1833.00      0.00       4.7420    0.0820      2.00      4.00      7.00     27.00      0.00      40.2725    0.9939     10.00     26.00     54.00    364.00      0.00
  0.2000   0.0600      196.5610    4.3449     56.00    137.00    278.00   1651.00      0.00       8.2990    0.1910      3.00      6.00     11.00    104.00      0.00      22.6750    0.5527      5.00     15.00     32.00    192.00      0.00
  0.2000   0.0400      193.5530    4.3194     58.00    133.00    271.00   1449.00      0.00      21.2765    0.5295      6.00     14.00     27.00    269.00      0.00      10.3020    0.2801      2.00      6.00     14.00    130.00      0.00
  0.2000   0.0200      200.2315    4.4940     59.00    137.00    280.00   1835.00      0.00      81.7585    1.9666     21.00     56.00    110.00    765.00      0.00       2.5720    0.0985      0.00      1.00      3.00     55.00      0.00
