Amp Radius  OC_Mean OC_Std OC_Q1 OC_Med OC_Q3 OC_Max OC_Min  Exp_Mean Exp_Std Exp_Q1 Exp_Med Exp_Q3 Exp_Max Exp_Min  Num_Mean Num_Std Num_Q1 Num_Med Num_Q3 Num_Max Num_Min
  2.0000   0.2000        4.6795    0.0797      2.00      3.00      6.00     30.00      0.00       2.6965    0.0591      1.00      2.00      3.00     22.00      0.00       9.2580    0.0777      7.00     10.00     11.00     24.00      0.00
  2.0000   0.1800        5.4765    0.1018      2.00      4.00      7.00     81.00      0.00       3.1880    0.0687      1.00      2.00      4.00     24.00      0.00       9.0995    0.0780      7.00     10.00     11.00     22.00      0.00
  2.0000   0.1600        6.2350    0.1198      3.00      4.00      8.00     54.00      0.00       3.6985    0.0881      1.00      2.00      5.00     52.00      0.00       8.9195    0.0787      7.00     10.00     11.00     23.00      0.00
  2.0000   0.1400        7.3770    0.1367      3.00      6.00     10.00     57.00      0.00       4.5560    0.0992      1.00      3.00      6.00     30.00      0.00       8.7850    0.0766      7.00     10.00     11.00     21.00      0.00
  2.0000   0.1200        9.2255    0.1874      4.00      7.00     12.00     83.00      0.00       5.9405    0.1371      2.00      4.00      8.00     72.00      0.00       8.5430    0.0794      6.00     10.00     11.00     19.00      0.00
  2.0000   0.1000       12.1600    0.2639      4.00      9.00     16.00    146.00      0.00       8.2250    0.2091      2.00      5.00     11.00    145.00      0.00       8.1005    0.0798      6.00      9.00     10.00     21.00      0.00
  2.0000   0.0800       16.8990    0.3482      6.00     13.00     22.00    162.00      0.00      12.4550    0.2847      3.00      9.00     17.00    103.00      0.00       7.9625    0.0820      6.00      9.00     10.00     20.00      0.00
  2.0000   0.0600       29.7845    0.6755      9.00     20.00     41.00    327.00      0.00      23.0960    0.5798      6.00     15.00     31.00    325.00      0.00       7.2065    0.0891      5.00      8.00     10.00     19.00      0.00
  2.0000   0.0400       59.8370    1.3680     17.00     39.00     84.00    563.00      0.00      50.7440    1.1798     14.00     34.00     70.00    516.00      0.00       5.5150    0.0971      0.00      6.00      9.00     18.00      0.00
  2.0000   0.0200      128.5155    2.8879     34.00     85.00    183.00   1055.00      0.00     120.6280    2.7419     32.00     80.00    171.00   1019.00      0.00       2.4615    0.0814      0.00      0.00      6.00     18.00      0.00
  1.8000   0.2000        5.2970    0.0918      2.00      4.00      7.00     38.00      0.00       2.7890    0.0623      1.00      2.00      3.00     23.00      0.00       9.8240    0.0866      8.00     10.00     12.00     27.00      0.00
  1.8000   0.1800        5.6940    0.1052      3.00      4.00      7.00     47.00      0.00       3.0225    0.0682      1.00      2.00      4.00     31.00      0.00       9.6515    0.0845      7.00     10.00     12.00     25.00      0.00
  1.8000   0.1600        6.8965    0.1264      3.00      5.00      9.00     52.00      0.00       3.7460    0.0816      1.00      2.00      5.00     26.00      0.00       9.5305    0.0815      7.00     10.00     12.00     25.00      0.00
  1.8000   0.1400        7.9245    0.1502      3.00      6.00     10.00     63.00      0.00       4.5085    0.1024      1.00      3.00      6.00     41.00      0.00       9.3340    0.0810      7.00     10.00     11.00     27.00      0.00
  1.8000   0.1200       10.1510    0.1981      4.00      8.00     13.00     99.00      0.00       5.9435    0.1362      2.00      4.00      8.00     52.00      0.00       9.0725    0.0817      7.00     10.00     11.00     24.00      0.00
  1.8000   0.1000       13.3175    0.2885      5.00     10.00     17.00    199.00      0.00       8.0440    0.1792      2.00      6.00     11.00     86.00      0.00       8.8285    0.0810      7.00     10.00     11.00     28.00      0.00
  1.8000   0.0800       18.7590    0.4176      6.00     14.00     24.00    244.00      0.00      12.2570    0.2863      3.00      9.00     17.00    118.00      0.00       8.4465    0.0870      6.00     10.00     11.00     23.00      0.00
  1.8000   0.0600       31.2125    0.6727     10.00     22.00     42.00    213.00      0.00      23.0125    0.5235      7.00     16.00     31.00    209.00      0.00       7.5940    0.0966      5.00      9.00     10.00     21.00      0.00
  1.8000   0.0400       64.4980    1.5247     17.00     44.00     88.00    658.00      0.00      53.8375    1.3472     13.00     35.00     72.00    658.00      0.00       5.8780    0.1033      0.00      7.00     10.00     20.00      0.00
  1.8000   0.0200      129.2535    2.8750     38.00     88.00    181.00    832.00      0.00     120.5350    2.7443     35.00     82.00    169.00    814.00      0.00       2.6970    0.0891      0.00      0.00      6.00     17.00      0.00
  1.6000   0.2000        5.8055    0.1001      3.00      4.00      8.00     37.00      0.00       2.7365    0.0606      1.00      2.00      3.00     29.00      0.00      10.7355    0.0925      8.00     11.00     13.00     27.00      0.00
  1.6000   0.1800        6.5215    0.1146      3.00      5.00      8.00     42.00      0.00       3.1550    0.0699      1.00      2.00      4.00     30.00      0.00      10.4225    0.0904      8.00     10.00     12.00     27.00      0.00
  1.6000   0.1600        7.4185    0.1400      3.00      5.00     10.00     51.00      0.00       3.6935    0.0819      1.00      2.00      5.00     26.00      0.00      10.2155    0.0932      8.00     10.00     12.00     31.00      0.00
  1.6000   0.1400        9.2740    0.1815      4.00      7.00     12.00    124.00      0.00       4.7840    0.1019      1.00      3.00      7.00     35.00      0.00      10.0735    0.0927      8.00     10.00     12.00     32.00      0.00
  1.6000   0.1200       11.2720    0.2312      4.00      9.00     15.00    135.00      0.00       5.7195    0.1339      2.00      4.00      8.00     57.00      0.00       9.6110    0.0896      7.00     10.00     12.00     25.00      0.00
  1.6000   0.1000       15.0630    0.3287      5.00     11.00     19.00    172.00      0.00       8.1345    0.1910      2.00      6.00     11.00    100.00      0.00       9.6045    0.0929      8.00     10.00     12.00     27.00      0.00
  1.6000   0.0800       21.7035    0.5338      7.00     15.00     29.00    389.00      0.00      12.8575    0.3416      4.00      9.00     17.00    313.00      0.00       8.8480    0.1019      7.00     10.00     11.00     27.00      0.00
  1.6000   0.0600       34.5295    0.7842     10.00     23.00     48.00    325.00      0.00      22.5525    0.5472      6.00     15.00     31.00    201.00      0.00       8.1800    0.1080      6.00      9.00     11.00     28.00      0.00
  1.6000   0.0400       66.4695    1.4897     19.00     46.00     94.00    554.00      0.00      51.1475    1.1706     13.00     35.00     74.00    491.00      0.00       6.3090    0.1160      0.00      7.00     10.00     26.00      0.00
  1.6000   0.0200      130.4750    2.9172     37.00     90.00    185.00    961.00      0.00     118.0545    2.7190     31.00     78.00    165.00    849.00      0.00       2.8020    0.0990      0.00      0.00      6.00     22.00      0.00
  1.4000   0.2000        6.6475    0.1156      3.00      5.00      9.00     43.00      0.00       2.8015    0.0650      1.00      2.00      4.00     23.00      0.00      11.8340    0.1092      9.00     12.00     14.00     29.00      0.00
  1.4000   0.1800        7.3245    0.1324      3.00      6.00      9.00     52.00      0.00       3.1455    0.0705      1.00      2.00      4.00     31.00      0.00      11.7055    0.1089      9.00     11.00     14.00     30.00      0.00
  1.4000   0.1600        8.8605    0.1716      4.00      7.00     11.00     85.00      0.00       3.7765    0.0805      1.00      2.00      5.00     27.00      0.00      11.5485    0.1134      9.00     11.00     14.00     30.00      0.00
  1.4000   0.1400       10.3985    0.2105      4.00      8.00     14.00     96.00      0.00       4.3760    0.0995      1.00      3.00      6.00     34.00      0.00      11.1870    0.1095      9.00     11.00     14.00     31.00      0.00
  1.4000   0.1200       12.8495    0.2512      5.00     10.00     17.00     93.00      0.00       5.8445    0.1228      2.00      4.00      8.00     39.00      0.00      10.9875    0.1111      9.00     11.00     13.00     33.00      0.00
  1.4000   0.1000       17.1945    0.3562      6.00     13.00     23.00    147.00      0.00       7.8365    0.1752      2.00      6.00     11.00    109.00      0.00      10.6825    0.1150      8.00     11.00     13.00     28.00      0.00
  1.4000   0.0800       23.8255    0.5041      8.00     17.00     32.00    168.00      0.00      12.1375    0.2974      3.00      8.00     16.00    133.00      0.00      10.2255    0.1208      7.00     10.00     13.00     32.00      0.00
  1.4000   0.0600       39.7590    0.8476     13.00     28.00     55.00    320.00      0.00      23.2015    0.5315      6.00     16.00     32.00    186.00      0.00       9.1440    0.1275      6.00     10.00     12.00     30.00      0.00
  1.4000   0.0400       72.0305    1.6384     21.00     50.00     98.00    797.00      0.00      51.0465    1.2162     13.00     34.00     69.00    443.00      0.00       7.1390    0.1353      0.00      8.00     11.00     33.00      0.00
  1.4000   0.0200      132.6820    2.9160     41.00     94.00    185.00    882.00      0.00     115.8925    2.5579     33.00     81.00    161.00    876.00      0.00       3.3250    0.1155      0.00      0.00      7.00     25.00      0.00
  1.2000   0.2000        7.5035    0.1419      3.00      6.00     10.00     52.00      0.00       2.6750    0.0618      1.00      2.00      3.00     30.00      0.00      13.6605    0.1363     10.00     13.00     17.00     47.00      0.00
  1.2000   0.1800        8.8420    0.1726      4.00      7.00     12.00     68.00      0.00       3.0145    0.0666      1.00      2.00      4.00     25.00      0.00      13.7715    0.1381     10.00     13.00     18.00     45.00      0.00
  1.2000   0.1600       10.2775    0.2063      4.00      7.00     13.00    100.00      0.00       3.6650    0.0808      1.00      2.00      5.00     27.00      0.00      13.7515    0.1460     10.00     13.00     18.00     45.00      0.00
  1.2000   0.1400       12.5470    0.2516      5.00      9.00     17.00    155.00      0.00       4.5685    0.0995      1.00      3.00      6.00     65.00      0.00      13.2540    0.1408     10.00     13.00     17.00     47.00      0.00
  1.2000   0.1200       16.0140    0.3238      6.00     12.00     21.00    145.00      0.00       6.0575    0.1387      2.00      4.00      8.00     65.00      0.00      12.7955    0.1408     10.00     12.00     16.00     43.00      0.00
  1.2000   0.1000       19.8490    0.4322      7.00     14.00     27.00    208.00      0.00       7.6890    0.1727      2.00      5.00     11.00     73.00      0.00      12.3700    0.1463      9.00     12.00     16.00     42.00      0.00
  1.2000   0.0800       29.1760    0.6515     10.00     21.00     38.00    312.00      0.00      12.5700    0.2954      4.00      9.00     17.00    167.00      0.00      11.4670    0.1491      7.00     11.00     15.00     42.00      0.00
  1.2000   0.0600       47.2465    1.0643     15.00     32.00     63.00    412.00      0.00      23.7620    0.5776      7.00     16.00     33.00    332.00      0.00      10.5375    0.1601      5.00     11.00     15.00     46.00      0.00
  1.2000   0.0400       80.3860    1.8004     22.00     55.00    113.00    642.00      0.00      51.0520    1.2069     13.00     33.00     71.00    461.00      0.00       7.8610    0.1683      0.00      7.00     13.00     50.00      0.00
  1.2000   0.0200      149.6975    3.4938     40.00    103.00    202.00   1370.00      0.00     123.5375    2.9720     32.00     81.00    172.00   1225.00      0.00       3.6410    0.1366      0.00      0.00      6.00     38.00      0.00
  1.0000   0.2000        9.4630    0.1751      4.00      7.00     12.00     55.00      0.00       2.8125    0.0635      1.00      2.00      4.00     24.00      0.00      17.2710    0.1876     11.00     16.00     22.00     64.00      0.00
  1.0000   0.1800       11.0990    0.2086      5.00      9.00     14.00     83.00      0.00       3.1430    0.0674      1.00      2.00      4.00     24.00      0.00      17.4215    0.1951     11.00     16.00     22.00     60.00      0.00
  1.0000   0.1600       12.7935    0.2476      5.00     10.00     17.00     95.00      0.00       3.8310    0.0855      1.00      2.00      5.00     30.00      0.00      16.4500    0.1955     11.00     15.00     21.00     62.00      0.00
  1.0000   0.1400       14.5790    0.2936      6.00     11.00     19.00    151.00      0.00       4.5890    0.0999      1.00      3.00      6.00     49.00      0.00      16.2625    0.1880     11.00     15.00     21.00     51.00      0.00
  1.0000   0.1200       19.1590    0.4087      7.00     14.00     25.00    171.00      0.00       5.7620    0.1239      2.00      4.00      8.00     46.00      0.00      15.7990    0.1935     10.00     15.00     21.00     71.00      0.00
  1.0000   0.1000       25.0260    0.5176      9.00     18.00     34.00    201.00      0.00       8.1945    0.1874      2.00      6.00     11.00    101.00      0.00      15.3405    0.2025     10.00     14.00     21.00     74.00      0.00
  1.0000   0.0800       35.4740    0.7735     11.00     25.00     47.00    293.00      0.00      12.9005    0.3044      4.00      9.00     18.00    126.00      0.00      14.1855    0.2079      8.00     13.00     20.00     59.00      0.00
  1.0000   0.0600       53.2500    1.1798     17.00     36.00     73.00    499.00      0.00      23.3145    0.5602      6.00     16.00     31.00    202.00      0.00      12.3990    0.2159      3.00     12.00     19.00     57.00      0.00
  1.0000   0.0400       87.2225    2.0105     24.00     58.00    123.00    893.00      0.00      49.5290    1.1782     13.00     33.00     66.00    421.00      0.00       8.9655    0.2044      0.00      7.00     15.00     49.00      0.00
  1.0000   0.0200      149.1555    3.3903     42.00    104.00    205.00   1159.00      0.00     115.2550    2.5850     31.00     82.00    154.00    671.00      0.00       4.2220    0.1752      0.00      0.00      4.00     64.00      0.00
  0.8000   0.2000       12.5030    0.2354      5.00      9.00     16.00    111.00      0.00       2.8205    0.0628      1.00      2.00      4.00     22.00      0.00      23.1530    0.2827     14.00     22.00     30.00     75.00      0.00
  0.8000   0.1800       14.5885    0.2882      6.00     11.00     19.00    108.00      0.00       3.1600    0.0710      1.00      2.00      4.00     23.00      0.00      22.9980    0.2803     14.00     21.00     30.00     84.00      0.00
  0.8000   0.1600       16.8035    0.3243      7.00     13.00     22.00    144.00      0.00       3.6750    0.0837      1.00      2.00      5.00     31.00      0.00      22.6650    0.2833     14.00     21.00     30.00     90.00      0.00
  0.8000   0.1400       19.9575    0.3966      8.00     14.00     26.00    148.00      0.00       4.4160    0.1031      1.00      3.00      6.00     67.00      0.00      22.1740    0.2798     13.00     21.00     30.00     78.00      0.00
  0.8000   0.1200       25.1805    0.5301      9.00     18.00     34.00    197.00      0.00       5.9065    0.1256      2.00      4.00      8.00     47.00      0.00      21.5635    0.2886     12.00     20.00     29.00     85.00      0.00
  0.8000   0.1000       33.1455    0.7256     11.00     23.00     44.00    296.00      0.00       7.8030    0.1821      2.00      5.00     11.00    108.00      0.00      20.2505    0.2954     11.00     19.00     28.00     81.00      0.00
  0.8000   0.0800       46.2850    1.0115     16.00     33.00     63.00    559.00      0.00      12.3915    0.2854      3.00      9.00     17.00    119.00      0.00      18.8705    0.3086      9.00     18.00     27.00     98.00      0.00
  0.8000   0.0600       67.4850    1.4559     21.00     47.00     94.00    571.00      0.00      22.0405    0.5136      6.00     15.00     30.00    220.00      0.00      16.5925    0.3165      3.00     15.00     26.00     75.00      0.00
  0.8000   0.0400      103.9310    2.3007     32.00     72.00    145.00    879.00      0.00      51.5120    1.1312     14.00     37.00     72.00    443.00      0.00      11.5790    0.2969      0.00      6.00     20.00    101.00      0.00
  0.8000   0.0200      163.2190    3.7440     44.00    112.00    222.00   1406.00      0.00     117.4870    2.6425     31.00     83.00    165.00   1044.00      0.00       4.8225    0.2225      0.00      0.00      3.00     67.00      0.00
  0.6000   0.2000       18.3500    0.3495      8.00     14.00     23.00    198.00      0.00       2.6805    0.0581      1.00      2.00      3.00     20.00      0.00      36.4040    0.4988     21.00     33.00     48.00    160.00      0.00
  0.6000   0.1800       20.7195    0.4033      8.00     16.00     28.00    164.00      0.00       3.1765    0.0691      1.00      2.00      4.00     24.00      0.00      34.7485    0.4984     19.00     32.00     47.00    150.00      0.00
  0.6000   0.1600       23.9920    0.4602     10.00     18.00     32.00    158.00      0.00       3.6460    0.0792      1.00      2.00      5.00     25.00      0.00      33.4700    0.4918     18.00     30.00     46.00    137.00      0.00
  0.6000   0.1400       29.4955    0.6050     11.00     21.00     40.00    237.00      0.00       4.4050    0.0982      1.00      3.00      6.00     45.00      0.00      33.3710    0.4911     17.00     30.00     46.00    131.00      0.00
  0.6000   0.1200       35.7690    0.7869     13.00     25.00     47.00    524.00      0.00       5.8290    0.1328      2.00      4.00      8.00     76.00      0.00      30.5855    0.4806     14.00     28.00     44.00    136.00      0.00
  0.6000   0.1000       47.4320    0.9851     16.00     33.00     64.00    334.00      0.00       7.8145    0.1795      2.00      5.00     11.00    101.00      0.00      29.7145    0.5066     12.00     27.00     42.00    154.00      0.00
  0.6000   0.0800       61.0720    1.3219     20.00     44.00     85.00    740.00      0.00      12.0220    0.2924      4.00      9.00     16.00    171.00      0.00      25.9520    0.4867      6.00     23.00     40.00    133.00      0.00
  0.6000   0.0600       88.4870    1.9547     27.00     61.00    121.00    708.00      0.00      23.0270    0.5453      6.00     16.00     31.00    269.00      0.00      21.5490    0.4974      2.00     16.00     35.00    161.00      0.00
  0.6000   0.0400      127.3315    2.7878     37.00     92.00    172.00    857.00      0.00      53.6790    1.2807     14.00     35.00     73.00    520.00      0.00      14.7210    0.4576      0.00      3.00     24.00    126.00      0.00
  0.6000   0.0200      177.2145    3.9294     50.00    124.00    250.00   1372.00      0.00     120.6725    2.7553     32.00     85.00    167.00   1214.00      0.00       5.6460    0.3107      0.00      0.00      2.00    137.00      0.00
  0.4000   0.2000       31.9265    0.6259     13.00     25.00     42.00    241.00      0.00       2.6485    0.0585      1.00      2.00      3.00     21.00      0.00      64.5995    1.0763     31.00     55.00     89.00    345.00      0.00
  0.4000   0.1800       39.1255    0.7887     15.00     29.00     52.00    339.00      0.00       3.2220    0.0719      1.00      2.00      4.00     29.00      0.00      64.2195    1.0783     28.00     56.00     88.00    315.00      0.00
  0.4000   0.1600       44.3940    0.8896     16.00     33.00     62.00    344.00      0.00       3.5610    0.0820      1.00      2.00      5.00     55.00      0.00      62.3370    1.0717     26.00     53.00     89.00    301.00      0.00
  0.4000   0.1400       52.9435    1.1100     19.00     38.00     69.00    470.00      0.00       4.5155    0.0993      1.00      3.00      6.00     38.00      0.00      58.8935    1.0977     23.00     49.00     84.00    346.00      0.00
  0.4000   0.1200       61.5035    1.2824     22.00     45.00     82.00    541.00      0.00       5.8160    0.1249      2.00      4.00      8.00     51.00      0.00      53.8230    1.0254     16.00     45.00     79.00    255.00      0.00
  0.4000   0.1000       74.5835    1.5016     26.00     55.00    103.00    501.00      0.00       8.0470    0.1813      2.00      6.00     11.00     84.00      0.00      49.5620    1.0376     12.00     39.00     73.00    293.00      0.00
  0.4000   0.0800       92.5225    1.9541     29.00     66.00    130.00    642.00      0.00      12.3260    0.2878      4.00      9.00     17.00    127.00      0.00      41.5705    1.0118      5.00     27.00     64.00    275.00      0.00
  0.4000   0.0600      118.5190    2.5115     36.00     84.00    165.00    789.00      0.00      23.3875    0.5517      6.00     16.00     31.00    180.00      0.00      30.8440    0.8877      2.00     12.00     48.00    301.00      0.00
  0.4000   0.0400      156.4250    3.2946     48.00    113.00    221.00   1044.00      0.00      53.1235    1.2281     14.00     36.00     73.00    421.00      0.00      18.6405    0.7469      0.00      3.00     21.00    239.00      0.00
  0.4000   0.0200      181.7175    3.9436     53.00    128.00    255.00   1410.00      0.00     119.8645    2.7712     33.00     81.00    166.00    919.00      0.00       5.8425    0.4183      0.00      0.00      2.00    179.00      0.00
  0.2000   0.2000      101.1395    2.1387     34.00     73.00    137.00    782.00      0.00       2.7560    0.0614      1.00      2.00      3.00     21.00      0.00     160.5415    3.5505     47.00    115.00    223.00   1050.00      0.00
  0.2000   0.1800      115.9020    2.5384     36.00     82.00    158.00    933.00      0.00       3.1900    0.0708      1.00      2.00      4.00     28.00      0.00     158.6945    3.7134     38.00    108.00    231.00   1417.00      0.00
  0.2000   0.1600      121.2470    2.7041     35.00     82.00    169.00    969.00      0.00       3.7505    0.0841      1.00      2.00      5.00     34.00      0.00     135.4950    3.3011     28.00     92.00    191.00   1145.00      0.00
  0.2000   0.1400      133.0855    2.8428     41.00     94.00    185.00   1029.00      0.00       4.5725    0.1100      1.00      3.00      6.00     65.00      0.00     114.4825    2.8446     24.00     75.00    165.00   1249.00      0.00
  0.2000   0.1200      143.7005    3.1990     46.00    104.00    194.00   1318.00      0.00       5.8610    0.1263      2.00      4.00      8.00     52.00      0.00      92.7225    2.5302     17.00     54.00    128.00   1581.00      0.00
  0.2000   0.1000      157.0985    3.4120     45.00    112.00    215.00   1350.00      0.00       7.9440    0.1817      2.00      6.00     11.00    105.00      0.00      76.5420    2.1936      9.00     40.00    106.00    706.00      0.00
  0.2000   0.0800      169.6730    3.8055     51.00    116.00    240.00   1323.00      0.00      12.4720    0.3011      3.00      8.00     17.00    164.00      0.00      52.5110    1.6832      5.00     22.00     70.00    607.00      0.00
  0.2000   0.0600      177.9915    3.9998     51.00    118.00    245.00   1218.00      0.00      23.4740    0.5848      6.00     16.00     31.00    273.00      0.00      29.1585    1.1340      2.00      9.00     32.00    400.00      0.00
  0.2000   0.0400      203.2895    4.4559     57.00    141.00    290.00   1760.00      0.00      51.5730    1.1831     14.00     36.00     70.00    364.00      0.00      16.7140    0.8619      0.00      3.00     12.00    404.00      0.00
  0.2000   0.0200      196.3135    4.3249     56.00    141.00    273.00   1415.00      0.00     120.0905    2.7621     32.00     80.00    166.00   1372.00      0.00       3.8430    0.2984      0.00      0.00      2.00    180.00      0.00
