Amp Radius  OC_Mean OC_Std OC_Q1 OC_Med OC_Q3 OC_Max OC_Min  Exp_Mean Exp_Std Exp_Q1 Exp_Med Exp_Q3 Exp_Max Exp_Min  Num_Mean Num_Std Num_Q1 Num_Med Num_Q3 Num_Max Num_Min
  2.0000   0.2000        5.4595    0.1022      2.00      4.00      7.00     33.00      0.00       3.4210    0.0815      1.00      2.00      4.00     26.00      0.00       9.1305    0.0792      7.00     10.00     11.00     22.00      0.00
  2.0000   0.1800        6.2170    0.1185      3.00      4.00      8.00     42.00      0.00       3.8450    0.0870      1.00      2.00      5.00     31.00      0.00       9.0295    0.0813      7.00     10.00     11.00     25.00      0.00
  2.0000   0.1600        7.0175    0.1398      3.00      5.00      9.00     72.00      0.00       4.4910    0.1014      1.00      3.00      6.00     36.00      0.00       8.9410    0.0793      7.00     10.00     11.00     23.00      0.00
  2.0000   0.1400        8.4635    0.1627      3.00      6.00     11.00     67.00      0.00       5.4685    0.1186      1.00      4.00      8.00     35.00      0.00       8.5575    0.0822      6.00     10.00     11.00     21.00      0.00
  2.0000   0.1200        9.9540    0.1988      4.00      7.00     14.00     67.00      0.00       6.5485    0.1403      2.00      5.00      9.00     45.00      0.00       8.3565    0.0782      6.00      9.00     11.00     22.00      0.00
  2.0000   0.1000       13.2040    0.2653      5.00     10.00     18.00    119.00      0.00       8.6490    0.1740      2.00      6.00     13.00     72.00      0.00       8.2290    0.0815      6.00     10.00     11.00     21.00      0.00
  2.0000   0.0800       18.6835    0.3964      6.00     15.00     25.00    277.00      0.00      12.8770    0.2472      4.00     10.00     19.00     71.00      0.00       7.9700    0.0823      6.00      9.00     10.00     20.00      0.00
  2.0000   0.0600       28.6385    0.5756     10.00     23.00     39.00    266.00      0.00      19.8050    0.3873      7.00     16.00     28.00    183.00      0.00       7.3485    0.0893      5.00      8.00     10.00     19.00      0.00
  2.0000   0.0400       53.2385    1.1298     18.00     38.00     74.00    394.00      0.00      41.3670    0.8871     14.00     31.00     56.00    389.00      0.00       5.8995    0.0953      1.00      7.00     10.00     19.00      0.00
  2.0000   0.0200      119.0065    2.6447     35.00     81.00    168.00    961.00      0.00     106.6940    2.3718     31.00     74.00    151.00    920.00      0.00       2.9030    0.0839      0.00      0.00      6.00     19.00      0.00
  1.8000   0.2000        5.6630    0.1082      2.00      4.00      7.00     43.00      0.00       3.2655    0.0764      1.00      2.00      4.00     26.00      0.00       9.6025    0.0876      7.00     10.00     12.00     23.00      0.00
  1.8000   0.1800        6.5585    0.1290      3.00      5.00      9.00     49.00      0.00       3.7825    0.0871      1.00      2.00      5.00     28.00      0.00       9.5595    0.0853      7.00     10.00     12.00     23.00      0.00
  1.8000   0.1600        7.7275    0.1476      3.00      6.00     11.00     50.00      0.00       4.5290    0.1030      1.00      3.00      6.00     39.00      0.00       9.2250    0.0853      7.00     10.00     11.00     23.00      0.00
  1.8000   0.1400        9.2075    0.1780      3.00      7.00     13.00     62.00      0.00       5.4945    0.1222      1.00      4.00      7.00     35.00      0.00       9.2305    0.0835      7.00     10.00     11.00     31.00      0.00
  1.8000   0.1200       11.1100    0.2243      4.00      8.00     15.00     90.00      0.00       6.6465    0.1396      2.00      5.00     10.00     44.00      0.00       9.0345    0.0857      7.00     10.00     11.00     27.00      0.00
  1.8000   0.1000       14.6880    0.2888      6.00     11.00     20.00    128.00      0.00       9.1605    0.1845      3.00      7.00     13.00     86.00      0.00       8.5935    0.0856      6.00     10.00     11.00     22.00      0.00
  1.8000   0.0800       19.1435    0.4135      6.00     14.00     25.00    212.00      0.00      11.4525    0.2268      4.00      9.00     17.00     81.00      0.00       8.3140    0.0899      6.00      9.00     11.00     23.00      0.00
  1.8000   0.0600       29.6450    0.6233     10.00     22.00     40.00    231.00      0.00      18.5135    0.3559      6.00     15.00     26.00    113.00      0.00       7.5740    0.0991      5.00      9.00     10.00     23.00      0.00
  1.8000   0.0400       56.8670    1.2614     18.00     41.00     79.00    645.00      0.00      40.5220    0.8737     13.00     30.00     56.00    516.00      0.00       6.0865    0.1009      1.00      7.00     10.00     22.00      0.00
  1.8000   0.0200      119.4805    2.6384     36.00     82.00    166.00    868.00      0.00     104.4690    2.3142     31.00     71.00    141.00    742.00      0.00       3.0345    0.0917      0.00      0.00      6.00     21.00      0.00
  1.6000   0.2000        6.2690    0.1211      3.00      5.00      8.00     47.00      0.00       3.1640    0.0732      1.00      2.00      4.00     35.00      0.00      10.5225    0.0951      8.00     11.00     13.00     27.00      0.00
  1.6000   0.1800        7.2040    0.1379      3.00      5.00     10.00     50.00      0.00       3.7510    0.0866      1.00      2.00      5.00     31.00      0.00      10.1575    0.0971      8.00     10.00     12.00     29.00      0.00
  1.6000   0.1600        8.3270    0.1582      3.00      6.00     11.00     59.00      0.00       4.4615    0.1023      1.00      3.00      6.00     32.00      0.00      10.0240    0.0954      8.00     10.00     12.00     27.00      0.00
  1.6000   0.1400       10.0695    0.1934      4.00      8.00     14.00     82.00      0.00       5.3160    0.1152      1.00      4.00      7.00     34.00      0.00       9.9120    0.0941      8.00     10.00     12.00     29.00      0.00
  1.6000   0.1200       12.8040    0.2563      5.00      9.00     17.00    125.00      0.00       6.9120    0.1444      2.00      5.00     10.00     62.00      0.00       9.8405    0.0962      7.00     10.00     12.00     29.00      0.00
  1.6000   0.1000       16.7430    0.3340      6.00     12.00     23.00    106.00      0.00       8.7745    0.1773      3.00      6.00     12.00     48.00      0.00       9.5175    0.0965      7.00     10.00     12.00     30.00      0.00
  1.6000   0.0800       23.1950    0.5002      8.00     17.00     31.00    199.00      0.00      12.3890    0.2435      4.00     10.00     18.00    128.00      0.00       8.9705    0.1031      6.00     10.00     11.00     30.00      0.00
  1.6000   0.0600       34.7550    0.7797     11.00     24.00     46.00    284.00      0.00      18.5090    0.3793      6.00     15.00     27.00    197.00      0.00       8.1665    0.1046      6.00      9.00     11.00     28.00      0.00
  1.6000   0.0400       61.5830    1.3323     20.00     44.00     84.00    705.00      0.00      40.7325    0.8723     13.00     30.00     55.00    320.00      0.00       6.6790    0.1137      1.00      7.00     10.00     27.00      0.00
  1.6000   0.0200      128.4735    2.8899     36.00     91.00    179.00   1054.00      0.00     105.0670    2.3796     29.00     74.00    145.00    868.00      0.00       3.2425    0.1029      0.00      0.00      7.00     23.00      0.00
  1.4000   0.2000        7.4660    0.1504      3.00      5.00     10.00     71.00      0.00       3.2905    0.0778      1.00      2.00      4.00     36.00      0.00      11.8295    0.1083      9.00     11.00     14.00     32.00      0.00
  1.4000   0.1800        8.1915    0.1652      3.00      6.00     11.00     69.00      0.00       3.7750    0.0909      1.00      2.00      5.00     47.00      0.00      11.6690    0.1147      9.00     11.00     14.00     33.00      0.00
  1.4000   0.1600        9.9795    0.2061      4.00      7.00     13.00     86.00      0.00       4.3950    0.1028      1.00      3.00      6.00     33.00      0.00      11.6235    0.1112      9.00     11.00     14.00     31.00      0.00
  1.4000   0.1400       11.8205    0.2378      4.00      9.00     16.00     84.00      0.00       5.5405    0.1231      1.00      4.00      8.00     44.00      0.00      11.3690    0.1125      9.00     11.00     14.00     34.00      0.00
  1.4000   0.1200       15.1025    0.3190      5.00     11.00     20.00    117.00      0.00       6.8800    0.1494      2.00      5.00     10.00     51.00      0.00      10.9485    0.1162      8.00     11.00     14.00     33.00      0.00
  1.4000   0.1000       19.2170    0.4076      7.00     14.00     27.00    208.00      0.00       8.9280    0.1898      2.00      6.00     13.00     71.00      0.00      10.5875    0.1194      8.00     10.00     13.00     38.00      0.00
  1.4000   0.0800       25.8295    0.5424      8.00     19.00     35.00    167.00      0.00      12.0620    0.2318      4.00      9.00     18.00     81.00      0.00       9.8570    0.1169      7.00     10.00     13.00     28.00      0.00
  1.4000   0.0600       38.6455    0.8457     13.00     27.00     52.00    340.00      0.00      19.3690    0.3698      7.00     15.00     28.00    155.00      0.00       9.3160    0.1276      6.00     10.00     12.00     30.00      0.00
  1.4000   0.0400       68.1580    1.4591     20.00     49.00     94.00    450.00      0.00      39.5690    0.8292     13.00     30.00     56.00    408.00      0.00       7.2245    0.1364      1.00      8.00     11.00     29.00      0.00
  1.4000   0.0200      139.0590    3.0372     42.00     99.00    196.00   1405.00      0.00     110.5545    2.4180     34.00     77.00    155.00    800.00      0.00       3.2620    0.1146      0.00      0.00      6.00     27.00      0.00
  1.2000   0.2000        8.9525    0.1728      4.00      7.00     12.00     54.00      0.00       3.3650    0.0774      1.00      2.00      4.00     26.00      0.00      14.0730    0.1510     10.00     13.00     18.00     46.00      0.00
  1.2000   0.1800       10.0385    0.2006      4.00      7.00     13.00     79.00      0.00       3.7465    0.0830      1.00      2.00      5.00     26.00      0.00      14.2155    0.1492     10.00     13.00     18.00     42.00      0.00
  1.2000   0.1600       11.1940    0.2222      4.00      8.00     15.00    105.00      0.00       4.4180    0.1000      1.00      3.00      6.00     42.00      0.00      13.4065    0.1473     10.00     13.00     18.00     43.00      0.00
  1.2000   0.1400       13.5690    0.2769      5.00     10.00     18.00     99.00      0.00       5.2750    0.1162      1.00      3.00      7.00     34.00      0.00      13.4440    0.1431     10.00     13.00     18.00     41.00      0.00
  1.2000   0.1200       16.4175    0.3455      6.00     12.00     22.00    155.00      0.00       6.6120    0.1355      2.00      5.00      9.00     39.00      0.00      12.4155    0.1475      9.00     12.00     16.00     42.00      0.00
  1.2000   0.1000       22.1050    0.4723      7.00     15.00     31.00    200.00      0.00       8.6060    0.1816      2.00      6.00     12.00     60.00      0.00      12.1205    0.1493      9.00     11.00     16.00     39.00      0.00
  1.2000   0.0800       31.0790    0.6587     11.00     22.00     42.00    261.00      0.00      12.0805    0.2302      4.00     10.00     17.00     79.00      0.00      11.7295    0.1555      8.00     11.00     16.00     37.00      0.00
  1.2000   0.0600       48.2745    1.0346     16.00     34.00     65.00    383.00      0.00      19.6910    0.3867      7.00     16.00     28.00    178.00      0.00      10.6085    0.1629      5.00     10.00     15.00     41.00      0.00
  1.2000   0.0400       80.6770    1.8325     25.00     55.00    110.00    842.00      0.00      40.5960    0.8593     14.00     31.00     55.00    284.00      0.00       8.4405    0.1686      1.00      8.00     14.00     34.00      0.00
  1.2000   0.0200      137.3080    3.0427     40.00     96.00    187.00    879.00      0.00     104.1345    2.3564     29.00     72.00    144.00    830.00      0.00       3.8160    0.1386      0.00      0.00      7.00     34.00      0.00
  1.0000   0.2000       10.7510    0.2217      4.00      8.00     14.00    100.00      0.00       3.2765    0.0738      1.00      2.00      4.00     29.00      0.00      17.6155    0.1991     11.00     17.00     23.00     64.00      0.00
  1.0000   0.1800       12.2815    0.2493      5.00      9.00     16.00    100.00      0.00       3.7805    0.0832      1.00      2.00      5.00     26.00      0.00      17.4225    0.2035     11.00     16.00     23.00     58.00      0.00
  1.0000   0.1600       14.1155    0.2802      5.00     10.00     19.00    102.00      0.00       4.3910    0.0980      1.00      3.00      6.00     29.00      0.00      16.8315    0.1993     11.00     16.00     22.00     58.00      0.00
  1.0000   0.1400       17.3125    0.3590      6.00     12.00     23.00    168.00      0.00       5.4220    0.1182      1.00      4.00      7.00     41.00      0.00      16.7140    0.2007     11.00     16.00     22.00     55.00      0.00
  1.0000   0.1200       21.6520    0.4754      7.00     15.00     28.00    262.00      0.00       6.9305    0.1465      2.00      5.00     10.00     53.00      0.00      16.1055    0.1997     10.00     15.00     21.00     58.00      0.00
  1.0000   0.1000       26.9650    0.5642      9.00     19.00     37.00    218.00      0.00       8.7710    0.1767      3.00      6.00     13.00     54.00      0.00      15.1115    0.1981     10.00     15.00     21.00     48.00      0.00
  1.0000   0.0800       38.6310    0.8850     12.00     27.00     51.00    322.00      0.00      12.1790    0.2435      4.00      9.00     17.00     77.00      0.00      14.1555    0.2093      7.00     14.00     20.00     52.00      0.00
  1.0000   0.0600       56.0740    1.1873     19.00     40.00     77.00    423.00      0.00      19.4755    0.3700      7.00     16.00     28.00    156.00      0.00      12.8225    0.2150      4.00     12.00     19.00     65.00      0.00
  1.0000   0.0400       93.2465    2.0540     28.00     65.00    130.00    868.00      0.00      40.4105    0.8479     13.00     31.00     56.00    297.00      0.00       9.7585    0.2125      1.00      8.00     16.00     50.00      0.00
  1.0000   0.0200      152.8605    3.3737     45.00    105.00    218.00   1155.00      0.00     108.3145    2.3784     32.00     76.00    147.00    870.00      0.00       4.1775    0.1703      0.00      0.00      4.00     58.00      0.00
  0.8000   0.2000       13.6275    0.2692      5.00     10.00     18.00    107.00      0.00       3.3065    0.0758      1.00      2.00      4.00     31.00      0.00      23.9680    0.2833     15.00     22.00     32.00     78.00      0.00
  0.8000   0.1800       15.8770    0.3262      6.00     12.00     21.00    127.00      0.00       3.7645    0.0844      1.00      2.00      5.00     25.00      0.00      23.5080    0.2923     14.00     22.00     31.00     89.00      0.00
  0.8000   0.1600       18.6910    0.3830      7.00     13.00     25.00    146.00      0.00       4.5940    0.1042      1.00      3.00      6.00     34.00      0.00      22.2275    0.2859     13.00     21.00     30.00     75.00      0.00
  0.8000   0.1400       22.1855    0.4644      8.00     16.00     29.00    189.00      0.00       5.5175    0.1207      1.00      4.00      8.00     38.00      0.00      22.2205    0.2946     13.00     21.00     30.00     80.00      0.00
  0.8000   0.1200       27.7545    0.6064      9.00     19.00     37.00    413.00      0.00       6.6920    0.1388      2.00      5.00      9.00     45.00      0.00      21.3110    0.3038     12.00     20.00     30.00    103.00      0.00
  0.8000   0.1000       35.5970    0.7471     12.00     25.00     50.00    296.00      0.00       8.8755    0.1803      3.00      6.00     13.00     62.00      0.00      19.7690    0.2962     11.00     19.00     28.00     84.00      0.00
  0.8000   0.0800       48.4855    1.0672     15.00     33.00     66.00    504.00      0.00      12.0195    0.2420      4.00      9.00     17.00     93.00      0.00      18.5335    0.3009      8.00     18.00     27.00     75.00      0.00
  0.8000   0.0600       68.5155    1.5254     22.00     49.00     94.00    773.00      0.00      19.7490    0.3634      7.00     16.00     29.00    156.00      0.00      15.9275    0.3103      3.00     14.00     25.00     85.00      0.00
  0.8000   0.0400      104.6175    2.3432     31.00     73.00    144.00    944.00      0.00      40.2700    0.8676     13.00     30.00     56.00    420.00      0.00      11.8545    0.3046      1.00      6.00     20.00     73.00      0.00
  0.8000   0.0200      162.0070    3.5856     47.00    116.00    229.00   1498.00      0.00     108.3665    2.3864     31.00     77.00    153.00    889.00      0.00       4.7790    0.2223      0.00      0.00      3.00     75.00      0.00
  0.6000   0.2000       19.4750    0.3758      8.00     14.00     26.00    113.00      0.00       3.3605    0.0771      1.00      2.00      4.00     27.00      0.00      35.9290    0.4772     21.00     33.00     47.00    159.00      0.00
  0.6000   0.1800       22.8730    0.4526      9.00     17.00     31.00    178.00      0.00       3.7320    0.0856      1.00      2.00      5.00     40.00      0.00      35.7940    0.4865     20.00     33.00     47.00    134.00      0.00
  0.6000   0.1600       26.3540    0.5208     10.00     19.00     36.00    194.00      0.00       4.4260    0.0976      1.00      3.00      6.00     40.00      0.00      35.5330    0.5028     20.00     33.00     48.00    139.00      0.00
  0.6000   0.1400       31.9300    0.6740     11.00     23.00     42.00    260.00      0.00       5.2915    0.1183      1.00      3.00      8.00     40.00      0.00      33.3935    0.5040     17.00     31.00     46.00    146.00      0.00
  0.6000   0.1200       37.0640    0.8050     13.00     26.00     49.00    329.00      0.00       6.7890    0.1481      2.00      5.00      9.00     56.00      0.00      31.0700    0.5026     14.00     28.00     44.00    155.00      0.00
  0.6000   0.1000       48.9145    1.0135     18.00     35.00     67.00    439.00      0.00       8.8130    0.1729      2.00      6.00     13.00     50.00      0.00      29.0370    0.4931     11.00     26.00     42.00    123.00      0.00
  0.6000   0.0800       68.0935    1.5187     21.00     48.00     92.00    719.00      0.00      12.1910    0.2317      4.00     10.00     18.00     69.00      0.00      26.8770    0.5182      6.00     24.00     41.00    147.00      0.00
  0.6000   0.0600       91.0720    2.0253     26.00     62.00    125.00    679.00      0.00      19.5295    0.3776      7.00     16.00     28.00    153.00      0.00      21.6145    0.4886      2.00     16.00     35.00    142.00      0.00
  0.6000   0.0400      125.9305    2.7621     37.00     89.00    172.00    917.00      0.00      40.6710    0.8479     14.00     31.00     56.00    470.00      0.00      14.0595    0.4427      1.00      3.00     24.00    108.00      0.00
  0.6000   0.0200      175.1830    3.9544     49.00    120.00    241.00   1346.00      0.00     107.9020    2.4259     31.00     73.00    153.00   1025.00      0.00       5.1080    0.2792      0.00      0.00      2.00     95.00      0.00
  0.4000   0.2000       33.4820    0.6382     14.00     25.00     45.00    211.00      0.00       3.1750    0.0747      1.00      2.00      4.00     32.00      0.00      65.2830    1.0895     30.00     57.00     91.00    352.00      0.00
  0.4000   0.1800       39.6920    0.8278     15.00     29.00     52.00    416.00      0.00       3.7980    0.0871      1.00      2.00      5.00     27.00      0.00      65.2805    1.1318     29.00     56.00     91.00    402.00      0.00
  0.4000   0.1600       43.6470    0.9046     17.00     32.00     57.00    318.00      0.00       4.3425    0.0962      1.00      3.00      6.00     37.00      0.00      63.0685    1.1079     26.00     54.00     89.00    316.00      0.00
  0.4000   0.1400       52.3910    1.0638     19.00     39.00     71.00    342.00      0.00       5.4180    0.1177      1.00      4.00      8.00     35.00      0.00      58.2265    1.0795     21.00     48.00     84.00    322.00      0.00
  0.4000   0.1200       61.7020    1.3568     20.00     42.00     81.00    556.00      0.00       6.6415    0.1389      2.00      5.00     10.00     37.00      0.00      56.6005    1.1115     17.00     46.00     81.00    353.00      0.00
  0.4000   0.1000       80.5425    1.7667     24.00     57.00    110.00    671.00      0.00       8.6600    0.1773      3.00      6.00     12.00     73.00      0.00      48.6015    1.0460     10.00     38.00     73.00    321.00      0.00
  0.4000   0.0800       96.7180    2.1234     30.00     67.00    131.00    704.00      0.00      12.2500    0.2401      4.00     10.00     18.00    112.00      0.00      41.5420    0.9812      5.00     29.00     64.00    289.00      0.00
  0.4000   0.0600      122.1005    2.7785     35.00     84.00    169.00   1225.00      0.00      19.8530    0.3831      7.00     16.00     29.00    161.00      0.00      30.5135    0.9113      2.00     12.00     45.00    308.00      0.00
  0.4000   0.0400      147.7440    3.1775     46.00    102.00    213.00   1356.00      0.00      40.4165    0.8360     14.00     31.00     55.00    340.00      0.00      16.6270    0.6749      1.00      3.00     16.00    252.00      0.00
  0.4000   0.0200      197.1810    4.3072     58.00    140.00    275.00   1347.00      0.00     113.3135    2.6451     32.00     76.00    152.00   1012.00      0.00       5.5425    0.4072      0.00      0.00      2.00    227.00      0.00
  0.2000   0.2000       97.6110    2.1089     32.00     68.00    133.00    734.00      0.00       3.2065    0.0760      1.00      2.00      4.00     30.00      0.00     160.9685    3.6678     40.00    112.00    225.00   1781.00      0.00
  0.2000   0.1800      105.0620    2.2191     34.00     74.00    145.00    752.00      0.00       3.8150    0.0884      1.00      2.00      5.00     24.00      0.00     151.5545    3.5814     35.00    103.00    215.00   1175.00      0.00
  0.2000   0.1600      117.5355    2.4844     38.00     83.00    167.00    877.00      0.00       4.5185    0.1020      1.00      3.00      6.00     28.00      0.00     134.0430    3.1732     31.00     89.00    190.00   1037.00      0.00
  0.2000   0.1400      130.0680    2.8423     38.00     91.00    180.00    860.00      0.00       5.3790    0.1155      1.00      4.00      8.00     32.00      0.00     117.9280    2.9910     20.00     72.00    176.00   1352.00      0.00
  0.2000   0.1200      144.4040    3.1575     44.00    101.00    196.00   1175.00      0.00       6.5475    0.1383      2.00      5.00      9.00     46.00      0.00      97.2735    2.5347     16.00     54.00    141.00    775.00      0.00
  0.2000   0.1000      158.7665    3.5088     48.00    113.00    220.00   1220.00      0.00       8.8010    0.1777      3.00      6.00     13.00     55.00      0.00      76.1985    2.2036      9.00     37.00    107.00    734.00      0.00
  0.2000   0.0800      169.0745    3.6754     51.00    118.00    233.00   1257.00      0.00      12.2975    0.2333      4.00     10.00     18.00     72.00      0.00      52.1180    1.6469      5.00     22.00     70.00    632.00      0.00
  0.2000   0.0600      176.7595    3.7450     51.00    129.00    248.00   1064.00      0.00      18.9415    0.3750      6.00     15.00     28.00    164.00      0.00      32.9230    1.2578      2.00     10.00     39.00    541.00      0.00
  0.2000   0.0400      186.4020    4.0999     57.00    128.00    260.00   2000.00      0.00      41.1220    0.8579     15.00     31.00     55.00    271.00      0.00      14.3730    0.8097      1.00      3.00     11.00    381.00      0.00
  0.2000   0.0200      199.6050    4.4660     56.00    137.00    281.00   1678.00      0.00     109.8845    2.5391     30.00     75.00    150.00   1015.00      0.00       3.5650    0.3041      0.00      0.00      2.00    214.00      0.00
