Amp Radius  OC_Mean OC_Std OC_Q1 OC_Med OC_Q3 OC_Max OC_Min  Exp_Mean Exp_Std Exp_Q1 Exp_Med Exp_Q3 Exp_Max Exp_Min  Num_Mean Num_Std Num_Q1 Num_Med Num_Q3 Num_Max Num_Min
  2.0000   0.2000        6.2465    0.1269      2.00      4.00      8.00     47.00      0.00       4.1260    0.0977      1.00      2.00      6.00     37.00      0.00       9.0295    0.0836      7.00     10.00     11.00     27.00      0.00
  2.0000   0.1800        7.2350    0.1462      2.00      5.00     10.00     47.00      0.00       4.8075    0.1135      1.00      3.00      7.00     40.00      0.00       9.0200    0.0818      7.00     10.00     11.00     25.00      0.00
  2.0000   0.1600        8.6950    0.1823      3.00      6.00     12.00     72.00      0.00       5.8710    0.1411      1.00      4.00      8.00     61.00      0.00       8.7870    0.0818      7.00     10.00     11.00     21.00      0.00
  2.0000   0.1400       10.2180    0.2012      3.00      7.00     14.00     63.00      0.00       6.9965    0.1591      2.00      5.00     10.00     49.00      0.00       8.5775    0.0817      6.00     10.00     11.00     22.00      0.00
  2.0000   0.1200       12.6060    0.2494      4.00     10.00     17.00    105.00      0.00       9.0315    0.1914      2.00      7.00     13.00     67.00      0.00       8.4125    0.0801      6.00     10.00     10.00     23.00      0.00
  2.0000   0.1000       15.7325    0.3135      5.00     12.00     22.00    127.00      0.00      11.0425    0.2261      3.00      8.00     16.00     72.00      0.00       8.0920    0.0831      6.00     10.00     10.00     22.00      0.00
  2.0000   0.0800       22.1045    0.4426      8.00     17.00     30.00    155.00      0.00      16.1605    0.3161      5.00     13.00     23.00    115.00      0.00       7.8140    0.0859      6.00      9.00     10.00     21.00      0.00
  2.0000   0.0600       35.5325    0.7289     12.00     27.00     49.00    258.00      0.00      26.2750    0.5261      9.00     21.00     37.00    184.00      0.00       7.0755    0.0912      5.00      8.00     10.00     23.00      0.00
  2.0000   0.0400       62.7555    1.2928     21.00     47.00     87.00    502.00      0.00      51.9385    1.0893     16.00     40.00     72.00    410.00      0.00       5.5365    0.0981      0.00      6.00     10.00     18.00      0.00
  2.0000   0.0200      130.5090    2.9821     34.00     89.00    185.00   1221.00      0.00     120.7800    2.7793     32.00     82.00    170.00    984.00      0.00       2.5360    0.0822      0.00      0.00      6.00     17.00      0.00
  1.8000   0.2000        6.7220    0.1377      3.00      5.00      9.00     55.00      0.00       4.0810    0.0978      1.00      2.00      5.00     32.00      0.00       9.6635    0.0873      8.00     10.00     12.00     26.00      0.00
  1.8000   0.1800        7.9070    0.1652      3.00      5.00     11.00     60.00      0.00       4.8615    0.1161      1.00      3.00      7.00     35.00      0.00       9.4305    0.0867      7.00     10.00     12.00     24.00      0.00
  1.8000   0.1600        8.8105    0.1802      3.00      6.00     12.00     75.00      0.00       5.4855    0.1275      1.00      3.00      8.00     37.00      0.00       9.3375    0.0858      7.00     10.00     11.00     33.00      0.00
  1.8000   0.1400       11.0130    0.2328      4.00      8.00     15.00    118.00      0.00       6.7440    0.1503      2.00      4.00      9.00     44.00      0.00       9.2075    0.0869      7.00     10.00     11.00     23.00      0.00
  1.8000   0.1200       13.6875    0.2865      4.00     10.00     19.00    149.00      0.00       8.9670    0.1898      2.00      6.00     13.00     57.00      0.00       8.7825    0.0893      7.00     10.00     11.00     23.00      0.00
  1.8000   0.1000       17.8220    0.3512      6.00     13.00     25.00    124.00      0.00      11.4375    0.2255      3.00      9.00     17.00     72.00      0.00       8.6505    0.0857      7.00     10.00     11.00     24.00      0.00
  1.8000   0.0800       23.4860    0.5156      7.00     17.00     32.00    207.00      0.00      15.4660    0.3199      4.00     12.00     22.00    119.00      0.00       8.1550    0.0938      6.00      9.00     10.00     22.00      0.00
  1.8000   0.0600       36.9925    0.8119     12.00     27.00     48.00    329.00      0.00      25.1805    0.5132      9.00     20.00     35.00    228.00      0.00       7.2165    0.1025      4.00      8.00     10.00     23.00      0.00
  1.8000   0.0400       69.8335    1.5138     22.00     50.00     96.00    734.00      0.00      53.5740    1.1241     17.00     40.00     75.00    370.00      0.00       5.7940    0.1053      0.00      6.00     10.00     20.00      0.00
  1.8000   0.0200      136.2780    3.0476     41.00     97.00    188.00   1115.00      0.00     120.7680    2.7092     36.00     85.00    168.00   1005.00      0.00       2.5980    0.0895      0.00      0.00      5.00     22.00      0.00
  1.6000   0.2000        7.7355    0.1558      3.00      5.00     10.00     59.00      0.00       4.3985    0.1072      1.00      3.00      6.00     37.00      0.00      10.4575    0.0989      8.00     10.00     12.00     29.00      0.00
  1.6000   0.1800        8.7250    0.1786      3.00      6.00     12.00     74.00      0.00       4.8720    0.1146      1.00      3.00      7.00     35.00      0.00      10.3630    0.0975      8.00     10.00     12.00     28.00      0.00
  1.6000   0.1600       10.1310    0.2111      3.00      7.00     14.00     78.00      0.00       5.8040    0.1421      1.00      3.00      8.00     57.00      0.00      10.0600    0.0976      8.00     10.00     12.00     25.00      0.00
  1.6000   0.1400       12.2200    0.2416      4.00      9.00     17.00    104.00      0.00       7.2665    0.1591      2.00      5.00     10.00     63.00      0.00       9.9960    0.0954      8.00     10.00     12.00     28.00      0.00
  1.6000   0.1200       15.4830    0.3257      5.00     11.00     21.00    126.00      0.00       8.8490    0.1900      2.00      6.00     13.00     74.00      0.00       9.7250    0.0967      8.00     10.00     12.00     28.00      0.00
  1.6000   0.1000       19.3815    0.4075      6.00     14.00     27.00    152.00      0.00      11.3570    0.2321      3.00      8.00     17.00     71.00      0.00       9.1685    0.0985      7.00     10.00     11.00     24.00      0.00
  1.6000   0.0800       26.8385    0.5663      9.00     20.00     36.00    202.00      0.00      15.8340    0.3081      5.00     13.00     23.00    108.00      0.00       8.6745    0.1011      6.00     10.00     11.00     29.00      0.00
  1.6000   0.0600       40.8250    0.8398     13.00     31.00     57.00    294.00      0.00      25.8260    0.5181      8.00     20.00     37.00    218.00      0.00       7.9960    0.1097      5.00      9.00     11.00     28.00      0.00
  1.6000   0.0400       70.8165    1.5129     22.00     50.00     98.00    531.00      0.00      51.3210    1.1204     16.00     37.00     70.00    334.00      0.00       6.2790    0.1176      0.00      7.00     10.00     28.00      0.00
  1.6000   0.0200      143.0960    3.2625     39.00    100.00    194.00   1175.00      0.00     126.4750    2.9255     36.00     87.00    174.00   1175.00      0.00       2.8675    0.1027      0.00      0.00      6.00     29.00      0.00
  1.4000   0.2000        8.5010    0.1741      3.00      6.00     11.00     68.00      0.00       4.2460    0.1034      1.00      2.00      6.00     32.00      0.00      11.8655    0.1176      9.00     11.00     15.00     32.00      0.00
  1.4000   0.1800        9.7110    0.2092      4.00      7.00     13.00    120.00      0.00       4.8860    0.1144      1.00      3.00      7.00     37.00      0.00      11.4145    0.1141      9.00     11.00     14.00     34.00      0.00
  1.4000   0.1600       11.5795    0.2342      4.00      8.00     16.00     93.00      0.00       5.8335    0.1338      1.00      4.00      8.00     47.00      0.00      11.3650    0.1167      9.00     11.00     14.00     31.00      0.00
  1.4000   0.1400       13.4710    0.2776      5.00     10.00     18.00    138.00      0.00       6.8360    0.1511      2.00      5.00     10.00     51.00      0.00      10.9495    0.1163      8.00     11.00     13.00     32.00      0.00
  1.4000   0.1200       16.7685    0.3661      6.00     12.00     23.00    177.00      0.00       8.5780    0.1846      2.00      6.00     13.00     62.00      0.00      10.7975    0.1200      8.00     11.00     13.00     34.00      0.00
  1.4000   0.1000       22.8855    0.5003      7.00     16.00     31.00    228.00      0.00      11.5990    0.2348      3.00      9.00     17.00     80.00      0.00      10.5340    0.1214      8.00     10.00     13.00     34.00      0.00
  1.4000   0.0800       31.3785    0.6803     10.00     22.00     43.00    258.00      0.00      15.9905    0.3248      5.00     13.00     23.00    154.00      0.00       9.7210    0.1235      7.00     10.00     13.00     32.00      0.00
  1.4000   0.0600       47.4210    1.0430     15.00     33.00     63.00    371.00      0.00      25.9965    0.4992      9.00     21.00     37.00    189.00      0.00       8.6140    0.1310      4.00      9.00     12.00     30.00      0.00
  1.4000   0.0400       82.9205    1.7872     26.00     59.00    110.00    565.00      0.00      53.8910    1.1459     18.00     39.00     75.00    484.00      0.00       6.5755    0.1377      0.00      7.00     11.00     32.00      0.00
  1.4000   0.0200      146.3545    3.2849     40.00     99.00    205.00   1155.00      0.00     124.4465    2.8343     35.00     83.00    173.00    894.00      0.00       3.2660    0.1153      0.00      0.00      6.00     24.00      0.00
  1.2000   0.2000       10.0335    0.2100      4.00      7.00     13.00     73.00      0.00       4.2945    0.1061      1.00      2.00      6.00     32.00      0.00      14.0805    0.1513     10.00     13.00     18.00     40.00      0.00
  1.2000   0.1800       11.1440    0.2387      4.00      7.00     15.00     98.00      0.00       4.7640    0.1133      1.00      3.00      6.00     37.00      0.00      13.6030    0.1472     10.00     13.00     18.00     45.00      0.00
  1.2000   0.1600       13.7445    0.2834      5.00     10.00     18.00     90.00      0.00       5.9440    0.1390      1.00      4.00      8.00     47.00      0.00      13.7005    0.1495     10.00     13.00     18.00     40.00      0.00
  1.2000   0.1400       15.8945    0.3434      6.00     11.00     21.00    153.00      0.00       6.8605    0.1516      2.00      5.00     10.00     56.00      0.00      13.0850    0.1509     10.00     12.00     17.00     42.00      0.00
  1.2000   0.1200       20.8980    0.4534      7.00     15.00     29.00    217.00      0.00       9.1865    0.1931      3.00      6.00     14.00     66.00      0.00      12.9240    0.1572      9.00     12.00     17.00     45.00      0.00
  1.2000   0.1000       26.0305    0.5758      8.00     18.00     34.00    195.00      0.00      11.1345    0.2295      3.00      8.00     16.00     64.00      0.00      12.2655    0.1559      8.00     11.00     17.00     42.00      0.00
  1.2000   0.0800       35.6570    0.7702     11.00     25.00     49.00    251.00      0.00      15.8980    0.3200      5.00     12.00     24.00    103.00      0.00      11.5470    0.1608      7.00     11.00     16.00     45.00      0.00
  1.2000   0.0600       51.7565    1.1029     16.00     37.00     72.00    342.00      0.00      25.0890    0.5200      8.00     19.00     36.00    337.00      0.00       9.8405    0.1644      3.00     10.00     15.00     40.00      0.00
  1.2000   0.0400       87.9290    2.0168     25.00     61.00    119.00    662.00      0.00      52.4260    1.1829     16.00     38.00     71.00    617.00      0.00       7.5455    0.1692      0.00      6.00     13.00     37.00      0.00
  1.2000   0.0200      152.9810    3.4816     45.00    108.00    207.00   1444.00      0.00     123.0555    2.7786     34.00     86.00    169.00    971.00      0.00       3.6385    0.1428      0.00      0.00      6.00     48.00      0.00
  1.0000   0.2000       11.6270    0.2415      4.00      8.00     16.00     98.00      0.00       4.1025    0.0980      1.00      2.00      5.00     33.00      0.00      17.2370    0.1924     11.00     16.00     22.00     55.00      0.00
  1.0000   0.1800       13.2085    0.2653      5.00     10.00     18.00     88.00      0.00       4.8550    0.1171      1.00      3.00      7.00     33.00      0.00      16.9830    0.1915     11.00     16.00     22.00     52.00      0.00
  1.0000   0.1600       16.2985    0.3420      6.00     11.00     22.00    120.00      0.00       6.0570    0.1389      1.00      4.00      8.00     45.00      0.00      16.9025    0.1990     11.00     16.00     22.00     65.00      0.00
  1.0000   0.1400       19.7190    0.4191      7.00     14.00     27.00    209.00      0.00       6.8005    0.1494      2.00      4.00     10.00     42.00      0.00      16.5680    0.1980     11.00     16.00     22.00     53.00      0.00
  1.0000   0.1200       25.1680    0.5518      8.00     18.00     33.00    218.00      0.00       9.1390    0.1860      2.00      7.00     13.00     56.00      0.00      15.5235    0.2078     10.00     15.00     21.00     49.00      0.00
  1.0000   0.1000       30.1815    0.6553     10.00     22.00     41.00    380.00      0.00      11.2930    0.2263      3.00      9.00     16.00     79.00      0.00      14.7325    0.2108      9.00     14.00     20.00     58.00      0.00
  1.0000   0.0800       45.3865    1.0384     14.00     31.00     60.00    418.00      0.00      15.9155    0.3133      5.00     13.00     23.00    108.00      0.00      14.0820    0.2126      8.00     13.00     20.00     55.00      0.00
  1.0000   0.0600       64.5585    1.4485     20.00     44.00     91.00    505.00      0.00      25.0980    0.5044      8.00     20.00     35.00    224.00      0.00      11.7830    0.2211      2.00     11.00     18.00     60.00      0.00
  1.0000   0.0400      103.5105    2.3104     31.00     71.00    144.00    904.00      0.00      53.7430    1.1542     18.00     40.00     74.00    470.00      0.00       9.1050    0.2219      0.00      6.00     16.00     63.00      0.00
  1.0000   0.0200      159.6535    3.6469     48.00    114.00    217.00   1356.00      0.00     121.6830    2.7112     39.00     88.00    165.00   1103.00      0.00       3.6665    0.1649      0.00      0.00      2.00     47.00      0.00
  0.8000   0.2000       15.4915    0.3208      6.00     11.00     21.00    120.00      0.00       4.2490    0.1046      1.00      2.00      5.00     47.00      0.00      23.7560    0.2992     14.00     22.00     31.00    119.00      0.00
  0.8000   0.1800       17.6070    0.3682      6.00     13.00     24.00    124.00      0.00       4.7545    0.1167      1.00      3.00      6.00     42.00      0.00      22.9150    0.2897     14.00     22.00     31.00     73.00      0.00
  0.8000   0.1600       20.5640    0.4240      7.00     15.00     28.00    150.00      0.00       5.9260    0.1318      1.00      4.00      8.00     45.00      0.00      22.9345    0.2967     14.00     22.00     31.00     86.00      0.00
  0.8000   0.1400       25.6910    0.5577      9.00     18.00     34.00    264.00      0.00       6.9660    0.1511      2.00      5.00     10.00     56.00      0.00      21.8100    0.2953     12.00     21.00     30.00     71.00      0.00
  0.8000   0.1200       31.1035    0.6856     10.00     22.00     41.00    244.00      0.00       8.8580    0.1909      2.00      6.00     13.00     67.00      0.00      20.5640    0.3021     11.00     20.00     29.00     89.00      0.00
  0.8000   0.1000       41.8235    0.8800     14.00     30.00     57.00    319.00      0.00      11.4770    0.2371      3.00      9.00     17.00     98.00      0.00      20.2590    0.3123     10.00     20.00     29.00     86.00      0.00
  0.8000   0.0800       54.7320    1.2222     17.00     39.00     75.00    591.00      0.00      16.1590    0.3245      5.00     13.00     23.00    109.00      0.00      17.8390    0.3060      6.00     17.00     27.00     70.00      0.00
  0.8000   0.0600       78.1385    1.7491     24.00     53.00    108.00    795.00      0.00      26.3855    0.5160      9.00     21.00     38.00    252.00      0.00      15.2810    0.3049      2.00     13.00     25.00     78.00      0.00
  0.8000   0.0400      115.0690    2.6309     33.00     80.00    155.00    829.00      0.00      50.3225    1.0913     15.00     37.00     70.00    380.00      0.00      10.8860    0.3015      0.00      3.00     19.00     77.00      0.00
  0.8000   0.0200      162.2555    3.5394     46.00    111.00    229.00    993.00      0.00     117.2820    2.5914     33.00     80.00    168.00    734.00      0.00       4.1170    0.2042      0.00      0.00      2.00     64.00      0.00
  0.6000   0.2000       20.4555    0.4113      8.00     15.00     27.00    173.00      0.00       4.1855    0.1035      1.00      2.00      5.00     37.00      0.00      34.9795    0.4744     20.00     32.00     47.00    125.00      0.00
  0.6000   0.1800       24.8940    0.5604      9.00     17.00     33.00    365.00      0.00       4.8950    0.1180      1.00      3.00      7.00     32.00      0.00      34.3760    0.4972     18.00     31.00     48.00    144.00      0.00
  0.6000   0.1600       28.9895    0.6319     10.00     20.00     39.00    237.00      0.00       5.7665    0.1350      1.00      4.00      8.00     44.00      0.00      33.7515    0.4831     19.00     31.00     47.00    127.00      0.00
  0.6000   0.1400       33.2490    0.7196     11.00     24.00     44.00    288.00      0.00       7.1405    0.1593      2.00      5.00     11.00     48.00      0.00      31.7100    0.5028     15.00     30.00     45.00    151.00      0.00
  0.6000   0.1200       42.6640    0.9440     14.00     30.00     58.00    402.00      0.00       9.2140    0.2006      2.00      7.00     13.00     80.00      0.00      30.8860    0.5194     13.00     28.00     44.00    171.00      0.00
  0.6000   0.1000       56.0690    1.2477     17.00     38.00     77.00    405.00      0.00      11.2670    0.2343      3.00      8.00     17.00     72.00      0.00      29.4540    0.5195     11.00     26.00     43.00    125.00      0.00
  0.6000   0.0800       72.0660    1.5656     22.00     49.00    100.00    501.00      0.00      15.4600    0.3217      5.00     12.00     23.00    182.00      0.00      25.9305    0.5133      4.00     22.00     40.00    141.00      0.00
  0.6000   0.0600       99.2330    2.2070     29.00     69.00    136.00    810.00      0.00      26.4520    0.5208      9.00     21.00     38.00    222.00      0.00      20.7910    0.5033      2.00     12.00     34.00    133.00      0.00
  0.6000   0.0400      133.7385    2.9169     39.00     95.00    186.00    979.00      0.00      54.2245    1.1926     17.00     40.00     73.00    516.00      0.00      13.1235    0.4365      0.00      2.00     21.00    132.00      0.00
  0.6000   0.0200      179.1270    4.0551     52.00    125.00    242.00   1430.00      0.00     121.2320    2.7479     34.00     83.00    164.00    884.00      0.00       5.1400    0.2954      0.00      0.00      2.00    108.00      0.00
  0.4000   0.2000       34.0585    0.6918     13.00     25.00     45.00    272.00      0.00       4.1375    0.1011      1.00      2.00      6.00     35.00      0.00      64.3785    1.0510     29.00     57.00     90.00    289.00      0.00
  0.4000   0.1800       39.3355    0.8075     14.00     29.00     53.00    327.00      0.00       4.9360    0.1196      1.00      3.00      7.00     44.00      0.00      62.5070    1.0430     29.00     54.00     88.00    284.00      0.00
  0.4000   0.1600       46.4280    0.9440     17.00     34.00     63.00    344.00      0.00       5.7570    0.1323      1.00      4.00      8.00     42.00      0.00      61.2355    1.1154     24.00     52.00     86.00    305.00      0.00
  0.4000   0.1400       53.2935    1.0803     19.00     39.00     72.00    384.00      0.00       7.3420    0.1599      2.00      5.00     11.00     47.00      0.00      57.2825    1.0568     20.00     51.00     81.00    336.00      0.00
  0.4000   0.1200       66.2530    1.4872     21.00     48.00     89.00    782.00      0.00       8.7800    0.1820      2.00      6.00     13.00     52.00      0.00      53.0570    1.0633     12.00     44.00     80.00    261.00      0.00
  0.4000   0.1000       79.8070    1.7392     27.00     56.00    107.00    814.00      0.00      11.1375    0.2299      3.00      8.00     16.00     72.00      0.00      46.0660    1.0063      7.00     37.00     69.00    292.00      0.00
  0.4000   0.0800      101.8525    2.2143     31.00     71.00    142.00    670.00      0.00      16.0680    0.3246      5.00     12.00     23.00    122.00      0.00      39.8240    1.0073      4.00     24.00     63.00    321.00      0.00
  0.4000   0.0600      128.9440    2.7655     40.00     89.00    178.00    958.00      0.00      25.9870    0.5112      9.00     20.00     37.00    172.00      0.00      29.9755    0.9067      2.00     11.00     46.00    254.00      0.00
  0.4000   0.0400      159.7905    3.6042     46.00    107.00    221.00   1373.00      0.00      53.7225    1.1666     17.00     38.00     73.00    354.00      0.00      17.1090    0.7158      0.00      2.00     18.00    227.00      0.00
  0.4000   0.0200      196.6850    4.4995     53.00    135.00    267.00   1526.00      0.00     126.2645    2.8702     34.00     86.00    175.00   1070.00      0.00       6.0865    0.4766      0.00      0.00      1.00    235.00      0.00
  0.2000   0.2000       96.8635    2.1766     31.00     67.00    131.00    741.00      0.00       4.1665    0.1005      1.00      2.00      6.00     33.00      0.00     167.6865    3.8210     43.00    117.00    239.00   1236.00      0.00
  0.2000   0.1800      104.9420    2.2890     33.00     76.00    142.00   1138.00      0.00       4.9595    0.1185      1.00      3.00      7.00     46.00      0.00     156.7590    3.7213     37.00    103.00    224.00   1335.00      0.00
  0.2000   0.1600      115.2400    2.4571     36.00     82.00    161.00    859.00      0.00       5.6770    0.1260      1.00      4.00      8.00     33.00      0.00     137.2465    3.5038     25.00     86.00    188.00   1111.00      0.00
  0.2000   0.1400      129.8005    2.7533     43.00     91.00    183.00    840.00      0.00       7.1250    0.1583      2.00      5.00     10.00     44.00      0.00     126.0765    3.2734     18.00     72.00    183.00   1149.00      0.00
  0.2000   0.1200      133.0625    2.8987     41.00     96.00    184.00   1199.00      0.00       8.9085    0.1838      2.00      6.00     13.00     59.00      0.00      99.7415    2.7562     12.00     54.00    147.00   1005.00      0.00
  0.2000   0.1000      153.0165    3.4363     46.00    102.00    210.00   1135.00      0.00      11.3785    0.2301      3.00      9.00     17.00     71.00      0.00      85.2495    2.5896      6.00     38.00    118.00    951.00      0.00
  0.2000   0.0800      161.3915    3.6023     47.00    118.00    218.00   1469.00      0.00      16.4305    0.3275      5.00     13.00     24.00    112.00      0.00      53.3855    1.8352      3.00     17.00     69.00    633.00      0.00
  0.2000   0.0600      180.4435    3.9577     52.00    127.00    245.00   1284.00      0.00      26.3220    0.5585      9.00     21.00     36.00    301.00      0.00      32.8940    1.4231      2.00      7.00     32.00    484.00      0.00
  0.2000   0.0400      195.1150    4.2966     54.00    134.00    283.00   1296.00      0.00      52.0065    1.1118     17.00     39.00     71.00    670.00      0.00      16.6465    0.9529      0.00      2.00     11.00    593.00      0.00
  0.2000   0.0200      196.1210    4.4668     58.00    138.00    264.00   1495.00      0.00     118.7335    2.6307     34.00     84.00    167.00   1070.00      0.00       3.9960    0.4351      0.00      0.00      1.00    451.00      0.00
