Amp Radius  OC_Mean OC_Std OC_Q1 OC_Med OC_Q3 OC_Max OC_Min  Exp_Mean Exp_Std Exp_Q1 Exp_Med Exp_Q3 Exp_Max Exp_Min  Num_Mean Num_Std Num_Q1 Num_Med Num_Q3 Num_Max Num_Min
  2.0000   0.2000        4.2600    0.0719      2.00      3.00      5.00     45.00      0.00       2.3540    0.0465      1.00      2.00      3.00     18.00      0.00       9.1380    0.0811      7.00     10.00     12.00     21.00      0.00
  2.0000   0.1800        4.7605    0.0795      2.00      4.00      6.00     29.00      0.00       2.5330    0.0510      1.00      2.00      3.00     20.00      0.00       9.1210    0.0826      6.00     10.00     11.00     22.00      0.00
  2.0000   0.1600        5.4675    0.0995      2.00      4.00      7.00     62.00      0.00       3.0305    0.0620      1.00      2.00      4.00     24.00      0.00       8.7780    0.0823      6.00     10.00     11.00     23.00      0.00
  2.0000   0.1400        6.3710    0.1101      3.00      5.00      9.00     48.00      0.00       3.6455    0.0716      1.00      3.00      5.00     32.00      0.00       8.6460    0.0796      6.00     10.00     11.00     22.00      0.00
  2.0000   0.1200        8.0955    0.1483      3.00      6.00     11.00     56.00      0.00       4.6345    0.0923      1.00      3.00      7.00     33.00      0.00       8.3305    0.0813      6.00      9.00     11.00     24.00      0.00
  2.0000   0.1000        9.9400    0.1826      4.00      8.00     13.00     84.00      0.00       5.7165    0.1073      2.00      4.00      8.00     38.00      0.00       8.2025    0.0790      6.00      9.00     10.00     20.00      0.00
  2.0000   0.0800       13.3715    0.2500      5.00     10.00     18.00     89.00      0.00       8.0855    0.1534      3.00      6.00     12.00     48.00      0.00       7.9115    0.0789      6.00      9.00     10.00     21.00      0.00
  2.0000   0.0600       20.5510    0.4058      8.00     16.00     27.00    139.00      0.00      12.2285    0.2195      4.00     10.00     18.00     65.00      0.00       7.4865    0.0805      6.00      8.00     10.00     20.00      0.00
  2.0000   0.0400       36.5525    0.7564     13.00     27.00     49.00    380.00      0.00      23.3175    0.4561      9.00     19.00     32.00    235.00      0.00       6.4500    0.0889      4.00      7.00     10.00     20.00      0.00
  2.0000   0.0200      100.7620    2.2549     29.00     70.00    141.00    891.00      0.00      81.5380    1.7902     23.00     58.00    113.00    675.00      0.00       3.5085    0.0862      0.00      1.00      6.00     17.00      0.00
  1.8000   0.2000        4.7715    0.0813      2.00      4.00      6.00     34.00      0.00       2.3295    0.0449      1.00      2.00      3.00     18.00      0.00       9.6495    0.0884      7.00     10.00     12.00     27.00      0.00
  1.8000   0.1800        5.3075    0.0931      2.00      4.00      7.00     36.00      0.00       2.6155    0.0544      1.00      2.00      3.00     21.00      0.00       9.6175    0.0868      7.00     10.00     12.00     27.00      0.00
  1.8000   0.1600        6.1690    0.1085      3.00      5.00      8.00     61.00      0.00       3.1130    0.0610      1.00      2.00      4.00     23.00      0.00       9.4775    0.0877      7.00     10.00     12.00     27.00      0.00
  1.8000   0.1400        7.0120    0.1271      3.00      5.00      9.00     59.00      0.00       3.5495    0.0711      1.00      2.00      5.00     27.00      0.00       9.3495    0.0837      7.00     10.00     11.00     23.00      0.00
  1.8000   0.1200        8.6695    0.1594      4.00      7.00     11.00     85.00      0.00       4.4385    0.0867      1.00      3.00      6.00     25.00      0.00       9.0540    0.0852      6.00     10.00     11.00     23.00      0.00
  1.8000   0.1000       11.3200    0.2144      4.00      9.00     15.00     79.00      0.00       5.9390    0.1153      2.00      4.00      8.00     41.00      0.00       8.7175    0.0851      6.00     10.00     11.00     21.00      0.00
  1.8000   0.0800       15.7185    0.3013      6.00     12.00     21.00    120.00      0.00       7.8545    0.1395      3.00      6.00     11.00     43.00      0.00       8.4770    0.0865      6.00      9.00     11.00     23.00      0.00
  1.8000   0.0600       23.8070    0.5003      9.00     17.00     32.00    271.00      0.00      12.2575    0.2194      5.00     10.00     18.00     75.00      0.00       7.7105    0.0923      5.00      8.00     10.00     20.00      0.00
  1.8000   0.0400       43.6245    0.9586     14.00     31.00     60.00    457.00      0.00      24.2040    0.5261      9.00     20.00     33.00    455.00      0.00       6.6565    0.0956      3.00      7.00     10.00     21.00      0.00
  1.8000   0.0200      106.5990    2.4169     31.00     75.00    148.00    940.00      0.00      79.9225    1.8162     23.00     55.00    110.00    728.00      0.00       3.6695    0.0944      0.00      1.00      7.00     20.00      0.00
  1.6000   0.2000        5.4815    0.0890      3.00      4.00      7.00     30.00      0.00       2.3765    0.0480      1.00      2.00      3.00     17.00      0.00      10.6480    0.0990      8.00     11.00     13.00     30.00      0.00
  1.6000   0.1800        6.0410    0.1016      3.00      5.00      8.00     42.00      0.00       2.5975    0.0522      1.00      2.00      3.00     22.00      0.00      10.6525    0.0940      8.00     11.00     13.00     30.00      0.00
  1.6000   0.1600        6.9695    0.1248      3.00      5.00      9.00     47.00      0.00       3.0330    0.0585      1.00      2.00      4.00     21.00      0.00      10.3785    0.0964      8.00     10.00     13.00     28.00      0.00
  1.6000   0.1400        8.2865    0.1495      4.00      6.00     11.00     64.00      0.00       3.7160    0.0733      1.00      3.00      5.00     26.00      0.00      10.2190    0.0960      7.00     10.00     13.00     26.00      0.00
  1.6000   0.1200        9.9785    0.1873      4.00      8.00     13.00     71.00      0.00       4.4355    0.0844      2.00      3.00      6.00     24.00      0.00       9.9165    0.0958      7.00     10.00     12.00     28.00      0.00
  1.6000   0.1000       13.3985    0.2521      5.00     10.00     18.00     95.00      0.00       6.0170    0.1137      2.00      5.00      8.00     41.00      0.00       9.6780    0.0981      7.00     10.00     12.00     27.00      0.00
  1.6000   0.0800       18.0665    0.3521      7.00     14.00     25.00    125.00      0.00       8.0625    0.1475      3.00      6.00     11.00     65.00      0.00       9.1680    0.1017      6.00     10.00     12.00     27.00      0.00
  1.6000   0.0600       26.6800    0.5565     10.00     20.00     35.00    256.00      0.00      12.2865    0.2269      4.00     10.00     18.00     77.00      0.00       8.3625    0.1048      6.00      9.00     11.00     24.00      0.00
  1.6000   0.0400       49.4490    1.0747     16.00     35.00     68.00    489.00      0.00      24.4430    0.4835      9.00     20.00     34.00    281.00      0.00       7.1930    0.1127      2.00      8.00     11.00     29.00      0.00
  1.6000   0.0200      113.9625    2.4815     32.00     81.00    157.00    718.00      0.00      80.7610    1.8074     25.00     56.00    110.00    687.00      0.00       3.7690    0.1048      0.00      1.00      7.00     23.00      0.00
  1.4000   0.2000        6.1505    0.1070      3.00      5.00      8.00     43.00      0.00       2.3040    0.0475      1.00      1.00      3.00     18.00      0.00      12.0250    0.1169      9.00     11.00     15.00     36.00      0.00
  1.4000   0.1800        7.0565    0.1266      3.00      5.00      9.00     51.00      0.00       2.6090    0.0525      1.00      2.00      3.00     24.00      0.00      11.9940    0.1123      9.00     12.00     15.00     32.00      0.00
  1.4000   0.1600        8.1540    0.1479      3.00      6.00     11.00     62.00      0.00       3.1130    0.0649      1.00      2.00      4.00     25.00      0.00      11.7210    0.1183      8.00     11.00     15.00     33.00      0.00
  1.4000   0.1400        9.3990    0.1811      4.00      7.00     12.00     90.00      0.00       3.5930    0.0726      1.00      3.00      5.00     27.00      0.00      11.3935    0.1193      8.00     11.00     14.00     39.00      0.00
  1.4000   0.1200       12.3475    0.2339      5.00      9.00     17.00     74.00      0.00       4.5845    0.0929      2.00      3.00      6.00     28.00      0.00      11.3850    0.1192      8.00     11.00     15.00     38.00      0.00
  1.4000   0.1000       15.7300    0.3229      6.00     11.00     21.00    129.00      0.00       5.8670    0.1169      2.00      4.00      8.00     39.00      0.00      10.8265    0.1180      7.00     11.00     14.00     39.00      0.00
  1.4000   0.0800       21.5980    0.4565      8.00     16.00     29.00    213.00      0.00       8.2385    0.1509      3.00      7.00     12.00     55.00      0.00      10.3400    0.1206      7.00     10.00     13.00     35.00      0.00
  1.4000   0.0600       32.2655    0.6477     12.00     24.00     45.00    269.00      0.00      12.2975    0.2156      5.00     10.00     18.00     68.00      0.00       9.5425    0.1246      6.00     10.00     13.00     30.00      0.00
  1.4000   0.0400       60.3635    1.3001     19.00     42.00     84.00    475.00      0.00      24.7375    0.4629      9.00     21.00     35.00    207.00      0.00       7.9800    0.1305      2.00      8.00     12.00     30.00      0.00
  1.4000   0.0200      124.9825    2.9349     36.00     83.00    170.00   1588.00      0.00      80.5780    1.8398     24.00     57.00    110.00    776.00      0.00       4.1370    0.1193      0.00      1.00      7.00     29.00      0.00
  1.2000   0.2000        7.1180    0.1268      3.00      5.00      9.00     56.00      0.00       2.3230    0.0479      1.00      2.00      3.00     22.00      0.00      14.1470    0.1481     10.00     13.00     18.00     45.00      0.00
  1.2000   0.1800        8.5045    0.1620      4.00      6.00     11.00     61.00      0.00       2.7100    0.0562      1.00      2.00      3.00     19.00      0.00      14.0690    0.1483     10.00     13.00     18.00     44.00      0.00
  1.2000   0.1600        9.9965    0.1964      4.00      7.00     13.00    109.00      0.00       3.1425    0.0642      1.00      2.00      4.00     23.00      0.00      13.7965    0.1471     10.00     13.00     18.00     64.00      0.00
  1.2000   0.1400       11.6775    0.2225      5.00      9.00     15.00     79.00      0.00       3.7210    0.0749      1.00      3.00      5.00     25.00      0.00      13.6745    0.1538     10.00     13.00     18.00     50.00      0.00
  1.2000   0.1200       14.5155    0.2888      6.00     11.00     19.00    114.00      0.00       4.6920    0.0895      2.00      3.00      6.00     27.00      0.00      13.1750    0.1477      9.00     13.00     17.00     45.00      0.00
  1.2000   0.1000       18.9745    0.3946      7.00     14.00     26.00    135.00      0.00       5.8365    0.1131      2.00      4.00      8.00     30.00      0.00      12.8860    0.1468      9.00     12.00     16.00     40.00      0.00
  1.2000   0.0800       25.9265    0.5335      9.00     19.00     35.00    234.00      0.00       8.0235    0.1436      3.00      6.00     11.00     43.00      0.00      12.3600    0.1516      8.00     12.00     17.00     50.00      0.00
  1.2000   0.0600       39.7680    0.8683     13.00     28.00     53.00    373.00      0.00      12.1875    0.2283      4.00     10.00     18.00    165.00      0.00      10.9700    0.1578      6.00     11.00     15.00     38.00      0.00
  1.2000   0.0400       66.4395    1.4101     22.00     48.00     93.00    430.00      0.00      24.1840    0.4346      9.00     20.00     35.00    173.00      0.00       9.0080    0.1636      2.00      9.00     14.00     42.00      0.00
  1.2000   0.0200      131.3870    2.9032     42.00     96.00    177.00   1060.00      0.00      80.8805    1.7436     24.00     59.00    114.00    665.00      0.00       4.3150    0.1396      0.00      1.00      8.00     37.00      0.00
  1.0000   0.2000        9.1185    0.1682      4.00      7.00     12.00     77.00      0.00       2.2060    0.0410      1.00      1.00      3.00     14.00      0.00      17.8505    0.1981     12.00     17.00     23.00     67.00      0.00
  1.0000   0.1800       10.6505    0.1983      5.00      8.00     14.00     85.00      0.00       2.6355    0.0526      1.00      2.00      3.00     19.00      0.00      17.7635    0.2035     12.00     17.00     23.00     58.00      0.00
  1.0000   0.1600       12.2420    0.2295      5.00      9.00     16.00     91.00      0.00       3.1495    0.0656      1.00      2.00      4.00     28.00      0.00      17.4760    0.2017     11.00     17.00     23.00     60.00      0.00
  1.0000   0.1400       14.6650    0.2886      6.00     11.00     19.00    124.00      0.00       3.6185    0.0712      1.00      3.00      5.00     23.00      0.00      16.9030    0.2038     11.00     16.00     22.00     63.00      0.00
  1.0000   0.1200       17.9885    0.3624      7.00     13.00     23.00    137.00      0.00       4.5565    0.0898      2.00      3.00      6.00     32.00      0.00      16.5255    0.2001     11.00     16.00     22.00     59.00      0.00
  1.0000   0.1000       24.3935    0.5308      9.00     18.00     32.00    321.00      0.00       5.9885    0.1178      2.00      4.00      8.00     38.00      0.00      16.1685    0.2025     10.00     16.00     21.00     61.00      0.00
  1.0000   0.0800       33.1525    0.6887     11.00     24.00     44.00    261.00      0.00       8.0890    0.1541      3.00      6.00     11.00     54.00      0.00      14.8645    0.2029      9.00     14.00     20.00     52.00      0.00
  1.0000   0.0600       50.7520    1.0912     16.00     35.00     71.00    544.00      0.00      12.4185    0.2305      4.00     10.00     18.00     90.00      0.00      13.5290    0.2141      6.00     13.00     20.00     74.00      0.00
  1.0000   0.0400       81.9045    1.7804     26.00     57.00    112.00    614.00      0.00      23.8290    0.4639      9.00     19.00     33.00    239.00      0.00      10.7035    0.2116      2.00     10.00     17.00     61.00      0.00
  1.0000   0.0200      145.0970    3.0916     42.00    103.00    207.00   1201.00      0.00      78.3795    1.7703     24.00     55.00    108.00    710.00      0.00       4.8520    0.1748      0.00      1.00      7.00     51.00      0.00
  0.8000   0.2000       12.6605    0.2364      6.00     10.00     16.00     89.00      0.00       2.3755    0.0467      1.00      2.00      3.00     18.00      0.00      24.6525    0.3064     15.00     23.00     32.00    115.00      0.00
  0.8000   0.1800       14.4170    0.2748      6.00     11.00     19.00    108.00      0.00       2.7265    0.0558      1.00      2.00      3.00     25.00      0.00      24.3495    0.2982     15.00     23.00     32.00     86.00      0.00
  0.8000   0.1600       17.3380    0.3486      7.00     13.00     23.00    154.00      0.00       3.1935    0.0630      1.00      2.00      4.00     23.00      0.00      23.5375    0.3040     14.00     22.00     31.00     77.00      0.00
  0.8000   0.1400       19.9510    0.3963      8.00     15.00     26.00    158.00      0.00       3.7075    0.0731      1.00      3.00      5.00     24.00      0.00      23.0585    0.2949     14.00     22.00     31.00     76.00      0.00
  0.8000   0.1200       24.4790    0.4846      9.00     19.00     32.00    160.00      0.00       4.5465    0.0879      2.00      3.00      6.00     26.00      0.00      22.0065    0.2865     13.00     21.00     30.00     80.00      0.00
  0.8000   0.1000       31.9795    0.6818     11.00     23.00     43.00    287.00      0.00       5.8365    0.1221      2.00      4.00      8.00     74.00      0.00      20.7230    0.2938     11.00     20.00     28.00     95.00      0.00
  0.8000   0.0800       44.9685    0.9870     15.00     32.00     60.00    442.00      0.00       8.2060    0.1507      3.00      7.00     12.00     40.00      0.00      19.8675    0.3099     10.00     19.00     28.00     73.00      0.00
  0.8000   0.0600       64.1215    1.3627     21.00     47.00     87.00    538.00      0.00      12.3810    0.2257      5.00     10.00     18.00     86.00      0.00      16.8680    0.3075      5.00     15.00     25.00    104.00      0.00
  0.8000   0.0400       99.7360    2.1704     29.00     70.00    137.00    714.00      0.00      23.3755    0.4269      9.00     19.00     34.00    138.00      0.00      12.1345    0.2884      1.00      7.00     20.00     66.00      0.00
  0.8000   0.0200      164.4705    3.7653     44.00    112.00    226.00   1482.00      0.00      79.6710    1.8073     23.00     54.00    107.00    616.00      0.00       5.1295    0.2100      0.00      1.00      4.00     66.00      0.00
  0.6000   0.2000       20.0705    0.3933      9.00     15.00     26.00    151.00      0.00       2.3595    0.0464      1.00      2.00      3.00     17.00      0.00      38.6630    0.5360     21.00     34.00     52.00    164.00      0.00
  0.6000   0.1800       22.6890    0.4721      9.00     17.00     30.00    380.00      0.00       2.6325    0.0506      1.00      2.00      3.00     20.00      0.00      37.5650    0.5216     21.00     34.00     50.00    155.00      0.00
  0.6000   0.1600       26.0125    0.5060     11.00     20.00     35.00    223.00      0.00       3.0920    0.0616      1.00      2.00      4.00     24.00      0.00      36.0345    0.5108     20.00     33.00     49.00    156.00      0.00
  0.6000   0.1400       30.7535    0.6394     12.00     22.00     40.00    292.00      0.00       3.6680    0.0722      1.00      3.00      5.00     25.00      0.00      34.2420    0.5076     18.00     31.00     47.00    176.00      0.00
  0.6000   0.1200       37.9750    0.8085     13.00     28.00     51.00    352.00      0.00       4.6305    0.0934      1.00      3.00      6.00     30.00      0.00      33.2655    0.4996     17.00     31.00     46.00    146.00      0.00
  0.6000   0.1000       49.3265    1.0835     17.00     34.00     65.00    441.00      0.00       5.8185    0.1084      2.00      4.00      8.00     34.00      0.00      31.7655    0.5038     15.00     29.00     45.00    144.00      0.00
  0.6000   0.0800       61.4005    1.3068     20.00     44.00     83.00    515.00      0.00       8.0975    0.1492      3.00      6.00     12.00     45.00      0.00      26.3060    0.4916      8.00     23.00     39.00    179.00      0.00
  0.6000   0.0600       87.5555    1.8697     29.00     62.00    122.00    787.00      0.00      12.3235    0.2234      4.00     10.00     18.00     79.00      0.00      22.9605    0.4819      4.00     18.00     35.00    161.00      0.00
  0.6000   0.0400      128.8305    2.8703     35.00     88.00    179.00   1161.00      0.00      23.9990    0.4549      9.00     19.00     34.00    295.00      0.00      14.7640    0.4146      1.00      6.00     24.00    111.00      0.00
  0.6000   0.0200      170.3570    3.7069     48.00    120.00    236.00   1152.00      0.00      80.2755    1.7106     25.00     57.00    113.00    672.00      0.00       5.3245    0.2765      0.00      1.00      3.00    102.00      0.00
  0.4000   0.2000       37.7370    0.7551     15.00     28.00     49.00    305.00      0.00       2.2840    0.0449      1.00      2.00      3.00     17.00      0.00      70.8530    1.1806     33.00     60.00     96.00    364.00      0.00
  0.4000   0.1800       42.8535    0.8796     16.00     32.00     57.00    346.00      0.00       2.6940    0.0551      1.00      2.00      3.00     21.00      0.00      67.2755    1.1440     30.00     58.00     93.00    398.00      0.00
  0.4000   0.1600       46.8395    0.9651     18.00     35.00     63.00    404.00      0.00       3.0655    0.0597      1.00      2.00      4.00     20.00      0.00      62.3950    1.0502     28.00     54.00     88.00    361.00      0.00
  0.4000   0.1400       57.7420    1.2453     20.00     40.00     79.00    559.00      0.00       3.8540    0.0773      1.00      3.00      5.00     23.00      0.00      61.7035    1.1257     23.00     51.00     88.00    332.00      0.00
  0.4000   0.1200       66.1770    1.4000     23.00     48.00     90.00    484.00      0.00       4.5355    0.0881      2.00      3.00      6.00     41.00      0.00      55.0280    1.0479     19.00     44.00     80.00    291.00      0.00
  0.4000   0.1000       83.7075    1.8342     28.00     58.00    111.00    614.00      0.00       6.1980    0.1212      2.00      5.00      9.00     33.00      0.00      46.7170    0.9705     13.00     36.00     68.00    398.00      0.00
  0.4000   0.0800      107.0015    2.3721     34.00     75.00    141.00    965.00      0.00       8.1775    0.1514      3.00      7.00     12.00     48.00      0.00      41.3240    0.9672      8.00     28.00     62.00    340.00      0.00
  0.4000   0.0600      126.5925    2.7275     39.00     90.00    178.00    993.00      0.00      11.7920    0.2188      4.00     10.00     17.00     95.00      0.00      29.6295    0.7983      4.00     14.00     44.00    230.00      0.00
  0.4000   0.0400      161.7340    3.6043     46.00    111.00    224.00   1200.00      0.00      24.1480    0.4737      9.00     19.00     34.00    249.00      0.00      16.9810    0.5971      1.00      5.00     20.00    163.00      0.00
  0.4000   0.0200      188.3795    4.1410     53.00    134.00    263.00   1404.00      0.00      81.0645    1.8034     25.00     57.00    111.00    733.00      0.00       5.1715    0.3694      0.00      1.00      3.00    207.00      0.00
  0.2000   0.2000      119.4740    2.5801     35.00     84.00    169.00    828.00      0.00       2.2560    0.0432      1.00      2.00      3.00     20.00      0.00     168.6460    3.7038     49.00    118.00    239.00   1156.00      0.00
  0.2000   0.1800      125.2055    2.7114     38.00     88.00    177.00   1330.00      0.00       2.6995    0.0531      1.00      2.00      3.00     17.00      0.00     146.8815    3.2260     40.00    104.00    208.00   1278.00      0.00
  0.2000   0.1600      139.7450    3.1234     43.00     97.00    190.00   1165.00      0.00       3.1245    0.0605      1.00      2.00      4.00     20.00      0.00     133.2740    3.2157     34.00     89.00    184.00   1399.00      0.00
  0.2000   0.1400      145.2700    3.2470     42.00    103.00    197.00   1042.00      0.00       3.6885    0.0713      1.00      3.00      5.00     25.00      0.00     111.2095    2.6584     26.00     73.00    153.00    893.00      0.00
  0.2000   0.1200      156.1555    3.4951     43.00    109.00    223.00   1749.00      0.00       4.6130    0.0884      2.00      3.00      6.00     30.00      0.00      86.9635    2.1486     18.00     57.00    123.00   1090.00      0.00
  0.2000   0.1000      163.5505    3.4992     49.00    116.00    224.00   1151.00      0.00       5.8615    0.1142      2.00      4.00      8.00     39.00      0.00      64.4945    1.6803     12.00     38.00     90.00    633.00      0.00
  0.2000   0.0800      173.8935    3.9184     52.00    119.00    236.00   1614.00      0.00       8.0960    0.1532      3.00      6.00     12.00     63.00      0.00      45.3105    1.3425      7.00     24.00     58.00    553.00      0.00
  0.2000   0.0600      179.8735    4.0568     53.00    122.00    247.00   1563.00      0.00      12.4980    0.2237      5.00     10.00     18.00     81.00      0.00      27.6435    0.9169      4.00     12.00     34.00    411.00      0.00
  0.2000   0.0400      194.4785    4.3910     54.00    134.00    267.00   1224.00      0.00      23.5910    0.4435      8.00     19.00     34.00    170.00      0.00      12.9950    0.5029      1.00      5.00     15.00    289.00      0.00
  0.2000   0.0200      197.0840    4.4335     56.00    133.00    277.00   1457.00      0.00      81.4825    1.7678     24.00     57.00    115.00    570.00      0.00       2.9115    0.1881      0.00      1.00      2.00    158.00      0.00
