Amp Radius  OC_Mean OC_Std OC_Q1 OC_Med OC_Q3 OC_Max OC_Min  Exp_Mean Exp_Std Exp_Q1 Exp_Med Exp_Q3 Exp_Max Exp_Min  Num_Mean Num_Std Num_Q1 Num_Med Num_Q3 Num_Max Num_Min
  2.0000   0.2000        3.8935    0.0501      2.00      3.00      5.00     19.00      0.00       1.6030    0.0225      1.00      1.00      2.00      9.00      0.00       9.4595    0.0937      7.00     10.00     12.00     22.00      0.00
  2.0000   0.1800        4.2025    0.0524      3.00      4.00      5.00     19.00      0.00       1.7935    0.0277      1.00      1.00      2.00     11.00      0.00       9.3020    0.0898      7.00     10.00     12.00     21.00      0.00
  2.0000   0.1600        4.9370    0.0688      3.00      4.00      6.00     29.00      0.00       2.0810    0.0340      1.00      2.00      3.00     11.00      0.00       9.1385    0.0901      6.00     10.00     12.00     22.00      0.00
  2.0000   0.1400        5.4900    0.0785      3.00      5.00      7.00     41.00      0.00       2.3925    0.0393      1.00      2.00      3.00     15.00      0.00       8.8440    0.0875      6.00     10.00     12.00     21.00      0.00
  2.0000   0.1200        6.5900    0.0978      3.00      6.00      9.00     53.00      0.00       2.9145    0.0487      1.00      2.00      4.00     15.00      0.00       8.7000    0.0868      6.00     10.00     11.00     24.00      0.00
  2.0000   0.1000        8.1245    0.1231      4.00      7.00     11.00     38.00      0.00       3.6975    0.0619      2.00      3.00      5.00     18.00      0.00       8.4745    0.0851      6.00      9.00     11.00     19.00      0.00
  2.0000   0.0800       10.6615    0.1899      5.00      9.00     14.00     83.00      0.00       5.0690    0.0913      2.00      4.00      7.00     49.00      0.00       8.0660    0.0852      6.00      9.00     11.00     21.00      0.00
  2.0000   0.0600       15.8655    0.2803      7.00     13.00     21.00    101.00      0.00       8.1360    0.1444      3.00      7.00     11.00     61.00      0.00       7.5395    0.0843      5.00      8.00     11.00     19.00      0.00
  2.0000   0.0400       29.4310    0.6122     11.00     22.00     38.00    264.00      0.00      17.0910    0.3464      6.00     13.00     23.00    150.00      0.00       6.7575    0.0867      4.00      7.00     10.00     18.00      0.00
  2.0000   0.0200       88.6090    1.8998     27.00     61.00    125.00    601.00      0.00      68.2700    1.5375     19.00     47.00     95.00    509.00      0.00       3.8075    0.0848      0.00      3.00      7.00     16.00      0.00
  1.8000   0.2000        4.4380    0.0579      3.00      4.00      6.00     22.00      0.00       1.6255    0.0230      1.00      1.00      2.00      9.00      0.00      10.3010    0.0980      8.00     11.00     13.00     27.00      0.00
  1.8000   0.1800        4.8855    0.0678      3.00      4.00      6.00     33.00      0.00       1.7700    0.0267      1.00      1.00      2.00     12.00      0.00      10.0990    0.0941      7.00     11.00     13.00     27.00      0.00
  1.8000   0.1600        5.3575    0.0733      3.00      5.00      7.00     27.00      0.00       2.0080    0.0327      1.00      1.00      3.00     13.00      0.00       9.8145    0.0934      7.00     10.00     12.00     28.00      0.00
  1.8000   0.1400        6.3430    0.0930      3.00      5.00      8.00     33.00      0.00       2.4550    0.0420      1.00      2.00      3.00     14.00      0.00       9.4175    0.0937      7.00     10.00     12.00     26.00      0.00
  1.8000   0.1200        7.3920    0.1172      4.00      6.00     10.00     48.00      0.00       2.8375    0.0510      1.00      2.00      4.00     16.00      0.00       9.2995    0.0913      7.00     10.00     12.00     24.00      0.00
  1.8000   0.1000        9.1330    0.1454      5.00      8.00     12.00     64.00      0.00       3.6585    0.0623      1.00      3.00      5.00     21.00      0.00       8.9285    0.0893      6.00     10.00     12.00     24.00      0.00
  1.8000   0.0800       12.2280    0.2030      6.00     10.00     16.00     80.00      0.00       5.0065    0.0864      2.00      4.00      7.00     25.00      0.00       8.5985    0.0873      6.00      9.00     11.00     20.00      0.00
  1.8000   0.0600       19.1780    0.3696      8.00     14.00     25.00    136.00      0.00       8.3185    0.1465      3.00      7.00     12.00     60.00      0.00       8.1800    0.0889      6.00      9.00     11.00     21.00      0.00
  1.8000   0.0400       34.7860    0.7106     13.00     25.00     47.00    263.00      0.00      17.5460    0.3624      6.00     13.00     24.00    186.00      0.00       7.1170    0.0917      4.00      8.00     10.00     20.00      0.00
  1.8000   0.0200       96.4275    2.0413     29.00     68.00    136.00    714.00      0.00      69.6660    1.5462     20.00     48.00     99.00    532.00      0.00       4.1500    0.0919      0.00      3.00      7.00     18.00      0.00
  1.6000   0.2000        5.0910    0.0707      3.00      4.00      7.00     30.00      0.00       1.6210    0.0237      1.00      1.00      2.00     10.00      0.00      11.3535    0.1067      8.00     11.00     14.00     33.00      0.00
  1.6000   0.1800        5.6220    0.0824      3.00      5.00      7.00     39.00      0.00       1.7610    0.0269      1.00      1.00      2.00     10.00      0.00      11.1050    0.1054      8.00     11.00     14.00     33.00      0.00
  1.6000   0.1600        6.5220    0.0962      4.00      5.00      8.00     34.00      0.00       2.0675    0.0319      1.00      2.00      3.00     11.00      0.00      10.8365    0.1037      8.00     11.00     14.00     28.00      0.00
  1.6000   0.1400        7.3835    0.1179      4.00      6.00      9.00     75.00      0.00       2.3320    0.0391      1.00      2.00      3.00     15.00      0.00      10.3745    0.0983      8.00     11.00     13.00     30.00      0.00
  1.6000   0.1200        8.7995    0.1380      4.00      7.00     12.00     64.00      0.00       2.9440    0.0510      1.00      2.00      4.00     23.00      0.00      10.3235    0.0983      7.00     11.00     13.00     33.00      0.00
  1.6000   0.1000       11.1870    0.1886      6.00      9.00     14.00     67.00      0.00       3.7510    0.0642      2.00      3.00      5.00     29.00      0.00       9.9255    0.0995      7.00     10.00     12.00     30.00      0.00
  1.6000   0.0800       14.4845    0.2633      6.00     12.00     19.00     91.00      0.00       5.0460    0.0876      2.00      4.00      7.00     33.00      0.00       9.3210    0.0942      7.00     10.00     12.00     28.00      0.00
  1.6000   0.0600       22.7395    0.4396      9.00     18.00     30.00    204.00      0.00       8.1260    0.1383      3.00      7.00     11.00     47.00      0.00       8.8085    0.0978      6.00     10.00     12.00     25.00      0.00
  1.6000   0.0400       40.0875    0.8544     14.00     29.00     55.00    423.00      0.00      17.0880    0.3550      6.00     14.00     23.00    199.00      0.00       7.4975    0.1015      4.00      8.00     11.00     21.00      0.00
  1.6000   0.0200      107.4985    2.3868     31.00     72.00    148.00    728.00      0.00      70.2885    1.6007     20.00     49.00     97.00    639.00      0.00       4.3065    0.1041      0.00      2.00      8.00     23.00      0.00
  1.4000   0.2000        6.0075    0.0838      3.00      5.00      8.00     31.00      0.00       1.6015    0.0227      1.00      1.00      2.00      9.00      0.00      12.8845    0.1254     10.00     13.00     16.00     40.00      0.00
  1.4000   0.1800        6.6510    0.0998      4.00      6.00      9.00     61.00      0.00       1.7715    0.0267      1.00      1.00      2.00     10.00      0.00      12.5445    0.1226      9.00     12.00     16.00     41.00      0.00
  1.4000   0.1600        7.7005    0.1121      4.00      7.00     10.00     41.00      0.00       2.0485    0.0321      1.00      2.00      3.00     12.00      0.00      12.3525    0.1174      9.00     12.00     15.00     31.00      0.00
  1.4000   0.1400        9.0000    0.1448      4.00      7.00     12.00     62.00      0.00       2.4260    0.0396      1.00      2.00      3.00     12.00      0.00      11.7610    0.1199      8.00     12.00     15.00     44.00      0.00
  1.4000   0.1200       10.6535    0.1806      5.00      9.00     14.00     61.00      0.00       2.8425    0.0479      1.00      2.00      4.00     13.00      0.00      11.4645    0.1140      8.00     11.00     14.00     33.00      0.00
  1.4000   0.1000       13.6470    0.2434      6.00     11.00     18.00     99.00      0.00       3.7695    0.0657      1.00      3.00      5.00     22.00      0.00      11.1640    0.1148      8.00     11.00     14.00     40.00      0.00
  1.4000   0.0800       18.5460    0.3560      8.00     14.00     25.00    188.00      0.00       5.2280    0.0886      2.00      4.00      7.00     35.00      0.00      10.4075    0.1107      7.00     11.00     13.00     33.00      0.00
  1.4000   0.0600       27.9040    0.5691     11.00     21.00     37.00    225.00      0.00       8.1130    0.1481      3.00      7.00     11.00     72.00      0.00       9.5120    0.1151      6.00     10.00     13.00     31.00      0.00
  1.4000   0.0400       48.3435    0.9966     18.00     35.00     66.00    415.00      0.00      18.3220    0.3799      7.00     14.00     24.00    154.00      0.00       8.3545    0.1204      4.00      9.00     12.00     31.00      0.00
  1.4000   0.0200      114.1920    2.5025     34.00     80.00    157.00   1184.00      0.00      71.1215    1.5796     20.00     49.00    103.00    508.00      0.00       4.4420    0.1126      0.00      2.00      8.00     23.00      0.00
  1.2000   0.2000        7.4495    0.1058      4.00      6.00     10.00     38.00      0.00       1.6050    0.0229      1.00      1.00      2.00     11.00      0.00      15.3755    0.1576     11.00     15.00     19.00     49.00      0.00
  1.2000   0.1800        8.3460    0.1314      4.00      7.00     11.00     51.00      0.00       1.7515    0.0274      1.00      1.00      2.00     14.00      0.00      14.7790    0.1545     10.00     14.00     19.00     48.00      0.00
  1.2000   0.1600        9.6405    0.1554      5.00      8.00     12.00     60.00      0.00       1.9755    0.0316      1.00      1.00      2.00     13.00      0.00      14.6790    0.1522     11.00     14.00     18.00     51.00      0.00
  1.2000   0.1400       11.0610    0.1835      5.00      9.00     14.00     85.00      0.00       2.4325    0.0405      1.00      2.00      3.00     12.00      0.00      13.8815    0.1460     10.00     13.00     17.00     43.00      0.00
  1.2000   0.1200       13.4940    0.2384      6.00     11.00     18.00     90.00      0.00       2.8325    0.0482      1.00      2.00      4.00     15.00      0.00      13.5850    0.1437     10.00     13.00     18.00     48.00      0.00
  1.2000   0.1000       17.2045    0.3050      8.00     14.00     22.00    162.00      0.00       3.8620    0.0637      2.00      3.00      5.00     18.00      0.00      12.8080    0.1438      9.00     13.00     16.00     44.00      0.00
  1.2000   0.0800       22.9770    0.4443      9.00     18.00     30.00    162.00      0.00       5.1985    0.0868      2.00      4.00      7.00     33.00      0.00      12.1850    0.1448      8.00     12.00     16.00     45.00      0.00
  1.2000   0.0600       34.2130    0.7204     12.00     24.00     45.00    297.00      0.00       8.1125    0.1475      3.00      7.00     11.00     62.00      0.00      11.1220    0.1455      7.00     11.00     15.00     45.00      0.00
  1.2000   0.0400       62.8335    1.3245     21.00     45.00     84.00    461.00      0.00      18.2260    0.3934      6.00     13.00     25.00    220.00      0.00       9.0265    0.1489      3.00      9.00     13.00     37.00      0.00
  1.2000   0.0200      127.1670    2.8614     37.00     88.00    170.00   1047.00      0.00      68.0330    1.5725     19.00     47.00     93.00    683.00      0.00       4.6020    0.1344      0.00      1.00      8.00     36.00      0.00
  1.0000   0.2000        9.9160    0.1576      5.00      8.00     13.00     66.00      0.00       1.5995    0.0230      1.00      1.00      2.00     11.00      0.00      19.4315    0.2241     13.00     18.00     25.00     64.00      0.00
  1.0000   0.1800       11.1670    0.1767      6.00      9.00     15.00     68.00      0.00       1.7440    0.0275      1.00      1.00      2.00     11.00      0.00      19.1915    0.2118     13.00     18.00     25.00     73.00      0.00
  1.0000   0.1600       13.2435    0.2328      6.00     11.00     17.00     93.00      0.00       2.0415    0.0336      1.00      2.00      3.00     16.00      0.00      18.2885    0.2046     12.00     17.00     23.00     64.00      0.00
  1.0000   0.1400       14.9905    0.2637      7.00     12.00     20.00    140.00      0.00       2.3195    0.0377      1.00      2.00      3.00     16.00      0.00      17.6525    0.2057     12.00     16.00     23.00    106.00      0.00
  1.0000   0.1200       18.6580    0.3289      8.00     15.00     25.00    146.00      0.00       2.9915    0.0503      1.00      2.00      4.00     15.00      0.00      17.2170    0.1988     11.00     16.00     23.00     57.00      0.00
  1.0000   0.1000       22.7540    0.4479      9.00     17.00     30.00    200.00      0.00       3.6340    0.0615      1.00      3.00      5.00     18.00      0.00      15.8355    0.2032     10.00     15.00     21.00     85.00      0.00
  1.0000   0.0800       32.7115    0.6390     13.00     25.00     45.00    266.00      0.00       5.0300    0.0870      2.00      4.00      7.00     30.00      0.00      15.4365    0.2065     10.00     14.00     21.00     70.00      0.00
  1.0000   0.0600       46.0085    0.9474     16.00     34.00     63.00    451.00      0.00       8.0605    0.1516      3.00      7.00     11.00    113.00      0.00      13.3330    0.2010      6.00     13.00     19.00     61.00      0.00
  1.0000   0.0400       77.5970    1.7434     24.00     54.00    106.00    677.00      0.00      17.0935    0.3536      6.00     13.00     23.00    160.00      0.00      10.8440    0.2002      3.00     10.00     16.00     50.00      0.00
  1.0000   0.0200      147.3565    3.2580     43.00    102.00    202.00   1250.00      0.00      69.2325    1.5659     20.00     48.00     96.00    551.00      0.00       4.7940    0.1501      0.00      1.00      8.00     37.00      0.00
  0.8000   0.2000       14.4015    0.2321      7.00     12.00     19.00     87.00      0.00       1.5910    0.0229      1.00      1.00      2.00      8.00      0.00      26.9930    0.3361     17.00     25.00     34.00    106.00      0.00
  0.8000   0.1800       15.9855    0.2796      7.00     13.00     21.00     89.00      0.00       1.7625    0.0279      1.00      1.00      2.00     12.00      0.00      25.1800    0.3239     15.00     23.00     33.00     99.00      0.00
  0.8000   0.1600       18.5740    0.3323      8.00     15.00     24.00    132.00      0.00       2.0310    0.0323      1.00      2.00      3.00     12.00      0.00      24.7525    0.3129     14.00     23.00     33.00     96.00      0.00
  0.8000   0.1400       22.4165    0.4274     10.00     17.00     29.00    240.00      0.00       2.4180    0.0393      1.00      2.00      3.00     14.00      0.00      24.0800    0.3124     14.00     22.00     32.00     93.00      0.00
  0.8000   0.1200       27.1205    0.5200     11.00     21.00     36.00    250.00      0.00       2.8010    0.0467      1.00      2.00      4.00     13.00      0.00      23.4275    0.3265     13.00     21.00     31.00    100.00      0.00
  0.8000   0.1000       34.5510    0.6789     13.00     26.00     48.00    269.00      0.00       3.7490    0.0624      2.00      3.00      5.00     18.00      0.00      21.7170    0.3025     12.00     20.00     30.00     78.00      0.00
  0.8000   0.0800       44.1860    0.9169     16.00     32.00     59.00    408.00      0.00       5.0910    0.0890      2.00      4.00      7.00     28.00      0.00      19.6370    0.2912     11.00     18.00     27.00     79.00      0.00
  0.8000   0.0600       67.6615    1.4066     23.00     49.00     93.00    483.00      0.00       8.1625    0.1482      3.00      7.00     11.00     73.00      0.00      17.1450    0.2930      7.00     15.00     24.00     75.00      0.00
  0.8000   0.0400      100.9380    2.1365     32.00     73.00    140.00    768.00      0.00      17.8370    0.3688      6.00     14.00     24.00    134.00      0.00      12.0950    0.2701      2.00      9.00     19.00     86.00      0.00
  0.8000   0.0200      157.4035    3.5116     46.00    109.00    215.00   1065.00      0.00      67.2315    1.5180     20.00     46.00     91.00    630.00      0.00       5.4980    0.2045      0.00      1.00      6.00     61.00      0.00
  0.6000   0.2000       24.8345    0.4319     11.00     20.00     33.00    161.00      0.00       1.5525    0.0211      1.00      1.00      2.00      7.00      0.00      42.6070    0.6048     23.00     38.00     58.00    174.00      0.00
  0.6000   0.1800       28.7895    0.5522     12.00     22.00     37.00    288.00      0.00       1.7670    0.0269      1.00      1.00      2.00     11.00      0.00      42.0465    0.6279     22.00     36.00     55.00    203.00      0.00
  0.6000   0.1600       31.1980    0.5854     13.00     24.00     42.00    222.00      0.00       2.0215    0.0336      1.00      1.00      3.00     13.00      0.00      38.9045    0.5886     20.00     34.00     53.00    183.00      0.00
  0.6000   0.1400       39.4455    0.7805     16.00     29.00     52.00    312.00      0.00       2.3525    0.0389      1.00      2.00      3.00     15.00      0.00      37.7475    0.5842     19.00     32.00     50.00    179.00      0.00
  0.6000   0.1200       46.8360    0.9346     18.00     34.00     64.00    370.00      0.00       2.8420    0.0459      1.00      2.00      4.00     15.00      0.00      36.1015    0.5794     17.00     31.00     50.00    190.00      0.00
  0.6000   0.1000       57.8900    1.1669     22.00     43.00     77.00    475.00      0.00       3.7485    0.0647      1.00      3.00      5.00     21.00      0.00      31.5690    0.5115     14.00     27.00     44.00    171.00      0.00
  0.6000   0.0800       78.2885    1.6502     25.00     55.00    108.00    660.00      0.00       5.1435    0.0903      2.00      4.00      7.00     45.00      0.00      28.8080    0.5340     11.00     24.00     40.00    175.00      0.00
  0.6000   0.0600       99.5765    2.1280     32.00     72.00    136.00    752.00      0.00       8.1830    0.1480      3.00      7.00     11.00     56.00      0.00      21.9015    0.4528      6.00     16.00     32.00    198.00      0.00
  0.6000   0.0400      133.7270    2.8671     41.00     96.00    186.00    827.00      0.00      17.2750    0.3459      6.00     14.00     24.00    129.00      0.00      14.0080    0.3691      2.00      8.00     21.00    124.00      0.00
  0.6000   0.0200      190.9285    4.1900     54.00    137.00    266.00   1531.00      0.00      69.2315    1.5523     20.00     48.00     95.00    557.00      0.00       4.9320    0.2128      0.00      1.00      5.00    100.00      0.00
  0.4000   0.2000       55.5675    1.1429     21.00     40.00     74.00    349.00      0.00       1.6310    0.0238      1.00      1.00      2.00     11.00      0.00      81.9260    1.5222     34.00     63.00    111.00    507.00      0.00
  0.4000   0.1800       63.8935    1.3024     24.00     46.00     86.00    526.00      0.00       1.7940    0.0283      1.00      1.00      2.00     11.00      0.00      78.7940    1.4220     33.00     62.00    108.00    451.00      0.00
  0.4000   0.1600       73.0325    1.5296     25.00     53.00    101.00    756.00      0.00       2.0775    0.0333      1.00      2.00      3.00     13.00      0.00      72.9130    1.3802     29.00     57.00    100.00    473.00      0.00
  0.4000   0.1400       83.0085    1.7494     27.00     59.00    113.00    544.00      0.00       2.3830    0.0394      1.00      2.00      3.00     12.00      0.00      67.6175    1.3379     24.00     52.00     94.00    470.00      0.00
  0.4000   0.1200       99.0445    2.1545     33.00     69.00    131.00    691.00      0.00       3.0460    0.0510      1.00      2.00      4.00     16.00      0.00      60.8075    1.2577     21.00     46.00     84.00    360.00      0.00
  0.4000   0.1000      118.2020    2.5602     36.00     85.00    164.00   1191.00      0.00       3.7740    0.0654      2.00      3.00      5.00     32.00      0.00      50.8410    1.0591     17.00     38.00     71.00    398.00      0.00
  0.4000   0.0800      132.6770    2.9327     40.00     91.00    182.00    999.00      0.00       5.0295    0.0874      2.00      4.00      7.00     28.00      0.00      39.7425    0.9053     10.00     27.00     56.00    261.00      0.00
  0.4000   0.0600      152.5095    3.2915     48.00    109.00    211.00   1537.00      0.00       7.8670    0.1440      3.00      7.00     11.00     78.00      0.00      25.6790    0.6262      6.00     16.00     37.00    196.00      0.00
  0.4000   0.0400      178.6560    3.9108     56.00    130.00    245.00   1801.00      0.00      18.1765    0.3646      7.00     14.00     24.00    146.00      0.00      12.7365    0.3805      2.00      7.00     16.00    160.00      0.00
  0.4000   0.0200      203.6640    4.4414     59.00    146.00    280.00   1423.00      0.00      68.2110    1.6141     19.00     45.00     94.00    732.00      0.00       3.6445    0.1734      0.00      1.00      4.00    132.00      0.00
  0.2000   0.2000      150.9995    3.3379     47.00    104.00    212.00   1218.00      0.00       1.5925    0.0234      1.00      1.00      2.00     10.00      0.00     177.9370    4.0988     53.00    120.00    243.00   1881.00      0.00
  0.2000   0.1800      160.0985    3.5869     46.00    109.00    221.00   1544.00      0.00       1.8510    0.0304      1.00      1.00      2.00     13.00      0.00     154.2200    3.5396     42.00    104.00    212.00   1619.00      0.00
  0.2000   0.1600      159.8275    3.5094     45.00    115.00    220.00   1204.00      0.00       2.0225    0.0333      1.00      1.00      3.00     12.00      0.00     123.5440    2.7820     34.00     84.00    171.00    917.00      0.00
  0.2000   0.1400      169.3175    3.8251     49.00    116.00    236.00   1420.00      0.00       2.3720    0.0387      1.00      2.00      3.00     14.00      0.00     104.5625    2.4572     27.00     70.00    141.00    963.00      0.00
  0.2000   0.1200      176.8640    3.9782     49.00    126.00    248.00   1577.00      0.00       2.9950    0.0517      1.00      2.00      4.00     15.00      0.00      80.6340    1.8403     22.00     58.00    113.00    747.00      0.00
  0.2000   0.1000      184.0500    3.9772     54.00    128.00    255.00   1138.00      0.00       3.6440    0.0644      1.00      3.00      5.00     23.00      0.00      60.5790    1.3842     16.00     41.00     84.00    450.00      0.00
  0.2000   0.0800      196.0435    4.4448     54.00    136.00    265.00   1935.00      0.00       5.2280    0.0874      2.00      4.00      7.00     39.00      0.00      41.1430    1.0081     10.00     27.00     57.00    377.00      0.00
  0.2000   0.0600      189.4640    4.0309     56.00    133.00    271.00   1113.00      0.00       8.2545    0.1538      3.00      7.00     12.00     69.00      0.00      23.2245    0.5877      5.00     14.00     32.00    217.00      0.00
  0.2000   0.0400      202.3335    4.4992     60.00    139.00    285.00   1618.00      0.00      18.1895    0.4089      6.00     13.00     24.00    181.00      0.00      11.1305    0.3235      2.00      6.00     15.00    140.00      0.00
  0.2000   0.0200      198.9650    4.4888     58.00    141.00    273.00   1718.00      0.00      67.5150    1.5456     19.00     47.00     92.00    661.00      0.00       2.6305    0.1073      0.00      1.00      3.00     73.00      0.00
