Amp Radius  OC_Mean OC_Std OC_Q1 OC_Med OC_Q3 OC_Max OC_Min  Exp_Mean Exp_Std Exp_Q1 Exp_Med Exp_Q3 Exp_Max Exp_Min  Num_Mean Num_Std Num_Q1 Num_Med Num_Q3 Num_Max Num_Min
  2.0000   0.2000        3.8955    0.0503      2.00      3.00      5.00     22.00      0.00       1.6960    0.0281      1.00      1.00      2.00     14.00      0.00       9.4630    0.0826      7.00     10.00     12.00     22.00      0.00
  2.0000   0.1800        4.4185    0.0598      3.00      4.00      6.00     29.00      0.00       1.9555    0.0340      1.00      1.00      2.00     20.00      0.00       9.3440    0.0820      7.00     10.00     12.00     22.00      0.00
  2.0000   0.1600        4.7450    0.0710      3.00      4.00      6.00     46.00      0.00       2.1105    0.0405      1.00      1.00      3.00     21.00      0.00       9.0420    0.0813      7.00     10.00     11.00     23.00      0.00
  2.0000   0.1400        5.7055    0.0942      3.00      5.00      7.00     37.00      0.00       2.7975    0.0648      1.00      2.00      4.00     35.00      0.00       8.8920    0.0793      7.00     10.00     11.00     22.00      0.00
  2.0000   0.1200        6.9225    0.1243      4.00      5.00      9.00     55.00      0.00       3.6065    0.0863      1.00      2.00      5.00     43.00      0.00       8.6140    0.0780      6.00      9.00     11.00     20.00      0.00
  2.0000   0.1000        9.1265    0.1959      4.00      7.00     11.00    130.00      0.00       5.6125    0.1733      2.00      3.00      6.00    123.00      0.00       8.3375    0.0803      6.00      9.00     11.00     21.00      0.00
  2.0000   0.0800       15.2080    0.3761      5.00     10.00     19.00    258.00      0.00      10.8155    0.3260      2.00      5.00     14.00    202.00      0.00       7.9330    0.0854      6.00      9.00     11.00     19.00      0.00
  2.0000   0.0600       26.4215    0.6410      7.00     16.00     35.00    213.00      0.00      21.7760    0.6020      4.00     12.00     29.00    207.00      0.00       7.2880    0.0894      5.00      8.00     10.00     19.00      0.00
  2.0000   0.0400       57.6975    1.4011     14.00     37.00     80.00    438.00      0.00      50.6825    1.2806     10.00     32.00     71.00    436.00      0.00       5.8410    0.0981      0.00      7.00     10.00     18.00      0.00
  2.0000   0.0200      128.1590    2.8463     35.00     89.00    180.00    988.00      0.00     122.8165    2.7721     32.00     85.00    175.00    988.00      0.00       2.7090    0.0842      0.00      0.00      6.00     15.00      0.00
  1.8000   0.2000        4.3945    0.0583      3.00      4.00      5.00     22.00      0.00       1.7115    0.0292      1.00      1.00      2.00     17.00      0.00      10.3230    0.0874      8.00     11.00     13.00     25.00      0.00
  1.8000   0.1800        4.7160    0.0627      3.00      4.00      6.00     27.00      0.00       1.9015    0.0351      1.00      1.00      2.00     18.00      0.00       9.9265    0.0867      7.00     10.00     12.00     25.00      0.00
  1.8000   0.1600        5.4225    0.0767      3.00      5.00      7.00     36.00      0.00       2.2380    0.0433      1.00      2.00      3.00     26.00      0.00       9.8305    0.0861      7.00     10.00     12.00     26.00      0.00
  1.8000   0.1400        6.2860    0.1011      3.00      5.00      8.00     50.00      0.00       2.7185    0.0583      1.00      2.00      3.00     42.00      0.00       9.4405    0.0821      7.00     10.00     12.00     22.00      0.00
  1.8000   0.1200        7.6495    0.1353      4.00      6.00     10.00     61.00      0.00       3.6355    0.0970      1.00      2.00      4.00     58.00      0.00       9.3230    0.0796      7.00     10.00     12.00     29.00      0.00
  1.8000   0.1000        9.7085    0.1986      4.00      7.00     12.00    119.00      0.00       5.2555    0.1500      2.00      3.00      6.00    117.00      0.00       8.9600    0.0789      7.00     10.00     11.00     20.00      0.00
  1.8000   0.0800       15.7910    0.3986      6.00     10.00     19.00    221.00      0.00      10.4420    0.3520      2.00      5.00     12.00    220.00      0.00       8.6460    0.0867      6.00      9.00     11.00     21.00      0.00
  1.8000   0.0600       29.5280    0.7430      8.00     18.00     39.00    406.00      0.00      22.4710    0.6434      4.00     11.00     31.00    277.00      0.00       7.7550    0.0943      6.00      9.00     11.00     22.00      0.00
  1.8000   0.0400       59.2185    1.3588     15.00     40.00     83.00    597.00      0.00      50.5475    1.2236     10.00     33.00     71.00    388.00      0.00       6.1790    0.1060      0.00      7.00     10.00     20.00      0.00
  1.8000   0.0200      137.3110    3.1593     37.00     97.00    193.00   1321.00      0.00     127.5865    2.9633     33.00     86.00    182.00   1035.00      0.00       2.8900    0.0916      0.00      0.00      6.00     20.00      0.00
  1.6000   0.2000        4.8675    0.0671      3.00      4.00      6.00     29.00      0.00       1.6935    0.0278      1.00      1.00      2.00     13.00      0.00      11.0025    0.0953      8.00     11.00     13.00     32.00      0.00
  1.6000   0.1800        5.2480    0.0751      3.00      4.00      7.00     26.00      0.00       1.8845    0.0355      1.00      1.00      2.00     21.00      0.00      10.7540    0.0954      8.00     11.00     13.00     30.00      0.00
  1.6000   0.1600        6.0230    0.0869      3.00      5.00      8.00     33.00      0.00       2.1455    0.0390      1.00      1.00      3.00     17.00      0.00      10.4935    0.0927      8.00     11.00     13.00     27.00      0.00
  1.6000   0.1400        7.1025    0.1178      4.00      6.00      9.00     63.00      0.00       2.6730    0.0614      1.00      2.00      3.00     39.00      0.00      10.3910    0.0880      8.00     11.00     13.00     28.00      0.00
  1.6000   0.1200        8.4955    0.1462      4.00      7.00     11.00     60.00      0.00       3.6905    0.0961      1.00      2.00      5.00     59.00      0.00      10.0035    0.0886      8.00     10.00     12.00     30.00      0.00
  1.6000   0.1000       11.7100    0.2577      5.00      9.00     14.00    137.00      0.00       5.4550    0.1736      2.00      3.00      7.00    135.00      0.00       9.7690    0.0879      8.00     10.00     12.00     29.00      0.00
  1.6000   0.0800       17.1385    0.4317      6.00     11.00     21.00    318.00      0.00      10.2415    0.3093      2.00      5.00     12.00    121.00      0.00       9.1095    0.0944      7.00     10.00     12.00     25.00      0.00
  1.6000   0.0600       31.9940    0.7991      9.00     20.00     42.00    473.00      0.00      22.3875    0.6456      4.00     12.00     29.00    236.00      0.00       8.3115    0.1041      6.00      9.00     11.00     25.00      0.00
  1.6000   0.0400       63.2885    1.4606     17.00     42.00     89.00    620.00      0.00      52.5635    1.2949     11.00     33.00     74.00    618.00      0.00       6.5055    0.1162      0.00      7.00     11.00     24.00      0.00
  1.6000   0.0200      132.5190    3.0212     37.00     91.00    182.00   1313.00      0.00     121.3780    2.7953     33.00     81.00    167.00    981.00      0.00       3.1275    0.1023      0.00      0.00      7.00     21.00      0.00
  1.4000   0.2000        5.3615    0.0714      3.00      5.00      7.00     28.00      0.00       1.6410    0.0262      1.00      1.00      2.00     13.00      0.00      12.3205    0.1107     10.00     12.00     15.00     35.00      0.00
  1.4000   0.1800        6.2455    0.0894      4.00      5.00      8.00     36.00      0.00       1.9200    0.0359      1.00      1.00      2.00     19.00      0.00      12.2580    0.1087     10.00     12.00     15.00     43.00      0.00
  1.4000   0.1600        7.1465    0.1046      4.00      6.00      9.00     35.00      0.00       2.1915    0.0397      1.00      2.00      3.00     17.00      0.00      11.8475    0.1066      9.00     12.00     14.00     32.00      0.00
  1.4000   0.1400        8.0220    0.1283      4.00      7.00     10.00     67.00      0.00       2.5685    0.0521      1.00      2.00      3.00     23.00      0.00      11.3950    0.1036      9.00     11.00     14.00     33.00      0.00
  1.4000   0.1200        9.6700    0.1716      5.00      8.00     12.00     75.00      0.00       3.5460    0.0908      1.00      2.00      4.00     49.00      0.00      10.9545    0.0998      9.00     11.00     13.00     36.00      0.00
  1.4000   0.1000       12.8830    0.2680      5.00     10.00     17.00    125.00      0.00       5.3650    0.1727      2.00      3.00      6.00    111.00      0.00      10.7055    0.1049      8.00     11.00     13.00     27.00      0.00
  1.4000   0.0800       20.2155    0.4545      7.00     13.00     26.00    176.00      0.00      10.0735    0.3040      2.00      5.00     12.00    171.00      0.00      10.3385    0.1040      8.00     11.00     13.00     26.00      0.00
  1.4000   0.0600       33.9435    0.8147     10.00     23.00     46.00    410.00      0.00      22.1855    0.6527      4.00     12.00     30.00    410.00      0.00       9.3095    0.1207      6.00     10.00     13.00     32.00      0.00
  1.4000   0.0400       70.0365    1.5316     20.00     49.00     97.00    536.00      0.00      53.4875    1.2889     12.00     34.00     77.00    478.00      0.00       7.3655    0.1301      1.00      8.00     12.00     25.00      0.00
  1.4000   0.0200      138.1775    3.0941     39.00     94.00    196.00   1201.00      0.00     121.6395    2.8128     31.00     81.00    174.00   1201.00      0.00       3.7090    0.1194      0.00      0.00      8.00     30.00      0.00
  1.2000   0.2000        6.8040    0.0995      4.00      6.00      9.00     45.00      0.00       1.7250    0.0297      1.00      1.00      2.00     21.00      0.00      14.3430    0.1379     11.00     14.00     18.00     44.00      0.00
  1.2000   0.1800        7.4550    0.1092      4.00      6.00      9.00     39.00      0.00       1.8845    0.0334      1.00      1.00      2.00     19.00      0.00      14.2750    0.1344     10.00     14.00     18.00     39.00      0.00
  1.2000   0.1600        8.6000    0.1290      5.00      7.00     11.00     60.00      0.00       2.2580    0.0474      1.00      1.00      3.00     34.00      0.00      13.9490    0.1351     11.00     13.00     17.00     50.00      0.00
  1.2000   0.1400       10.2840    0.1778      5.00      8.00     13.00     71.00      0.00       2.9075    0.0732      1.00      2.00      4.00     66.00      0.00      13.4410    0.1300     10.00     13.00     17.00     42.00      0.00
  1.2000   0.1200       12.0165    0.2089      6.00     10.00     16.00     71.00      0.00       3.7615    0.0943      1.00      2.00      5.00     50.00      0.00      12.9120    0.1323     10.00     13.00     16.00     37.00      0.00
  1.2000   0.1000       15.3820    0.3018      7.00     12.00     20.00    149.00      0.00       5.4150    0.1675      1.00      3.00      6.00     90.00      0.00      12.5540    0.1342      9.00     12.00     16.00     36.00      0.00
  1.2000   0.0800       23.8905    0.5374      9.00     17.00     30.00    275.00      0.00       9.8715    0.2861      2.00      5.00     12.00    126.00      0.00      11.8895    0.1395      8.00     12.00     15.00     39.00      0.00
  1.2000   0.0600       40.0855    0.8881     12.00     27.00     56.00    356.00      0.00      22.9545    0.6214      4.00     12.00     32.00    213.00      0.00      10.6955    0.1496      7.00     11.00     15.00     40.00      0.00
  1.2000   0.0400       77.4150    1.7299     22.00     52.00    109.00    613.00      0.00      52.9465    1.3290     11.00     33.00     72.00    585.00      0.00       8.6665    0.1625      1.00      9.00     14.00     40.00      0.00
  1.2000   0.0200      143.8215    3.2927     42.00     96.00    195.00   1185.00      0.00     122.7670    2.9554     32.00     80.00    167.00   1185.00      0.00       4.1825    0.1433      0.00      0.00      9.00     35.00      0.00
  1.0000   0.2000        8.5545    0.1322      5.00      7.00     11.00     51.00      0.00       1.7035    0.0292      1.00      1.00      2.00     17.00      0.00      17.9045    0.1822     12.00     17.00     23.00     53.00      0.00
  1.0000   0.1800        9.6475    0.1619      5.00      8.00     12.00     99.00      0.00       1.9010    0.0351      1.00      1.00      2.00     19.00      0.00      17.4170    0.1904     12.00     16.00     22.00     70.00      0.00
  1.0000   0.1600       11.2330    0.1873      6.00      9.00     14.00     96.00      0.00       2.2080    0.0435      1.00      1.00      3.00     34.00      0.00      17.3385    0.1892     12.00     16.00     22.00     63.00      0.00
  1.0000   0.1400       12.4410    0.2091      6.00     10.00     16.00     79.00      0.00       2.6890    0.0587      1.00      2.00      3.00     33.00      0.00      16.4555    0.1786     11.00     15.00     21.00     50.00      0.00
  1.0000   0.1200       15.9875    0.3046      7.00     12.00     21.00    172.00      0.00       3.6750    0.0920      1.00      2.00      4.00     69.00      0.00      16.1885    0.1775     11.00     15.00     21.00     52.00      0.00
  1.0000   0.1000       19.4020    0.3692      8.00     15.00     25.00    138.00      0.00       5.3025    0.1516      2.00      3.00      7.00    102.00      0.00      15.4910    0.1809     11.00     15.00     20.00     56.00      0.00
  1.0000   0.0800       29.4855    0.6478     11.00     21.00     39.00    422.00      0.00      10.5440    0.3193      2.00      5.00     13.00    119.00      0.00      14.8225    0.1932     10.00     14.00     20.00     51.00      0.00
  1.0000   0.0600       48.9785    1.1179     15.00     33.00     66.00    467.00      0.00      23.4660    0.6977      4.00     12.00     31.00    442.00      0.00      13.0190    0.2053      6.00     13.00     18.00     51.00      0.00
  1.0000   0.0400       82.6340    1.8010     25.00     57.00    113.00    604.00      0.00      52.0020    1.3039     11.00     34.00     73.00    530.00      0.00       9.9545    0.2071      0.00     10.00     17.00     60.00      0.00
  1.0000   0.0200      155.2375    3.5160     45.00    105.00    215.00   1228.00      0.00     122.8095    2.8714     32.00     83.00    173.00    999.00      0.00       4.6885    0.1787      0.00      0.00      8.00     45.00      0.00
  0.8000   0.2000       11.4305    0.1867      6.00      9.00     15.00    110.00      0.00       1.6460    0.0261      1.00      1.00      2.00      9.00      0.00      24.0830    0.2827     15.00     22.00     31.00     77.00      0.00
  0.8000   0.1800       12.9395    0.2218      6.00     11.00     17.00    121.00      0.00       1.9180    0.0372      1.00      1.00      2.00     27.00      0.00      23.6765    0.2922     14.00     22.00     31.00     90.00      0.00
  0.8000   0.1600       15.4135    0.2744      8.00     13.00     20.00    179.00      0.00       2.2165    0.0438      1.00      2.00      3.00     31.00      0.00      23.3510    0.2817     15.00     22.00     31.00     84.00      0.00
  0.8000   0.1400       17.3665    0.3102      8.00     14.00     23.00    163.00      0.00       2.6975    0.0585      1.00      2.00      3.00     30.00      0.00      21.9205    0.2782     14.00     20.00     29.00     82.00      0.00
  0.8000   0.1200       21.9765    0.4451      9.00     17.00     28.00    220.00      0.00       3.6050    0.0978      1.00      2.00      4.00     66.00      0.00      21.7360    0.2770     13.00     20.00     28.00     89.00      0.00
  0.8000   0.1000       27.5225    0.5450     11.00     21.00     37.00    260.00      0.00       5.3260    0.1639      1.00      3.00      6.00    112.00      0.00      20.6085    0.2768     12.00     20.00     28.00     79.00      0.00
  0.8000   0.0800       40.4005    0.8837     15.00     28.00     53.00    455.00      0.00      10.1940    0.3476      2.00      5.00     12.00    254.00      0.00      19.1665    0.2778     11.00     18.00     27.00     79.00      0.00
  0.8000   0.0600       60.9695    1.3076     21.00     43.00     84.00    747.00      0.00      23.0200    0.7159      4.00     12.00     31.00    743.00      0.00      16.8840    0.2937      6.00     16.00     25.00     71.00      0.00
  0.8000   0.0400       97.3670    2.1614     30.00     68.00    135.00    862.00      0.00      51.5825    1.2568     11.00     32.00     74.00    489.00      0.00      12.1860    0.2828      0.00      9.00     21.00     69.00      0.00
  0.8000   0.0200      163.0840    3.7018     45.00    113.00    226.00   1831.00      0.00     119.1175    2.7946     28.00     79.00    168.00    949.00      0.00       5.0105    0.2218      0.00      0.00      4.00     75.00      0.00
  0.6000   0.2000       18.8820    0.3128      9.00     16.00     24.00    122.00      0.00       1.6875    0.0277      1.00      1.00      2.00     14.00      0.00      36.7520    0.4875     21.00     32.00     50.00    142.00      0.00
  0.6000   0.1800       20.9025    0.3728     10.00     17.00     28.00    216.00      0.00       1.8370    0.0297      1.00      1.00      2.00     12.00      0.00      35.8085    0.5033     20.00     32.00     47.00    160.00      0.00
  0.6000   0.1600       23.8445    0.4205     11.00     19.00     31.00    165.00      0.00       2.1960    0.0449      1.00      2.00      3.00     35.00      0.00      35.8595    0.5043     20.00     32.00     48.00    184.00      0.00
  0.6000   0.1400       27.2090    0.4903     12.00     21.00     36.00    181.00      0.00       2.6945    0.0673      1.00      2.00      3.00     66.00      0.00      33.0620    0.4702     18.00     30.00     44.00    146.00      0.00
  0.6000   0.1200       34.7610    0.6479     15.00     27.00     48.00    218.00      0.00       3.6525    0.0984      1.00      2.00      4.00     60.00      0.00      32.2640    0.4849     17.00     29.00     44.00    183.00      0.00
  0.6000   0.1000       42.1775    0.8698     16.00     31.00     55.00    441.00      0.00       5.6470    0.1863      1.00      3.00      6.00    123.00      0.00      29.0450    0.4623     14.00     26.00     40.00    129.00      0.00
  0.6000   0.0800       57.1660    1.1969     20.00     41.00     79.00    418.00      0.00       9.9505    0.3075      2.00      5.00     12.00    169.00      0.00      27.2075    0.4720     12.00     24.00     39.00    133.00      0.00
  0.6000   0.0600       85.6815    1.8039     28.00     62.00    119.00    596.00      0.00      22.3665    0.6444      4.00     12.00     31.00    260.00      0.00      22.8795    0.4622      5.00     19.00     35.00    113.00      0.00
  0.6000   0.0400      127.4810    2.9430     38.00     89.00    172.00   1584.00      0.00      50.8330    1.2351     10.00     32.00     72.00    519.00      0.00      16.2955    0.4491      1.00      8.00     26.00    116.00      0.00
  0.6000   0.0200      173.1990    3.8704     49.00    119.00    240.00   1373.00      0.00     116.5730    2.7268     30.00     76.00    163.00    835.00      0.00       5.9475    0.2966      0.00      0.00      4.00    114.00      0.00
  0.4000   0.2000       38.3210    0.7071     15.00     29.00     52.00    291.00      0.00       1.6430    0.0262      1.00      1.00      2.00     11.00      0.00      72.1530    1.2192     33.00     59.00     97.00    377.00      0.00
  0.4000   0.1800       44.0055    0.8512     19.00     36.00     58.00    556.00      0.00       1.9245    0.0360      1.00      1.00      2.00     20.00      0.00      68.9005    1.1680     31.00     57.00     96.00    340.00      0.00
  0.4000   0.1600       50.1380    1.0262     20.00     36.00     67.00    467.00      0.00       2.2315    0.0430      1.00      2.00      3.00     21.00      0.00      65.7460    1.1847     28.00     54.00     89.00    440.00      0.00
  0.4000   0.1400       57.4390    1.1826     22.00     42.00     75.00    513.00      0.00       2.8085    0.0608      1.00      2.00      4.00     36.00      0.00      60.6550    1.0986     24.00     49.00     86.00    314.00      0.00
  0.4000   0.1200       68.0615    1.3966     26.00     49.00     91.00    479.00      0.00       3.7480    0.1022      1.00      2.00      4.00     63.00      0.00      55.7285    1.0516     21.00     45.00     78.00    372.00      0.00
  0.4000   0.1000       84.1510    1.7259     30.00     61.00    115.00    597.00      0.00       5.7195    0.1721      2.00      3.00      7.00    116.00      0.00      49.5565    0.9945     16.00     39.00     72.00    325.00      0.00
  0.4000   0.0800      101.4895    2.1598     34.00     73.00    137.00    792.00      0.00      10.2905    0.3248      2.00      5.00     12.00    118.00      0.00      41.8980    0.9489      9.00     30.00     62.00    326.00      0.00
  0.4000   0.0600      131.8405    2.8811     41.00     96.00    182.00   1691.00      0.00      22.7035    0.6242      4.00     12.00     32.00    279.00      0.00      30.8700    0.8439      3.00     17.00     44.00    309.00      0.00
  0.4000   0.0400      171.2015    3.6379     51.00    121.00    243.00   1569.00      0.00      54.8250    1.4086     11.00     34.00     76.00    563.00      0.00      18.1280    0.6446      1.00      5.00     24.00    316.00      0.00
  0.4000   0.0200      198.3785    4.5315     55.00    137.00    269.00   1780.00      0.00     121.3710    2.7582     32.00     81.00    172.00    792.00      0.00       5.0335    0.3289      0.00      0.00      2.00    178.00      0.00
  0.2000   0.2000      136.0035    3.0289     42.00     95.00    186.00   1022.00      0.00       1.6550    0.0275      1.00      1.00      2.00     11.00      0.00     176.9995    3.9086     54.00    126.00    242.00   1185.00      0.00
  0.2000   0.1800      139.5550    3.0346     45.00    100.00    196.00   1304.00      0.00       1.8635    0.0308      1.00      1.00      2.00     13.00      0.00     156.7965    3.4490     45.00    112.00    217.00   1444.00      0.00
  0.2000   0.1600      149.4940    3.3049     45.00    102.00    210.00   1058.00      0.00       2.1700    0.0444      1.00      2.00      3.00     29.00      0.00     133.9210    3.0915     36.00     93.00    186.00   1092.00      0.00
  0.2000   0.1400      152.1650    3.3942     44.00    106.00    209.00   1254.00      0.00       2.6925    0.0578      1.00      2.00      3.00     26.00      0.00     108.9890    2.6198     27.00     71.00    153.00   1011.00      0.00
  0.2000   0.1200      167.5315    3.6076     48.00    119.00    238.00   1025.00      0.00       3.7190    0.1017      1.00      2.00      4.00     97.00      0.00      88.6885    2.1332     20.00     58.00    125.00    695.00      0.00
  0.2000   0.1000      176.6075    3.9616     51.00    121.00    243.00   1324.00      0.00       5.7005    0.1748      2.00      3.00      6.00     96.00      0.00      65.4670    1.6144     13.00     43.00     94.00    527.00      0.00
  0.2000   0.0800      180.2340    4.1016     49.00    122.00    248.00   1332.00      0.00      10.3420    0.3268      2.00      5.00     13.00    185.00      0.00      45.1550    1.1999      7.00     26.00     65.00    356.00      0.00
  0.2000   0.0600      188.3375    4.1448     54.00    130.00    258.00   1290.00      0.00      22.3435    0.6279      4.00     12.00     31.00    283.00      0.00      28.1685    0.8521      3.00     14.00     39.00    361.00      0.00
  0.2000   0.0400      204.0395    4.5898     57.00    142.00    283.00   1383.00      0.00      53.2325    1.3330     11.00     33.00     76.00    438.00      0.00      13.3460    0.5108      0.00      4.00     15.00    260.00      0.00
  0.2000   0.0200      209.2625    4.7049     58.00    141.00    289.00   1354.00      0.00     122.9065    2.9039     32.00     83.00    170.00   1014.00      0.00       3.1875    0.2001      0.00      0.00      3.00    150.00      0.00
