Amp num_point  OC_Mean OC_Std OC_Q1 OC_Med OC_Q3 OC_Max OC_Min  Exp_Mean Exp_Std Exp_Q1 Exp_Med Exp_Q3 Exp_Max Exp_Min  Num_Mean Num_Std Num_Q1 Num_Med Num_Q3 Num_Max Num_Min
100.0000   3.0000       10.7244    0.1255      4.00      8.00     14.00     77.00      0.00       2.4132    0.0356      1.00      1.00      3.00     26.00      0.00      22.5894    0.2681     11.00     17.00     28.00    179.00      0.00
 50.0000   3.0000       19.9138    0.2456      8.00     15.00     26.00    168.00      0.00       2.3854    0.0345      1.00      1.00      3.00     32.00      0.00      53.4272    0.8204     22.00     37.00     66.00    666.00      0.00
 30.0000   3.0000       36.1732    0.4249     15.00     29.00     48.00    303.00      0.00       2.4662    0.0364      1.00      1.00      3.00     24.00      0.00      97.1078    1.3413     39.00     68.00    123.00   1187.00      0.00
 20.0000   3.0000       66.4046    0.7893     26.00     50.00     90.00    481.00      0.00       2.4020    0.0354      1.00      1.00      3.00     27.00      0.00     158.8646    2.1041     65.00    119.00    200.00   1301.00      0.00
 10.0000   3.0000      200.2438    2.6728     69.00    147.00    271.00   1881.00      0.00       2.3336    0.0351      1.00      1.00      3.00     31.00      0.00     325.1070    4.2391    110.00    248.00    443.00   2704.00      0.00
  5.0000   3.0000      339.0616    4.7244    100.00    231.00    476.00   2000.00      0.00       2.3826    0.0350      1.00      1.00      3.00     25.00      0.00     382.2260    5.4705    102.00    261.00    537.00   2700.00      0.00
100.0000   2.0000       14.8310    0.1707      6.00     11.00     20.00     94.00      0.00       2.3952    0.0345      1.00      1.00      3.00     26.00      0.00      36.3396    0.4858     16.00     27.00     45.00    343.00      0.00
 50.0000   2.0000       32.1806    0.3858     13.00     25.00     42.00    322.00      0.00       2.3976    0.0363      1.00      1.00      3.00     34.00      0.00      87.7824    1.2228     36.00     61.00    111.00   1440.00      0.00
 30.0000   2.0000       66.4370    0.8202     25.00     50.00     90.00    674.00      0.00       2.3456    0.0348      1.00      1.00      3.00     27.00      0.00     165.7472    2.3433     64.00    115.00    206.00   1910.00      0.00
 20.0000   2.0000      120.7784    1.5427     45.00     90.00    162.00    884.00      0.00       2.3416    0.0339      1.00      1.00      3.00     33.00      0.00     234.0570    2.8650     93.00    186.00    319.00   1772.00      0.00
 10.0000   2.0000      323.8366    4.3683     97.00    228.00    454.00   2000.00      0.00       2.3354    0.0350      1.00      1.00      3.00     26.00      0.00     400.8198    5.5727    114.00    280.00    567.00   2834.00      0.00
  5.0000   2.0000      363.4198    5.0715    105.00    253.00    505.00   2000.00      0.00       2.4404    0.0354      1.00      1.00      3.00     27.00      0.00     387.5854    5.5240    104.00    265.00    541.00   2600.00      0.00
100.0000   1.0000       32.6476    0.4059     13.00     25.00     42.00    299.00      0.00       2.3484    0.0349      1.00      1.00      3.00     36.00      0.00      87.0478    1.2560     35.00     61.00    109.00   1186.00      0.00
 50.0000   1.0000       88.8920    1.1302     34.00     65.00    118.00    682.00      0.00       2.4650    0.0381      1.00      1.00      3.00     30.00      0.00     195.4812    2.6051     78.00    146.00    251.00   1822.00      0.00
 30.0000   1.0000      200.3190    2.6563     67.00    144.00    271.00   1510.00      0.00       2.4504    0.0381      1.00      1.00      3.00     32.00      0.00     323.8364    4.2635    105.00    236.00    458.00   2258.00      0.00
 20.0000   1.0000      314.6262    4.4030     91.00    219.00    430.00   2000.00      0.00       2.3554    0.0337      1.00      1.00      3.00     28.00      0.00     391.4226    5.5962    107.00    270.00    535.00   2760.00      0.00
 10.0000   1.0000      362.3436    5.0116    106.00    251.00    505.00   2000.00      0.00       2.3686    0.0344      1.00      1.00      3.00     28.00      0.00     387.3648    5.4496    110.00    269.00    546.00   2381.00      0.00
  5.0000   1.0000      369.3262    5.0601    106.00    261.00    514.00   2000.00      0.00       2.4078    0.0363      1.00      1.00      3.00     35.00      0.00     384.0784    5.3263    102.00    270.00    546.00   2245.00      0.00
