Amp num_point  OC_Mean OC_Std OC_Q1 OC_Med OC_Q3 OC_Max OC_Min  Exp_Mean Exp_Std Exp_Q1 Exp_Med Exp_Q3 Exp_Max Exp_Min  Num_Mean Num_Std Num_Q1 Num_Med Num_Q3 Num_Max Num_Min
 50.0000   3.0000        8.1380    0.0825      4.00      7.00     10.00     52.00      0.00       0.9978    0.0012      1.00      1.00      1.00      3.00      0.00      78.1194    0.6772     44.00     67.00    101.00    397.00      0.00
 20.0000   3.0000       25.6118    0.2665     13.00     20.00     33.00    157.00      0.00       0.9970    0.0016      1.00      1.00      1.00      4.00      0.00     275.4322    2.9161    142.00    219.00    345.00   1654.00      0.00
 10.0000   3.0000       79.0498    0.8162     38.00     66.00    107.00    689.00      0.00       0.9990    0.0014      1.00      1.00      1.00      3.00      0.00     851.4280    8.8997    397.00    707.00   1153.00   7736.00      0.00
  5.0000   3.0000      288.2744    3.9602     87.00    205.00    399.00   2000.00      0.00       0.9980    0.0014      1.00      1.00      1.00      3.00      0.00    2754.1364   38.0460    808.00   1961.00   3835.00  19740.00      0.00
  2.0000   3.0000      353.2026    4.9185    100.00    248.00    492.00   2000.00      0.00       0.9978    0.0012      1.00      1.00      1.00      3.00      0.00    3168.6054   44.3145    881.00   2204.00   4436.00  19159.00      0.00
  1.0000   3.0000      359.3756    5.0534    100.00    246.00    506.00   2000.00      0.00       0.9962    0.0011      1.00      1.00      1.00      2.00      0.00    3198.9804   45.1603    880.00   2185.00   4502.00  18635.00      0.00
 50.0000   2.0000       12.9670    0.1267      6.00     11.00     17.00     90.00      0.00       0.9988    0.0019      1.00      1.00      1.00      6.00      0.00     131.1718    1.2130     71.00    109.00    171.00    862.00      0.00
 20.0000   2.0000       45.9564    0.4707     23.00     38.00     60.00    332.00      0.00       0.9960    0.0012      1.00      1.00      1.00      2.00      0.00     502.7052    5.2565    249.00    415.00    655.00   3739.00      0.00
 10.0000   2.0000      202.4106    2.6927     65.00    146.00    279.00   1486.00      0.00       0.9964    0.0014      1.00      1.00      1.00      4.00      0.00    2050.1760   27.4814    664.00   1470.00   2834.00  15597.00      0.00
  5.0000   2.0000      333.9998    4.7219     97.00    235.00    461.00   2000.00      0.00       0.9952    0.0013      1.00      1.00      1.00      3.00      0.00    3054.1294   43.3800    871.00   2117.00   4207.00  19013.00      0.00
  2.0000   2.0000      367.7024    5.1997    106.00    248.00    503.00   2000.00      0.00       0.9964    0.0012      1.00      1.00      1.00      2.00      0.00    3278.3572   46.4778    940.00   2223.00   4507.00  18955.00      0.00
  1.0000   2.0000      359.3774    5.0730    104.00    246.00    490.00   2000.00      0.00       0.9978    0.0014      1.00      1.00      1.00      3.00      0.00    3193.9898   45.2285    923.00   2193.00   4346.00  18791.00      0.00
 50.0000   1.0000       33.5764    0.3555     17.00     27.00     43.00    290.00      0.00       0.9980    0.0016      1.00      1.00      1.00      3.00      0.00     365.5840    4.0251    184.00    291.00    461.00   4036.00      0.00
 20.0000   1.0000      201.2088    2.6988     68.00    145.00    276.00   1804.00      0.00       1.0006    0.0014      1.00      1.00      1.00      5.00      0.00    2035.5634   27.5247    680.00   1471.00   2766.00  19328.00      0.00
 10.0000   1.0000      330.2934    4.6528     93.00    227.00    465.00   2000.00      0.00       0.9986    0.0016      1.00      1.00      1.00      4.00      0.00    3023.3270   42.8067    840.00   2081.00   4279.00  19556.00      0.00
  5.0000   1.0000      353.6286    5.0182     94.00    240.00    497.00   2000.00      0.00       0.9976    0.0012      1.00      1.00      1.00      2.00      0.00    3157.1918   44.8970    835.00   2138.00   4398.00  18728.00      0.00
  2.0000   1.0000      356.6776    4.9362    105.00    252.00    500.00   2000.00      0.00       0.9988    0.0012      1.00      1.00      1.00      3.00      0.00    3175.6194   44.1199    925.00   2241.00   4419.00  18378.00      0.00
  1.0000   1.0000      364.9888    5.1243    103.00    249.00    511.00   2000.00      0.00       0.9974    0.0016      1.00      1.00      1.00      4.00      0.00    3240.0046   45.6933    899.00   2210.00   4511.00  18580.00      0.00
