Amp num_point  OC_Mean OC_Std OC_Q1 OC_Med OC_Q3 OC_Max OC_Min  Exp_Mean Exp_Std Exp_Q1 Exp_Med Exp_Q3 Exp_Max Exp_Min  Num_Mean Num_Std Num_Q1 Num_Med Num_Q3 Num_Max Num_Min
 50.0000   3.0000        8.9740    0.0938      4.00      7.00     12.00     66.00      0.00       0.9992    0.0015      1.00      1.00      1.00      5.00      0.00      83.0824    0.7431     46.00     71.00    106.00    497.00      0.00
 20.0000   3.0000       28.4920    0.3072     14.00     22.00     37.00    219.00      0.00       0.9986    0.0013      1.00      1.00      1.00      4.00      0.00     302.9270    3.3738    149.00    233.00    386.00   2598.00      0.00
 10.0000   3.0000       85.6354    0.9197     40.00     70.00    115.00    700.00      0.00       0.9992    0.0015      1.00      1.00      1.00      4.00      0.00     909.8214    9.8846    420.00    738.00   1223.00   7055.00      0.00
  5.0000   3.0000      302.6206    4.2468     87.00    208.00    418.00   2000.00      0.00       1.0000    0.0014      1.00      1.00      1.00      3.00      0.00    2839.4518   40.0988    814.00   1931.00   3941.00  19673.00      0.00
  2.0000   3.0000      369.9902    5.2662    104.00    255.00    511.00   2000.00      0.00       0.9980    0.0016      1.00      1.00      1.00      5.00      0.00    3270.7718   46.8373    929.00   2240.00   4468.00  18968.00      0.00
  1.0000   3.0000      372.3060    5.2131    101.00    261.00    518.00   2000.00      0.00       0.9982    0.0014      1.00      1.00      1.00      3.00      0.00    3261.0070   45.9602    882.00   2265.00   4561.00  18329.00      0.00
 50.0000   2.0000       14.1182    0.1410      7.00     11.00     19.00     83.00      0.00       1.0000    0.0015      1.00      1.00      1.00      3.00      0.00     139.5104    1.3128     73.00    115.00    183.00    795.00      0.00
 20.0000   2.0000       51.1860    0.5510     25.00     41.00     66.00    370.00      0.00       0.9984    0.0015      1.00      1.00      1.00      3.00      0.00     549.1050    5.9872    272.00    441.00    711.00   3679.00      0.00
 10.0000   2.0000      209.7824    2.7681     72.00    149.00    291.00   1795.00      0.00       0.9980    0.0017      1.00      1.00      1.00      5.00      0.00    2092.0672   27.8282    690.00   1489.00   2883.00  16880.00      0.00
  5.0000   2.0000      352.0494    4.8961    100.00    245.00    502.00   2000.00      0.00       0.9994    0.0017      1.00      1.00      1.00      4.00      0.00    3175.6968   44.3607    903.00   2223.00   4504.00  19060.00      0.00
  2.0000   2.0000      372.1938    5.2301    105.00    260.00    514.00   2000.00      0.00       0.9984    0.0016      1.00      1.00      1.00      4.00      0.00    3267.6944   46.0362    921.00   2280.00   4492.00  18493.00      0.00
  1.0000   2.0000      364.4280    5.0522    108.00    252.00    512.00   2000.00      0.00       1.0002    0.0011      1.00      1.00      1.00      3.00      0.00    3187.8164   44.3837    947.00   2193.00   4495.00  18998.00      0.00
 50.0000   1.0000       36.2846    0.4040     17.00     28.00     47.00    272.00      0.00       1.0004    0.0015      1.00      1.00      1.00      4.00      0.00     391.7142    4.5851    185.00    302.00    497.00   2990.00      0.00
 20.0000   1.0000      213.2456    2.7913     73.00    158.00    296.00   1826.00      0.00       0.9962    0.0014      1.00      1.00      1.00      3.00      0.00    2130.8328   28.1127    704.00   1561.00   2944.00  18421.00      0.00
 10.0000   1.0000      357.3424    5.0499    106.00    248.00    496.00   2000.00      0.00       0.9960    0.0012      1.00      1.00      1.00      2.00      0.00    3215.8754   45.6445    940.00   2205.00   4496.00  18797.00      0.00
  5.0000   1.0000      365.8842    5.0741    101.00    255.00    517.00   2000.00      0.00       0.9982    0.0015      1.00      1.00      1.00      4.00      0.00    3218.8986   44.7806    878.00   2242.00   4531.00  18529.00      0.00
  2.0000   1.0000      363.0136    4.9802    103.00    255.00    514.00   2000.00      0.00       0.9970    0.0015      1.00      1.00      1.00      5.00      0.00    3181.1282   43.8301    889.00   2222.00   4501.00  18666.00      0.00
  1.0000   1.0000      369.6630    5.1278    107.00    257.00    511.00   2000.00      0.00       0.9972    0.0015      1.00      1.00      1.00      3.00      0.00    3233.2468   44.9983    911.00   2266.00   4447.00  18524.00      0.00
