Amp num_point  OC_Mean OC_Std OC_Q1 OC_Med OC_Q3 OC_Max OC_Min  Exp_Mean Exp_Std Exp_Q1 Exp_Med Exp_Q3 Exp_Max Exp_Min  Num_Mean Num_Std Num_Q1 Num_Med Num_Q3 Num_Max Num_Min
100.0000   3.0000       11.6694    0.1690      3.00      8.00     16.00    118.00      0.00       1.4604    0.0174      1.00      1.00      1.00     14.00      0.00      17.4946    0.3019      3.00      9.00     24.00    167.00      0.00
 50.0000   3.0000       26.2396    0.4801      6.00     12.00     32.00    327.00      0.00       1.4494    0.0175      1.00      1.00      1.00     13.00      0.00      40.4266    0.8492      7.00     15.00     48.00    710.00      0.00
 30.0000   3.0000       38.4326    0.6886     10.00     21.00     46.00    477.00      0.00       1.4364    0.0172      1.00      1.00      1.00     15.00      0.00      55.0178    1.0675     12.00     27.00     64.00    794.00      0.00
 20.0000   3.0000       52.2004    0.7566     17.00     34.00     69.00    732.00      0.00       1.4544    0.0177      1.00      1.00      1.00     15.00      0.00      72.9520    1.1054     21.00     46.00     97.00   1085.00      0.00
 10.0000   3.0000      121.2090    1.5662     42.00     88.00    166.00    891.00      0.00       1.4366    0.0171      1.00      1.00      1.00     13.00      0.00     162.9208    2.1768     52.00    115.00    224.00   1234.00      0.00
  5.0000   3.0000      274.3024    3.7866     87.00    192.00    372.00   2000.00      0.00       1.4470    0.0171      1.00      1.00      1.00     14.00      0.00     346.5934    4.8377    106.00    246.00    476.00   2537.00      0.00
100.0000   2.0000       19.1382    0.3365      4.00     10.00     25.00    403.00      0.00       1.4438    0.0166      1.00      1.00      1.00     12.00      0.00      29.9976    0.6230      5.00     12.00     37.00    771.00      0.00
 50.0000   2.0000       37.4082    0.6904      9.00     19.00     45.00    717.00      0.00       1.4424    0.0174      1.00      1.00      1.00     13.00      0.00      54.4130    1.0991     11.00     25.00     63.00   1154.00      0.00
 30.0000   2.0000       52.1454    0.7523     16.00     35.00     69.00    431.00      0.00       1.4418    0.0165      1.00      1.00      1.00     12.00      0.00      72.5638    1.1058     20.00     46.00     95.00    629.00      0.00
 20.0000   2.0000       82.7600    1.1377     27.00     57.00    112.00    691.00      0.00       1.4660    0.0176      1.00      1.00      1.00     13.00      0.00     113.4474    1.6357     34.00     75.00    154.00    938.00      0.00
 10.0000   2.0000      206.4300    2.7749     68.00    148.00    282.00   1520.00      0.00       1.4508    0.0164      1.00      1.00      1.00     13.00      0.00     266.4576    3.6398     86.00    188.00    366.00   2050.00      0.00
  5.0000   2.0000      332.1964    4.6773     97.00    233.00    453.00   2000.00      0.00       1.4640    0.0178      1.00      1.00      1.00     13.00      0.00     412.8050    5.8543    119.00    286.00    567.00   2726.00      0.00
100.0000   1.0000       37.3092    0.6642      9.00     19.00     46.00    425.00      0.00       1.4332    0.0168      1.00      1.00      1.00     17.00      0.00      54.2596    1.0565     11.00     25.00     64.00    740.00      0.00
 50.0000   1.0000       64.0756    0.8532     22.00     44.00     86.00    465.00      0.00       1.4150    0.0167      1.00      1.00      1.00     14.00      0.00      88.9658    1.2440     28.00     59.00    119.00    629.00      0.00
 30.0000   1.0000      123.6806    1.6318     42.00     89.00    166.00    925.00      0.00       1.4528    0.0173      1.00      1.00      1.00     17.00      0.00     166.2976    2.2421     54.00    119.00    223.00   1162.00      0.00
 20.0000   1.0000      206.9526    2.7492     68.00    149.00    289.00   1753.00      0.00       1.4464    0.0177      1.00      1.00      1.00     15.00      0.00     268.1634    3.5936     86.00    190.00    374.00   2218.00      0.00
 10.0000   1.0000      345.6720    4.8057     99.00    238.00    479.00   2000.00      0.00       1.4418    0.0171      1.00      1.00      1.00     12.00      0.00     429.4136    6.0109    119.00    295.00    610.00   2673.00      0.00
  5.0000   1.0000      367.1030    5.0702    106.00    255.00    503.00   2000.00      0.00       1.4408    0.0176      1.00      1.00      1.00     17.00      0.00     450.8720    6.2698    128.00    315.00    617.00   2721.00      0.00
