Amp num_point  OC_Mean OC_Std OC_Q1 OC_Med OC_Q3 OC_Max OC_Min  Exp_Mean Exp_Std Exp_Q1 Exp_Med Exp_Q3 Exp_Max Exp_Min  Num_Mean Num_Std Num_Q1 Num_Med Num_Q3 Num_Max Num_Min
100.0000   3.0000       24.8460    0.3239      8.00     18.00     35.00    196.00      0.00       7.7872    0.1308      1.00      4.00     11.00     69.00      0.00      27.8800    0.3413     13.00     21.00     35.00    359.00      0.00
 50.0000   3.0000       39.6238    0.4952     14.00     30.00     56.00    357.00      0.00       7.7958    0.1307      1.00      4.00     11.00     90.00      0.00      61.5572    0.9062     25.00     44.00     78.00    809.00      0.00
 30.0000   3.0000       66.6914    0.8399     24.00     50.00     90.00    517.00      0.00       7.7784    0.1315      1.00      4.00     11.00     81.00      0.00     116.4424    1.5940     45.00     84.00    153.00   1147.00      0.00
 20.0000   3.0000      111.3244    1.4728     38.00     80.00    151.00   1019.00      0.00       7.8964    0.1349      1.00      4.00     11.00     88.00      0.00     183.7764    2.6775     64.00    132.00    236.00   2191.00      0.00
 10.0000   3.0000      260.4064    3.5725     85.00    184.00    355.00   2000.00      0.00       7.5378    0.1276      1.00      4.00     10.00     69.00      0.00     321.7664    4.6905     86.00    223.00    447.00   3057.00      0.00
  5.0000   3.0000      349.3268    4.8636     98.00    242.00    496.00   2000.00      0.00       7.8330    0.1313      1.00      4.00     11.00     75.00      0.00     328.9996    4.9708     76.00    216.00    465.00   2545.00      0.00
100.0000   2.0000       31.6992    0.4053     11.00     23.00     44.00    227.00      0.00       7.6620    0.1290      1.00      4.00     10.00     76.00      0.00      43.7568    0.6009     19.00     33.00     55.00    549.00      0.00
 50.0000   2.0000       59.2258    0.7223     22.00     44.00     82.00    432.00      0.00       7.7924    0.1316      1.00      4.00     11.00     75.00      0.00     102.2942    1.3828     42.00     74.00    132.00    990.00      0.00
 30.0000   2.0000      110.7714    1.4793     37.00     79.00    149.00   1126.00      0.00       7.4630    0.1269      1.00      4.00     10.00     82.00      0.00     183.3730    2.6889     66.00    129.00    231.00   1892.00      0.00
 20.0000   2.0000      179.3590    2.3595     59.00    129.00    249.00   1257.00      0.00       7.6706    0.1278      1.00      4.00     10.00     78.00      0.00     251.9710    3.3026     78.00    189.00    359.00   1866.00      0.00
 10.0000   2.0000      337.8208    4.6836    100.00    235.00    465.00   2000.00      0.00       7.7280    0.1287      1.00      4.00     10.00     66.00      0.00     342.3344    5.1817     78.00    224.00    487.00   3680.00      0.00
  5.0000   2.0000      371.2038    5.1512    108.00    257.00    514.00   2000.00      0.00       7.7458    0.1259      1.00      4.00     11.00     75.00      0.00     331.7140    4.9434     80.00    222.00    469.00   2667.00      0.00
100.0000   1.0000       59.7490    0.7532     22.00     45.00     81.00    482.00      0.00       7.6950    0.1280      1.00      4.00     11.00     81.00      0.00     102.7530    1.3938     41.00     73.00    135.00   1129.00      0.00
 50.0000   1.0000      139.9952    1.8515     46.00    100.00    193.00   1192.00      0.00       7.6482    0.1284      1.00      4.00     11.00     81.00      0.00     216.1534    3.0221     75.00    161.00    289.00   2068.00      0.00
 30.0000   1.0000      262.5224    3.5584     80.00    188.00    368.00   2000.00      0.00       7.8294    0.1320      1.00      4.00     11.00     96.00      0.00     326.2326    4.7193     80.00    227.00    467.00   2584.00      0.00
 20.0000   1.0000      341.6738    4.6896     99.00    244.00    472.00   2000.00      0.00       7.6768    0.1310      1.00      4.00     11.00     94.00      0.00     348.2122    5.1455     84.00    232.00    496.00   2764.00      0.00
 10.0000   1.0000      354.4806    4.8209    100.00    250.00    509.00   2000.00      0.00       7.8516    0.1315      1.00      4.00     11.00     74.00      0.00     319.6668    4.6268     78.00    216.00    461.00   2370.00      0.00
  5.0000   1.0000      373.1070    5.0956    115.00    263.00    523.00   2000.00      0.00       7.7674    0.1259      1.00      4.00     11.00     64.00      0.00     328.1988    4.8137     84.00    217.00    462.00   2299.00      0.00
