Amp num_point  OC_Mean OC_Std OC_Q1 OC_Med OC_Q3 OC_Max OC_Min  Exp_Mean Exp_Std Exp_Q1 Exp_Med Exp_Q3 Exp_Max Exp_Min  Num_Mean Num_Std Num_Q1 Num_Med Num_Q3 Num_Max Num_Min
100.0000   3.0000        7.0808    0.0752      3.00      6.00      9.00     50.00      0.00       1.3448    0.0105      1.00      1.00      2.00      9.00      0.00      15.3260    0.1648      8.00     13.00     19.00    112.00      0.00
 50.0000   3.0000       13.9546    0.1534      7.00     11.00     18.00    107.00      0.00       1.3490    0.0109      1.00      1.00      1.00     10.00      0.00      32.7318    0.3929     15.00     25.00     41.00    283.00      0.00
 30.0000   3.0000       26.4150    0.3080     12.00     21.00     35.00    261.00      0.00       1.3440    0.0105      1.00      1.00      2.00     11.00      0.00      60.0734    0.7417     28.00     46.00     77.00    697.00      0.00
 20.0000   3.0000       47.5906    0.5588     20.00     37.00     64.00    372.00      0.00       1.3266    0.0106      1.00      1.00      1.00     14.00      0.00      99.1378    1.2082     44.00     75.00    126.00    782.00      0.00
 10.0000   3.0000      161.3260    2.1278     58.00    117.00    217.00   1566.00      0.00       1.3396    0.0105      1.00      1.00      1.00      9.00      0.00     240.3332    2.9722     92.00    185.00    327.00   1993.00      0.00
  5.0000   3.0000      350.6466    4.8396    105.00    243.00    485.00   2000.00      0.00       1.3520    0.0105      1.00      1.00      2.00     10.00      0.00     411.0684    5.6981    121.00    286.00    570.00   2556.00      0.00
100.0000   2.0000       10.5080    0.1140      5.00      8.00     14.00     70.00      0.00       1.3486    0.0107      1.00      1.00      2.00      9.00      0.00      24.1938    0.2783     12.00     19.00     31.00    210.00      0.00
 50.0000   2.0000       23.2736    0.2749     10.00     18.00     30.00    279.00      0.00       1.3632    0.0107      1.00      1.00      2.00      8.00      0.00      54.2276    0.6945     25.00     41.00     70.00    895.00      0.00
 30.0000   2.0000       47.9794    0.5741     20.00     36.00     64.00    484.00      0.00       1.3660    0.0116      1.00      1.00      2.00     14.00      0.00      98.4658    1.2005     43.00     75.00    126.00   1177.00      0.00
 20.0000   2.0000       95.0104    1.1753     37.00     71.00    127.00    611.00      0.00       1.3370    0.0104      1.00      1.00      2.00     14.00      0.00     162.3920    1.8834     72.00    129.00    213.00   1065.00      0.00
 10.0000   2.0000      302.9742    4.2497     87.00    211.00    414.00   2000.00      0.00       1.3660    0.0110      1.00      1.00      2.00     10.00      0.00     374.9800    5.2546    110.00    265.00    510.00   2700.00      0.00
  5.0000   2.0000      368.5004    5.0890    105.00    256.00    522.00   2000.00      0.00       1.3288    0.0101      1.00      1.00      1.00     11.00      0.00     419.1838    5.8001    119.00    292.00    587.00   2580.00      0.00
100.0000   1.0000       23.1474    0.2799     10.00     18.00     30.00    255.00      0.00       1.3474    0.0103      1.00      1.00      2.00      9.00      0.00      53.7414    0.7100     24.00     41.00     68.00    818.00      0.00
 50.0000   1.0000       64.4522    0.7889     26.00     48.00     85.00    640.00      0.00       1.3524    0.0108      1.00      1.00      2.00     10.00      0.00     123.1712    1.4808     55.00     96.00    158.00   1352.00      0.00
 30.0000   1.0000      158.7612    2.0414     57.00    116.00    216.00   1424.00      0.00       1.3480    0.0107      1.00      1.00      2.00     12.00      0.00     235.8282    2.8847     91.00    181.00    323.00   1978.00      0.00
 20.0000   1.0000      297.7954    4.1848     91.00    206.00    406.00   2000.00      0.00       1.3566    0.0108      1.00      1.00      2.00     10.00      0.00     368.7468    5.1192    113.00    257.00    506.00   2602.00      0.00
 10.0000   1.0000      362.9028    5.0601    103.00    252.00    506.00   2000.00      0.00       1.3546    0.0107      1.00      1.00      2.00     10.00      0.00     411.6834    5.7506    115.00    287.00    577.00   2484.00      0.00
  5.0000   1.0000      382.4458    5.3821    104.00    260.00    535.00   2000.00      0.00       1.3460    0.0106      1.00      1.00      2.00     10.00      0.00     426.4518    6.0188    116.00    286.00    593.00   2522.00      0.00
