Amp num_point  OC_Mean OC_Std OC_Q1 OC_Med OC_Q3 OC_Max OC_Min  Exp_Mean Exp_Std Exp_Q1 Exp_Med Exp_Q3 Exp_Max Exp_Min  Num_Mean Num_Std Num_Q1 Num_Med Num_Q3 Num_Max Num_Min
100.0000   3.0000       41.3322    0.5800     12.00     28.00     59.00    416.00      0.00      14.5080    0.2533      2.00      7.00     20.00    153.00      0.00      30.8376    0.3571     15.00     25.00     39.00    261.00      0.00
 50.0000   3.0000       57.9466    0.7780     18.00     41.00     81.00    462.00      0.00      14.1654    0.2509      2.00      7.00     19.00    140.00      0.00      70.2088    1.1482     26.00     49.00     89.00   1172.00      0.00
 30.0000   3.0000       84.2388    1.1105     28.00     61.00    114.00    657.00      0.00      13.7636    0.2493      2.00      7.00     19.00    135.00      0.00     118.4154    1.7107     42.00     84.00    153.00   1289.00      0.00
 20.0000   3.0000      132.9062    1.7537     45.00     96.00    181.00    906.00      0.00      14.6678    0.2576      2.00      8.00     20.00    133.00      0.00     190.5676    2.9730     61.00    130.00    241.00   2169.00      0.00
 10.0000   3.0000      254.8100    3.4880     79.00    180.00    356.00   2000.00      0.00      14.2970    0.2545      2.00      7.00     19.00    167.00      0.00     303.9338    4.5767     68.00    201.00    431.00   2810.00      0.00
  5.0000   3.0000      356.1070    4.9288    102.00    247.00    502.00   2000.00      0.00      14.2942    0.2597      2.00      7.00     20.00    192.00      0.00     316.2922    4.8967     64.00    201.00    456.00   2479.00      0.00
100.0000   2.0000       50.2870    0.6959     15.00     35.00     69.00    406.00      0.00      14.8478    0.2710      2.00      7.00     20.00    158.00      0.00      48.0610    0.6705     20.00     36.00     60.00    624.00      0.00
 50.0000   2.0000       79.5368    1.0561     26.00     57.00    108.00    647.00      0.00      14.5584    0.2626      2.00      7.00     20.00    166.00      0.00     106.3064    1.5290     40.00     75.00    139.00   1485.00      0.00
 30.0000   2.0000      132.5510    1.7848     43.00     96.00    180.00   1263.00      0.00      14.4590    0.2567      2.00      7.00     20.00    136.00      0.00     192.8328    3.0582     58.00    133.00    248.00   2407.00      0.00
 20.0000   2.0000      196.4204    2.6415     64.00    137.00    267.00   1697.00      0.00      14.2840    0.2597      2.00      7.00     20.00    172.00      0.00     253.7654    3.5490     68.00    187.00    365.00   2838.00      0.00
 10.0000   2.0000      332.7580    4.6978     94.00    228.00    462.00   2000.00      0.00      14.3094    0.2535      2.00      7.00     20.00    144.00      0.00     325.8294    5.1667     63.00    206.00    467.00   3302.00      0.00
  5.0000   2.0000      358.4296    4.9981    100.00    251.00    504.00   2000.00      0.00      14.6300    0.2674      2.00      7.00     20.00    175.00      0.00     301.8048    4.6857     61.00    195.00    438.00   2631.00      0.00
100.0000   1.0000       79.3054    1.0522     26.00     57.00    109.00    669.00      0.00      14.4512    0.2582      2.00      7.00     20.00    165.00      0.00     109.7608    1.6523     40.00     74.00    142.00   1456.00      0.00
 50.0000   1.0000      157.8350    2.1444     51.00    112.00    216.00   1471.00      0.00      14.4486    0.2609      2.00      7.00     20.00    188.00      0.00     215.0500    3.1777     65.00    156.00    291.00   2905.00      0.00
 30.0000   1.0000      256.9268    3.5428     79.00    179.00    354.00   2000.00      0.00      14.5760    0.2608      2.00      7.00     20.00    151.00      0.00     302.3162    4.5904     63.00    204.00    431.00   2959.00      0.00
 20.0000   1.0000      327.9814    4.7180     92.00    223.00    445.00   2000.00      0.00      14.5814    0.2617      2.00      7.00     20.00    194.00      0.00     317.7782    5.1466     59.00    196.00    449.00   3484.00      0.00
 10.0000   1.0000      364.0086    5.0263    103.00    254.00    513.00   2000.00      0.00      14.3338    0.2610      2.00      7.00     20.00    157.00      0.00     307.6568    4.7002     64.00    204.00    436.00   2704.00      0.00
  5.0000   1.0000      385.6370    5.3610    107.00    270.00    544.00   2000.00      0.00      14.6278    0.2637      2.00      7.00     20.00    172.00      0.00     311.4954    4.7422     63.00    205.00    449.00   2392.00      0.00
