Amp num_point  OC_Mean OC_Std OC_Q1 OC_Med OC_Q3 OC_Max OC_Min  Exp_Mean Exp_Std Exp_Q1 Exp_Med Exp_Q3 Exp_Max Exp_Min  Num_Mean Num_Std Num_Q1 Num_Med Num_Q3 Num_Max Num_Min
100.0000   3.0000       10.0078    0.1043      5.00      8.00     13.00     53.00      0.00       2.0970    0.0362      1.00      1.00      2.00     25.00      0.00      28.8384    0.3023     14.00     23.00     38.00    233.00      0.00
 50.0000   3.0000       22.3728    0.2392     10.00     18.00     30.00    162.00      0.00       2.1812    0.0376      1.00      1.00      2.00     25.00      0.00      78.3942    1.0149     31.00     56.00     99.00    681.00      0.00
 30.0000   3.0000       49.8584    0.5990     20.00     37.00     66.00    348.00      0.00       2.1312    0.0365      1.00      1.00      2.00     28.00      0.00     178.7720    2.3725     67.00    126.00    232.00   1564.00      0.00
 20.0000   3.0000       95.3078    1.1864     37.00     73.00    128.00    978.00      0.00       2.1542    0.0360      1.00      1.00      2.00     20.00      0.00     325.3330    4.1331    120.00    242.00    439.00   3158.00      0.00
 10.0000   3.0000      280.4260    3.8619     86.00    200.00    383.00   2000.00      0.00       2.1848    0.0364      1.00      1.00      2.00     25.00      0.00     806.9024   11.2243    241.00    564.00   1125.00   5939.00      0.00
  5.0000   3.0000      346.5698    4.9409     94.00    234.00    485.00   2000.00      0.00       2.0790    0.0347      1.00      1.00      2.00     33.00      0.00     907.2268   13.0042    241.00    616.00   1270.00   5850.00      0.00
100.0000   2.0000       15.3844    0.1528      7.00     13.00     21.00     94.00      0.00       2.0990    0.0346      1.00      1.00      2.00     21.00      0.00      50.3214    0.5793     22.00     38.00     65.00    354.00      0.00
 50.0000   2.0000       43.1788    0.5204     18.00     33.00     57.00    325.00      0.00       2.1816    0.0390      1.00      1.00      2.00     30.00      0.00     155.5476    2.1287     60.00    107.00    198.00   1628.00      0.00
 30.0000   2.0000       95.6842    1.1763     37.00     73.00    130.00    700.00      0.00       2.1654    0.0378      1.00      1.00      2.00     31.00      0.00     326.8612    4.1170    122.00    248.00    449.00   2578.00      0.00
 20.0000   2.0000      197.9120    2.7390     60.00    137.00    272.00   2000.00      0.00       2.0822    0.0360      1.00      1.00      2.00     31.00      0.00     613.4324    8.6417    182.00    424.00    843.00   6336.00      0.00
 10.0000   2.0000      327.0322    4.5681     94.00    224.00    459.00   2000.00      0.00       2.1414    0.0362      1.00      1.00      2.00     27.00      0.00     874.6950   12.3258    243.00    593.00   1223.00   5991.00      0.00
  5.0000   2.0000      354.4260    5.0472    101.00    238.00    487.00   2000.00      0.00       2.1630    0.0362      1.00      1.00      2.00     23.00      0.00     909.6518   13.0710    255.00    608.00   1256.00   5452.00      0.00
100.0000   1.0000       43.1110    0.5272     17.00     32.00     57.00    321.00      0.00       2.1408    0.0369      1.00      1.00      2.00     29.00      0.00     155.6646    2.1268     59.00    107.00    199.00   1465.00      0.00
 50.0000   1.0000      134.8254    1.7407     49.00     99.00    182.00   1230.00      0.00       2.1448    0.0362      1.00      1.00      2.00     27.00      0.00     447.0588    5.8835    155.00    327.00    599.00   4563.00      0.00
 30.0000   1.0000      273.5662    3.9025     80.00    187.00    376.00   2000.00      0.00       2.1818    0.0383      1.00      1.00      2.00     25.00      0.00     782.9180   11.2753    231.00    534.00   1060.00   6325.00      0.00
 20.0000   1.0000      328.7664    4.6790     92.00    223.00    465.00   2000.00      0.00       2.1216    0.0356      1.00      1.00      2.00     28.00      0.00     881.8434   12.6391    242.00    601.00   1239.00   5985.00      0.00
 10.0000   1.0000      352.4028    4.9677     97.00    242.00    497.00   2000.00      0.00       2.1656    0.0380      1.00      1.00      2.00     27.00      0.00     903.5400   12.7916    245.00    623.00   1281.00   5737.00      0.00
  5.0000   1.0000      361.7808    5.1034    106.00    248.00    500.00   2000.00      0.00       2.1826    0.0371      1.00      1.00      2.00     27.00      0.00     918.2098   13.0738    262.00    624.00   1256.00   5626.00      0.00
