Amp Area Ellipse  OC_Mean OC_Std OC_Q1 OC_Med OC_Q3 OC_Max OC_Min  Exp_Mean Exp_Std Exp_Q1 Exp_Med Exp_Q3 Exp_Max Exp_Min  Num_Mean Num_Std Num_Q1 Num_Med Num_Q3 Num_Max Num_Min
  0.5000   0.0200   1.0000       56.8688    0.6229     24.00     47.00     78.00    447.00      0.00       1.9804    0.0211      1.00      1.00      2.00     15.00      0.00     122.2596    1.1327     66.00    108.00    162.00    637.00      0.00
  0.5000   0.0200   0.9500       55.7970    0.6013     24.00     46.00     76.00    343.00      0.00       1.9810    0.0204      1.00      1.00      2.00     13.00      0.00     119.8402    1.0965     66.00    105.00    156.00    561.00      0.00
  0.5000   0.0200   0.9000       55.9198    0.5903     24.00     46.00     78.00    366.00      0.00       1.9608    0.0201      1.00      1.00      2.00     14.00      0.00     120.9832    1.1042     66.00    106.00    161.00    595.00      0.00
  0.5000   0.0200   0.8500       56.7818    0.6109     24.00     47.00     78.00    398.00      0.00       1.9456    0.0203      1.00      1.00      2.00     13.00      0.00     122.0716    1.1118     67.00    107.00    162.00    621.00      0.00
  0.5000   0.0200   0.8000       55.6148    0.5919     24.00     46.00     77.00    354.00      0.00       1.9708    0.0205      1.00      1.00      2.00     20.00      0.00     119.5400    1.0964     65.00    105.00    157.00    560.00      0.00
  0.5000   0.0200   0.7500       56.7068    0.5966     25.00     47.00     78.00    331.00      0.00       1.9800    0.0213      1.00      1.00      2.00     20.00      0.00     119.6300    1.0704     66.00    107.00    159.00    633.00      0.00
  0.5000   0.0200   0.7000       55.8496    0.6151     23.00     45.00     77.00    345.00      0.00       1.9380    0.0210      1.00      1.00      2.00     23.00      0.00     120.6992    1.0986     65.00    106.00    160.00    687.00      0.00
  0.5000   0.0200   0.6500       56.5362    0.6134     24.00     47.00     77.00    385.00      0.00       1.9790    0.0204      1.00      1.00      2.00     17.00      0.00     119.6914    1.0846     67.00    106.00    157.00    645.00      0.00
  0.5000   0.0200   0.6000       56.5344    0.6229     24.00     46.00     78.00    359.00      0.00       1.9866    0.0207      1.00      1.00      2.00     13.00      0.00     118.5722    1.0999     65.00    103.00    157.00    612.00      0.00
  0.5000   0.0200   0.5500       57.2326    0.6263     25.00     46.00     78.00    370.00      0.00       1.9936    0.0210      1.00      1.00      2.00     16.00      0.00     120.7312    1.1036     66.00    106.00    159.00    670.00      0.00
  0.5000   0.0200   0.5000       56.2854    0.6170     24.00     46.00     78.00    433.00      0.00       1.9722    0.0211      1.00      1.00      2.00     21.00      0.00     120.7306    1.0997     67.00    107.00    159.00    589.00      0.00
  0.5000   0.0200   0.4500       57.2692    0.6233     25.00     47.00     78.00    460.00      0.00       1.9680    0.0209      1.00      1.00      2.00     16.00      0.00     122.5172    1.1109     68.00    107.00    164.00    700.00      0.00
  0.5000   0.0200   0.4000       57.2110    0.6390     24.00     46.00     79.00    354.00      0.00       1.9840    0.0210      1.00      1.00      2.00     22.00      0.00     118.9692    1.1218     64.00    104.00    158.00    729.00      0.00
  0.5000   0.0200   0.3500       56.4828    0.6213     24.00     46.00     77.00    461.00      0.00       2.0190    0.0219      1.00      1.00      2.00     19.00      0.00     118.5160    1.1110     62.00    103.00    160.00    744.00      0.00
  0.5000   0.0200   0.3000       57.4258    0.6161     25.00     47.00     79.00    360.00      0.00       2.0098    0.0222      1.00      1.00      2.00     21.00      0.00     120.1882    1.0713     66.00    106.00    160.00    476.00      0.00
  0.5000   0.0200   0.2500       57.9178    0.6248     25.00     48.00     80.00    355.00      0.00       2.0056    0.0217      1.00      1.00      2.00     16.00      0.00     119.0630    1.0944     64.00    104.00    158.00    729.00      0.00
  0.5000   0.0200   0.2000       59.8852    0.6537     26.00     49.00     83.00    384.00      0.00       1.9788    0.0210      1.00      1.00      2.00     17.00      0.00     121.7066    1.1216     66.00    105.00    161.00    770.00      0.00
  0.5000   0.0200   0.1500       60.8664    0.6517     27.00     50.00     84.00    388.00      0.00       2.0302    0.0221      1.00      1.00      3.00     20.00      0.00     119.6490    1.1216     65.00    106.00    158.00    649.00      0.00
  0.5000   0.0200   0.1000       64.1844    0.7020     28.00     52.00     88.00    411.00      0.00       2.0466    0.0225      1.00      1.00      3.00     18.00      0.00     120.1142    1.1378     63.00    103.00    160.00    626.00      0.00
  0.5000   0.0200   0.0500       72.7234    0.8113     30.00     59.00     99.00    487.00      0.00       2.1766    0.0255      1.00      2.00      3.00     27.00      0.00     122.2868    1.2066     61.00    104.00    166.00    606.00      0.00
  0.5000   0.0300   1.0000       43.6078    0.4588     19.00     36.00     61.00    377.00      0.00       1.5394    0.0140      1.00      1.00      2.00     14.00      0.00     129.7306    1.1211     74.00    115.00    170.00    581.00      0.00
  0.5000   0.0300   0.9500       43.3612    0.4662     19.00     36.00     58.00    289.00      0.00       1.5766    0.0143      1.00      1.00      2.00     11.00      0.00     128.9088    1.1527     72.00    112.00    170.00    705.00      0.00
  0.5000   0.0300   0.9000       43.2256    0.4694     19.00     36.00     59.00    319.00      0.00       1.5272    0.0136      1.00      1.00      2.00     11.00      0.00     129.0092    1.1061     72.00    115.00    170.00    643.00      0.00
  0.5000   0.0300   0.8500       43.8340    0.4753     19.00     36.00     60.00    328.00      0.00       1.5480    0.0138      1.00      1.00      2.00     11.00      0.00     129.6636    1.1247     74.00    115.00    171.00    567.00      0.00
  0.5000   0.0300   0.8000       43.1418    0.4597     19.00     36.00     59.00    256.00      0.00       1.5728    0.0138      1.00      1.00      2.00     11.00      0.00     128.9494    1.1240     72.00    115.00    169.00    682.00      0.00
  0.5000   0.0300   0.7500       43.2096    0.4521     19.00     35.00     60.00    226.00      0.00       1.5462    0.0144      1.00      1.00      2.00     14.00      0.00     129.1702    1.1420     72.00    113.00    171.00    667.00      0.00
  0.5000   0.0300   0.7000       43.4390    0.4672     19.00     36.00     60.00    291.00      0.00       1.5364    0.0134      1.00      1.00      2.00     15.00      0.00     129.7490    1.1503     72.00    114.00    171.00    726.00      0.00
  0.5000   0.0300   0.6500       42.4346    0.4509     19.00     35.00     59.00    235.00      0.00       1.5562    0.0142      1.00      1.00      2.00     18.00      0.00     125.7002    1.1220     70.00    110.00    164.00    616.00      0.00
  0.5000   0.0300   0.6000       44.3634    0.4842     19.00     36.00     60.00    313.00      0.00       1.5372    0.0138      1.00      1.00      2.00      9.00      0.00     129.3646    1.1564     72.00    114.00    170.00    750.00      0.00
  0.5000   0.0300   0.5500       44.4292    0.4732     20.00     36.00     61.00    279.00      0.00       1.5480    0.0138      1.00      1.00      2.00     14.00      0.00     129.6814    1.1496     73.00    114.00    170.00    678.00      0.00
  0.5000   0.0300   0.5000       43.6854    0.4760     19.00     35.00     60.00    270.00      0.00       1.5412    0.0137      1.00      1.00      2.00     12.00      0.00     129.4502    1.1674     71.00    114.00    170.00    696.00      0.00
  0.5000   0.0300   0.4500       43.8844    0.4692     19.00     36.00     60.00    270.00      0.00       1.5596    0.0144      1.00      1.00      2.00     12.00      0.00     130.0374    1.1525     74.00    115.00    170.00    767.00      0.00
  0.5000   0.0300   0.4000       44.0002    0.4683     19.00     37.00     60.00    304.00      0.00       1.5380    0.0141      1.00      1.00      2.00     15.00      0.00     130.1386    1.1441     73.00    115.00    172.00    593.00      0.00
  0.5000   0.0300   0.3500       44.2024    0.4617     20.00     36.00     61.00    270.00      0.00       1.5576    0.0140      1.00      1.00      2.00     11.00      0.00     130.7766    1.1686     73.00    115.00    170.00    682.00      0.00
  0.5000   0.0300   0.3000       44.1972    0.4756     19.00     36.00     61.00    292.00      0.00       1.5690    0.0147      1.00      1.00      2.00     11.00      0.00     128.7564    1.1454     71.00    113.00    169.00    763.00      0.00
  0.5000   0.0300   0.2500       44.2890    0.4818     19.00     36.00     60.00    266.00      0.00       1.5550    0.0149      1.00      1.00      2.00     16.00      0.00     126.7062    1.1133     72.00    111.00    168.00    703.00      0.00
  0.5000   0.0300   0.2000       46.4548    0.4900     21.00     39.00     64.00    273.00      0.00       1.5530    0.0137      1.00      1.00      2.00     11.00      0.00     129.6924    1.1546     72.00    114.00    171.00    693.00      0.00
  0.5000   0.0300   0.1500       46.3196    0.4937     20.00     38.00     63.00    315.00      0.00       1.6202    0.0151      1.00      1.00      2.00     10.00      0.00     128.5190    1.1419     72.00    113.00    169.00    664.00      0.00
  0.5000   0.0300   0.1000       49.4592    0.5359     21.00     41.00     68.00    328.00      0.00       1.6324    0.0156      1.00      1.00      2.00     21.00      0.00     129.3996    1.1865     71.00    112.00    170.00    687.00      0.00
  0.5000   0.0300   0.0500       54.4330    0.6027     23.00     44.00     74.00    416.00      0.00       1.6686    0.0163      1.00      1.00      2.00     12.00      0.00     128.8422    1.2240     67.00    111.00    171.00    739.00      0.00
  2.0000   0.0200   1.0000        6.8842    0.0672      3.00      6.00      9.00     54.00      0.00       1.9284    0.0195      1.00      1.00      2.00     13.00      0.00      17.7798    0.0808     14.00     17.00     21.00     48.00      0.00
  2.0000   0.0200   0.9500        6.9124    0.0689      3.00      6.00      9.00     42.00      0.00       1.9834    0.0211      1.00      1.00      2.00     18.00      0.00      17.7044    0.0837     14.00     17.00     21.00     55.00      0.00
  2.0000   0.0200   0.9000        6.9280    0.0700      3.00      6.00      9.00     43.00      0.00       1.9654    0.0203      1.00      1.00      2.00     23.00      0.00      17.6808    0.0828     14.00     17.00     21.00     48.00      0.00
  2.0000   0.0200   0.8500        6.8274    0.0684      3.00      6.00      9.00     45.00      0.00       1.9036    0.0188      1.00      1.00      2.00     12.00      0.00      17.6742    0.0817     14.00     17.00     21.00     48.00      0.00
  2.0000   0.0200   0.8000        7.0038    0.0708      3.00      6.00      9.00     45.00      0.00       1.9646    0.0209      1.00      1.00      2.00     18.00      0.00      17.7530    0.0845     14.00     17.00     21.00     57.00      0.00
  2.0000   0.0200   0.7500        6.9948    0.0717      3.00      6.00      9.00     83.00      0.00       1.9908    0.0210      1.00      1.00      2.00     15.00      0.00      17.6860    0.0835     14.00     17.00     21.00     49.00      0.00
  2.0000   0.0200   0.7000        7.0124    0.0705      3.00      6.00      9.00     43.00      0.00       1.9742    0.0210      1.00      1.00      2.00     15.00      0.00      17.7572    0.0824     14.00     17.00     21.00     58.00      0.00
  2.0000   0.0200   0.6500        6.9940    0.0699      3.00      6.00      9.00     48.00      0.00       1.9466    0.0198      1.00      1.00      2.00     17.00      0.00      17.7770    0.0818     14.00     17.00     21.00     51.00      0.00
  2.0000   0.0200   0.6000        6.9000    0.0681      3.00      6.00      9.00     50.00      0.00       1.9220    0.0199      1.00      1.00      2.00     19.00      0.00      17.5364    0.0817     14.00     17.00     21.00     56.00      0.00
  2.0000   0.0200   0.5500        7.0756    0.0737      3.00      6.00      9.00     60.00      0.00       2.0252    0.0220      1.00      1.00      3.00     21.00      0.00      17.5540    0.0831     14.00     17.00     21.00     53.00      0.00
  2.0000   0.0200   0.5000        6.9706    0.0712      3.00      6.00      9.00     42.00      0.00       1.9476    0.0202      1.00      1.00      2.00     16.00      0.00      17.5736    0.0867     14.00     17.00     21.00     56.00      0.00
  2.0000   0.0200   0.4500        6.9502    0.0701      3.00      6.00      9.00     49.00      0.00       1.9526    0.0199      1.00      1.00      2.00     16.00      0.00      17.4292    0.0812     14.00     17.00     20.00     49.00      0.00
  2.0000   0.0200   0.4000        6.9388    0.0720      3.00      6.00      9.00     48.00      0.00       1.9522    0.0209      1.00      1.00      2.00     17.00      0.00      17.4286    0.0840     14.00     17.00     21.00     48.00      0.00
  2.0000   0.0200   0.3500        6.9536    0.0699      3.00      6.00      9.00     51.00      0.00       1.9774    0.0211      1.00      1.00      2.00     17.00      0.00      17.3278    0.0808     14.00     17.00     20.00     51.00      0.00
  2.0000   0.0200   0.3000        7.0706    0.0729      3.00      6.00      9.00     46.00      0.00       1.9842    0.0210      1.00      1.00      2.00     17.00      0.00      17.3496    0.0846     14.00     17.00     20.00     56.00      0.00
  2.0000   0.0200   0.2500        7.0082    0.0728      3.00      6.00      9.00     56.00      0.00       1.9964    0.0214      1.00      1.00      2.00     15.00      0.00      17.2276    0.0823     14.00     17.00     20.00     52.00      0.00
  2.0000   0.0200   0.2000        6.9166    0.0713      3.00      6.00      9.00     44.00      0.00       1.9722    0.0211      1.00      1.00      2.00     16.00      0.00      17.0504    0.0829     13.00     16.00     20.00     49.00      0.00
  2.0000   0.0200   0.1500        7.0554    0.0729      3.00      6.00      9.00     45.00      0.00       2.0290    0.0213      1.00      1.00      3.00     13.00      0.00      16.7044    0.0817     13.00     16.00     20.00     46.00      0.00
  2.0000   0.0200   0.1000        7.1940    0.0737      3.00      6.00      9.00     54.00      0.00       2.0454    0.0217      1.00      1.00      3.00     15.00      0.00      16.3660    0.0823     13.00     16.00     19.00     48.00      0.00
  2.0000   0.0200   0.0500        7.5598    0.0802      4.00      6.00     10.00     66.00      0.00       2.1382    0.0233      1.00      2.00      3.00     18.00      0.00      15.4714    0.0768     12.00     15.00     18.00     48.00      0.00
  2.0000   0.0300   1.0000        5.4462    0.0529      3.00      4.00      7.00     33.00      0.00       1.5428    0.0139      1.00      1.00      2.00     11.00      0.00      18.5760    0.0845     15.00     18.00     22.00     59.00      0.00
  2.0000   0.0300   0.9500        5.5134    0.0537      3.00      5.00      7.00     50.00      0.00       1.5466    0.0139      1.00      1.00      2.00     12.00      0.00      18.7718    0.0865     15.00     18.00     22.00     53.00      0.00
  2.0000   0.0300   0.9000        5.5602    0.0521      3.00      5.00      7.00     35.00      0.00       1.5238    0.0132      1.00      1.00      2.00      9.00      0.00      18.8512    0.0837     15.00     18.00     22.00     58.00      0.00
  2.0000   0.0300   0.8500        5.4432    0.0523      3.00      4.00      7.00     35.00      0.00       1.5418    0.0138      1.00      1.00      2.00      9.00      0.00      18.6902    0.0840     15.00     18.00     22.00     52.00      0.00
  2.0000   0.0300   0.8000        5.5460    0.0539      3.00      5.00      7.00     41.00      0.00       1.5636    0.0141      1.00      1.00      2.00     12.00      0.00      18.7992    0.0858     15.00     18.00     22.00     50.00      0.00
  2.0000   0.0300   0.7500        5.5188    0.0527      3.00      5.00      7.00     35.00      0.00       1.5570    0.0139      1.00      1.00      2.00     12.00      0.00      18.6930    0.0847     15.00     18.00     22.00     59.00      0.00
  2.0000   0.0300   0.7000        5.4706    0.0532      3.00      4.00      7.00     40.00      0.00       1.5170    0.0135      1.00      1.00      2.00     12.00      0.00      18.7772    0.0863     15.00     18.00     22.00     55.00      0.00
  2.0000   0.0300   0.6500        5.5416    0.0511      3.00      5.00      7.00     27.00      0.00       1.5386    0.0137      1.00      1.00      2.00     10.00      0.00      18.6968    0.0846     15.00     18.00     22.00     55.00      0.00
  2.0000   0.0300   0.6000        5.4192    0.0526      3.00      4.00      7.00     31.00      0.00       1.5618    0.0144      1.00      1.00      2.00     14.00      0.00      18.4930    0.0844     15.00     18.00     22.00     59.00      0.00
  2.0000   0.0300   0.5500        5.4474    0.0517      3.00      5.00      7.00     37.00      0.00       1.5412    0.0143      1.00      1.00      2.00     14.00      0.00      18.4332    0.0827     15.00     18.00     22.00     55.00      0.00
  2.0000   0.0300   0.5000        5.4172    0.0511      3.00      4.00      7.00     30.00      0.00       1.5466    0.0136      1.00      1.00      2.00     11.00      0.00      18.5208    0.0862     15.00     18.00     22.00     59.00      0.00
  2.0000   0.0300   0.4500        5.5558    0.0544      3.00      5.00      7.00     63.00      0.00       1.5486    0.0148      1.00      1.00      2.00     19.00      0.00      18.5492    0.0839     15.00     18.00     22.00     56.00      0.00
  2.0000   0.0300   0.4000        5.6194    0.0536      3.00      5.00      7.00     44.00      0.00       1.5474    0.0139      1.00      1.00      2.00     11.00      0.00      18.5870    0.0836     15.00     18.00     22.00     54.00      0.00
  2.0000   0.0300   0.3500        5.5044    0.0528      3.00      5.00      7.00     35.00      0.00       1.5458    0.0137      1.00      1.00      2.00     16.00      0.00      18.5430    0.0837     15.00     18.00     22.00     49.00      0.00
  2.0000   0.0300   0.3000        5.5070    0.0528      3.00      5.00      7.00     54.00      0.00       1.5666    0.0140      1.00      1.00      2.00      9.00      0.00      18.5046    0.0856     15.00     18.00     22.00     51.00      0.00
  2.0000   0.0300   0.2500        5.5390    0.0536      3.00      4.00      7.00     35.00      0.00       1.5796    0.0151      1.00      1.00      2.00     14.00      0.00      18.3124    0.0854     14.00     18.00     21.00     58.00      0.00
  2.0000   0.0300   0.2000        5.6272    0.0547      3.00      5.00      7.00     35.00      0.00       1.5616    0.0141      1.00      1.00      2.00     12.00      0.00      18.1778    0.0843     14.00     17.00     21.00     61.00      0.00
  2.0000   0.0300   0.1500        5.5768    0.0542      3.00      5.00      7.00     36.00      0.00       1.6036    0.0152      1.00      1.00      2.00     13.00      0.00      17.8476    0.0864     14.00     17.00     21.00     53.00      0.00
  2.0000   0.0300   0.1000        5.7436    0.0557      3.00      5.00      7.00     37.00      0.00       1.6550    0.0164      1.00      1.00      2.00     13.00      0.00      17.4950    0.0829     14.00     17.00     20.00     50.00      0.00
  2.0000   0.0300   0.0500        5.8778    0.0569      3.00      5.00      8.00     30.00      0.00       1.6660    0.0159      1.00      1.00      2.00     12.00      0.00      16.7090    0.0818     13.00     16.00     20.00     47.00      0.00
