Amp  OC_Mean OC_Std OC_Q1 OC_Med OC_Q3 OC_Max OC_Min  Exp_Mean Exp_Std Exp_Q1 Exp_Med Exp_Q3 Exp_Max Exp_Min  Num_Mean Num_Std Num_Q1 Num_Med Num_Q3 Num_Max Num_Min
  4.0000       35.3842    0.7025     11.00     20.00     39.00    816.00      0.00       1.9008    0.0478      1.00      1.00      2.00     94.00      0.00      43.9602    0.4630     22.00     35.00     56.00    348.00      0.00
  3.8000       36.9940    0.7505     11.00     22.00     40.00   1036.00      0.00       1.9112    0.0666      1.00      1.00      2.00    225.00      0.00      46.5512    0.4911     23.00     38.00     61.00    392.00      0.00
  3.6000       39.1852    0.7387     12.00     23.00     44.00    722.00      0.00       1.8618    0.0501      1.00      1.00      2.00    119.00      0.00      49.4998    0.5335     24.00     39.00     64.00    402.00      0.00
  3.4000       42.0664    0.7798     13.00     25.00     49.00    639.00      0.00       1.8764    0.0441      1.00      1.00      2.00     77.00      0.00      52.7538    0.5622     25.00     43.00     68.00    379.00      0.00
  3.2000       47.4244    0.9155     14.00     28.00     54.00   1120.00      0.00       1.9192    0.0496      1.00      1.00      2.00    109.00      0.00      58.0910    0.6225     28.00     47.00     76.00    477.00      0.00
  3.0000       51.4028    0.9299     16.00     31.00     60.00    893.00      0.00       1.8348    0.0431      1.00      1.00      2.00    104.00      0.00      64.5434    0.6993     30.00     52.00     84.00    440.00      0.00
  2.8000       56.0164    0.9777     17.00     33.00     67.00    785.00      0.00       1.8724    0.0470      1.00      1.00      2.00     93.00      0.00      70.6506    0.7851     33.00     56.00     92.00    478.00      0.00
  2.6000       63.0892    1.0859     19.00     39.00     76.00    894.00      0.00       1.9770    0.0542      1.00      1.00      2.00     86.00      0.00      77.8792    0.8866     36.00     62.00    102.00    645.00      0.00
  2.4000       71.0450    1.2176     21.00     44.00     87.00   1208.00      0.00       1.8780    0.0476      1.00      1.00      2.00     93.00      0.00      89.1548    1.0191     39.00     70.00    118.00    604.00      0.00
  2.2000       80.1578    1.2545     26.00     52.00    101.00    983.00      0.00       1.9546    0.0578      1.00      1.00      2.00    148.00      0.00     100.6514    1.1549     44.00     79.00    134.00    674.00      0.00
  2.0000       94.4182    1.5381     30.00     60.00    116.00   1425.00      0.00       1.7906    0.0461      1.00      1.00      2.00    127.00      0.00     118.9192    1.4051     50.00     93.00    157.00    808.00      0.00
  1.8000      112.0924    1.7115     35.00     74.00    146.00   1250.00      0.00       1.8552    0.0483      1.00      1.00      2.00    120.00      0.00     140.7564    1.6977     58.00    109.00    188.00    945.00      0.00
  1.6000      134.4010    2.0256     41.00     88.00    178.00   1372.00      0.00       1.8320    0.0396      1.00      1.00      2.00     76.00      0.00     168.3674    2.1052     64.00    124.00    229.00   1184.00      0.00
  1.4000      167.7104    2.4789     50.00    115.00    226.00   2000.00      0.00       1.9180    0.0516      1.00      1.00      2.00    101.00      0.00     208.8292    2.7760     72.00    152.00    289.00   1692.00      0.00
  1.2000      210.5924    3.0795     63.00    141.00    284.00   1926.00      0.00       1.8702    0.0479      1.00      1.00      2.00    114.00      0.00     263.1612    3.8032     78.00    179.00    351.00   2699.00      0.00
  1.0000      270.8310    3.7069     83.00    188.00    373.00   2000.00      0.00       1.8694    0.0434      1.00      1.00      2.00     65.00      0.00     343.7610    5.0887     93.00    229.00    469.00   2685.00      0.00
  0.8000      324.6450    4.5537     93.00    224.00    446.00   2000.00      0.00       1.8130    0.0429      1.00      1.00      2.00    102.00      0.00     403.1670    6.4318     94.00    249.00    540.00   3652.00      0.00
  0.6000      357.5002    4.9491    102.00    250.00    494.00   2000.00      0.00       1.8132    0.0461      1.00      1.00      2.00    114.00      0.00     437.1208    6.9541     97.00    267.00    595.00   3780.00      0.00
  0.4000      365.9982    4.9665    110.00    259.00    516.00   2000.00      0.00       1.8742    0.0467      1.00      1.00      2.00     75.00      0.00     445.2852    7.1213     98.00    264.00    618.00   3751.00      0.00
  0.2000      365.8392    5.1692    102.00    253.00    516.00   2000.00      0.00       1.9364    0.0555      1.00      1.00      2.00    138.00      0.00     430.4388    7.0562     87.00    253.00    600.00   3666.00      0.00
