Amp  OC_Mean OC_Std OC_Q1 OC_Med OC_Q3 OC_Max OC_Min  Exp_Mean Exp_Std Exp_Q1 Exp_Med Exp_Q3 Exp_Max Exp_Min  Num_Mean Num_Std Num_Q1 Num_Med Num_Q3 Num_Max Num_Min
  4.0000       38.0894    0.8287     10.00     20.00     42.00   1172.00      0.00       2.4756    0.0741      1.00      1.00      2.00    139.00      0.00      48.9754    0.5804     22.00     37.00     64.00    510.00      0.00
  3.8000       41.5234    0.8483     11.00     22.00     47.00    949.00      0.00       2.8522    0.1035      1.00      1.00      2.00    179.00      0.00      53.1084    0.6265     23.00     41.00     69.00    389.00      0.00
  3.6000       44.0952    0.9040     11.00     23.00     49.00    916.00      0.00       2.6818    0.0825      1.00      1.00      2.00    119.00      0.00      55.9988    0.6752     24.00     42.00     73.00    482.00      0.00
  3.4000       46.7642    0.9140     12.00     26.00     54.00    753.00      0.00       2.6162    0.0805      1.00      1.00      2.00    132.00      0.00      59.4268    0.6800     26.00     46.00     78.00    359.00      0.00
  3.2000       49.5552    0.9370     14.00     28.00     58.00    789.00      0.00       2.7594    0.0897      1.00      1.00      2.00    150.00      0.00      64.9984    0.7694     28.00     50.00     86.00    526.00      0.00
  3.0000       53.1906    1.0350     15.00     30.00     62.00   1384.00      0.00       2.5978    0.0826      1.00      1.00      2.00    130.00      0.00      69.5116    0.8375     30.00     53.00     91.00    580.00      0.00
  2.8000       58.7724    1.0353     16.00     35.00     70.00   1019.00      0.00       2.5794    0.0709      1.00      1.00      2.00    137.00      0.00      75.5932    0.8818     33.00     59.00     99.00    561.00      0.00
  2.6000       65.1114    1.1912     18.00     39.00     78.00   1198.00      0.00       2.7880    0.1081      1.00      1.00      2.00    289.00      0.00      83.3096    0.9849     37.00     64.00    110.00    687.00      0.00
  2.4000       71.3100    1.2582     20.00     43.00     86.00   1012.00      0.00       2.6170    0.0909      1.00      1.00      2.00    234.00      0.00      93.6416    1.0772     41.00     74.00    125.00    638.00      0.00
  2.2000       77.3802    1.2767     23.00     47.00     98.00    895.00      0.00       2.7274    0.0841      1.00      1.00      2.00    112.00      0.00     102.4988    1.2099     44.00     79.00    136.00    657.00      0.00
  2.0000       88.1274    1.4834     25.00     54.00    111.00    979.00      0.00       2.6696    0.0885      1.00      1.00      2.00    164.00      0.00     119.1286    1.4224     51.00     92.00    159.00    944.00      0.00
  1.8000      101.2924    1.6553     28.00     63.00    131.00   1329.00      0.00       2.7336    0.0900      1.00      1.00      2.00    184.00      0.00     133.2726    1.6260     55.00    102.00    182.00   1107.00      0.00
  1.6000      117.3514    1.8211     34.00     77.00    152.00   1831.00      0.00       2.6046    0.0769      1.00      1.00      2.00     97.00      0.00     157.2494    1.9455     61.00    119.00    213.00   1302.00      0.00
  1.4000      137.6360    2.1241     40.00     88.00    183.00   1732.00      0.00       2.6744    0.0935      1.00      1.00      2.00    187.00      0.00     185.7418    2.4216     67.00    138.00    252.00   1278.00      0.00
  1.2000      180.3004    2.7385     52.00    119.00    240.00   2000.00      0.00       2.7364    0.0991      1.00      1.00      2.00    216.00      0.00     232.1624    3.1123     78.00    172.00    314.00   2006.00      0.00
  1.0000      214.4636    3.0656     65.00    148.00    293.00   1775.00      0.00       2.4844    0.0661      1.00      1.00      2.00     92.00      0.00     285.6854    3.8924     90.00    206.00    392.00   1933.00      0.00
  0.8000      268.8990    3.9104     79.00    182.00    362.00   2000.00      0.00       2.5882    0.0887      1.00      1.00      2.00    235.00      0.00     345.3822    5.1739     89.00    233.00    479.00   3779.00      0.00
  0.6000      332.9112    4.5516    100.00    235.00    456.00   2000.00      0.00       2.6824    0.0843      1.00      1.00      2.00    127.00      0.00     417.2640    6.7169     95.00    254.00    568.00   4018.00      0.00
  0.4000      352.9274    4.9292    102.00    246.00    486.00   2000.00      0.00       2.6304    0.0858      1.00      1.00      2.00    182.00      0.00     432.5186    7.1032     90.00    255.00    599.00   3890.00      0.00
