Amp Radius  OC_Mean OC_Std OC_Q1 OC_Med OC_Q3 OC_Max OC_Min  Exp_Mean Exp_Std Exp_Q1 Exp_Med Exp_Q3 Exp_Max Exp_Min  Num_Mean Num_Std Num_Q1 Num_Med Num_Q3 Num_Max Num_Min
  2.0000   0.2000        4.0205    0.0540      2.00      3.00      5.00     21.00      0.00       1.8950    0.0338      1.00      1.00      2.00     14.00      0.00       9.4410    0.0827      7.00     10.00     12.00     22.00      0.00
  2.0000   0.1800        4.4170    0.0646      2.00      4.00      6.00     23.00      0.00       2.1350    0.0409      1.00      1.00      3.00     19.00      0.00       9.2765    0.0781      7.00     10.00     12.00     22.00      0.00
  2.0000   0.1600        5.0065    0.0724      3.00      4.00      6.00     31.00      0.00       2.5135    0.0472      1.00      2.00      3.00     18.00      0.00       9.0720    0.0787      7.00     10.00     11.00     21.00      0.00
  2.0000   0.1400        5.9985    0.0972      3.00      5.00      8.00     45.00      0.00       3.1345    0.0689      1.00      2.00      4.00     44.00      0.00       8.8820    0.0813      7.00     10.00     11.00     21.00      0.00
  2.0000   0.1200        7.2540    0.1364      3.00      6.00      9.00     92.00      0.00       3.9820    0.0965      1.00      3.00      5.00     65.00      0.00       8.6675    0.0803      6.00     10.00     11.00     21.00      0.00
  2.0000   0.1000        9.6755    0.1820      4.00      7.00     12.00     77.00      0.00       5.8155    0.1386      2.00      4.00      7.00     56.00      0.00       8.5455    0.0780      6.00     10.00     11.00     21.00      0.00
  2.0000   0.0800       13.7965    0.3051      5.00     10.00     17.00    124.00      0.00       9.5370    0.2613      3.00      6.00     12.00    122.00      0.00       8.0340    0.0810      6.00      9.00     11.00     19.00      0.00
  2.0000   0.0600       25.1465    0.5845      8.00     16.00     33.00    354.00      0.00      19.9875    0.5202      5.00     12.00     27.00    339.00      0.00       7.4515    0.0892      6.00      8.00     10.00     20.00      0.00
  2.0000   0.0400       56.8050    1.3359     15.00     38.00     79.00    467.00      0.00      49.7405    1.2401     11.00     33.00     69.00    460.00      0.00       5.8220    0.0970      0.00      7.00     10.00     18.00      0.00
  2.0000   0.0200      120.4415    2.7083     32.00     85.00    170.00    957.00      0.00     113.7325    2.6152     30.00     78.00    162.00    912.00      0.00       2.7790    0.0845      0.00      0.00      6.00     18.00      0.00
  1.8000   0.2000        4.4655    0.0634      3.00      4.00      6.00     25.00      0.00       1.9300    0.0359      1.00      1.00      2.00     22.00      0.00      10.2270    0.0859      8.00     11.00     12.00     24.00      0.00
  1.8000   0.1800        4.8850    0.0718      3.00      4.00      6.00     33.00      0.00       2.1480    0.0402      1.00      1.00      3.00     27.00      0.00       9.9075    0.0813      8.00     10.00     12.00     24.00      0.00
  1.8000   0.1600        5.5500    0.0893      3.00      5.00      7.00     62.00      0.00       2.5940    0.0562      1.00      2.00      3.00     51.00      0.00       9.6615    0.0819      8.00     10.00     12.00     23.00      0.00
  1.8000   0.1400        6.3360    0.1016      3.00      5.00      8.00     46.00      0.00       2.9730    0.0602      1.00      2.00      4.00     29.00      0.00       9.4700    0.0806      7.00     10.00     12.00     23.00      0.00
  1.8000   0.1200        7.7615    0.1394      4.00      6.00     10.00     62.00      0.00       3.8190    0.0837      1.00      3.00      5.00     35.00      0.00       9.2530    0.0792      7.00     10.00     11.00     25.00      0.00
  1.8000   0.1000       10.1910    0.1996      5.00      8.00     13.00    107.00      0.00       5.6775    0.1479      2.00      4.00      7.00    103.00      0.00       8.9760    0.0821      7.00     10.00     11.00     23.00      0.00
  1.8000   0.0800       15.5225    0.3690      6.00     11.00     20.00    182.00      0.00       9.5685    0.2785      2.00      6.00     12.00    163.00      0.00       8.6055    0.0869      7.00     10.00     11.00     24.00      0.00
  1.8000   0.0600       27.3420    0.6373      8.00     18.00     36.00    241.00      0.00      20.3115    0.5370      4.00     12.00     28.00    226.00      0.00       7.9165    0.0912      6.00      9.00     11.00     21.00      0.00
  1.8000   0.0400       57.0280    1.3198     16.00     38.00     77.00    505.00      0.00      48.5055    1.1774     12.00     31.00     67.00    486.00      0.00       6.1400    0.1047      0.00      7.00     10.00     21.00      0.00
  1.8000   0.0200      124.0160    2.8066     34.00     85.00    171.00   1169.00      0.00     114.8970    2.6307     30.00     80.00    159.00   1169.00      0.00       3.0780    0.0936      0.00      0.00      7.00     20.00      0.00
  1.6000   0.2000        4.9610    0.0768      3.00      4.00      6.00     41.00      0.00       1.9440    0.0370      1.00      1.00      2.00     14.00      0.00      10.8825    0.0933      9.00     11.00     13.00     28.00      0.00
  1.6000   0.1800        5.4615    0.0834      3.00      4.00      7.00     34.00      0.00       2.1895    0.0419      1.00      1.00      3.00     18.00      0.00      10.7715    0.0930      8.00     11.00     13.00     32.00      0.00
  1.6000   0.1600        6.2715    0.0960      3.00      5.00      8.00     43.00      0.00       2.5495    0.0499      1.00      2.00      3.00     18.00      0.00      10.3705    0.0879      8.00     11.00     13.00     31.00      0.00
  1.6000   0.1400        7.2230    0.1205      4.00      6.00      9.00     46.00      0.00       3.0140    0.0596      1.00      2.00      4.00     23.00      0.00      10.1320    0.0899      8.00     11.00     12.00     27.00      0.00
  1.6000   0.1200        9.2050    0.1592      4.00      7.00     12.00     63.00      0.00       3.9450    0.0813      1.00      3.00      5.00     33.00      0.00      10.2640    0.0911      8.00     11.00     12.00     34.00      0.00
  1.6000   0.1000       11.6285    0.2347      5.00      9.00     15.00    108.00      0.00       5.6630    0.1480      2.00      4.00      7.00     73.00      0.00       9.6645    0.0920      7.00     10.00     12.00     26.00      0.00
  1.6000   0.0800       16.5380    0.3753      6.00     12.00     21.00    186.00      0.00       9.0955    0.2721      2.00      5.00     11.00    184.00      0.00       9.2405    0.0930      7.00     10.00     12.00     26.00      0.00
  1.6000   0.0600       30.0690    0.6918      9.00     20.00     41.00    256.00      0.00      20.3130    0.5351      4.00     12.00     27.00    238.00      0.00       8.4670    0.1043      6.00      9.00     11.00     26.00      0.00
  1.6000   0.0400       63.5050    1.4949     18.00     41.00     87.00    716.00      0.00      50.2380    1.2533     11.00     32.00     69.00    451.00      0.00       6.6975    0.1146      1.00      8.00     11.00     25.00      0.00
  1.6000   0.0200      128.7135    2.8824     35.00     87.00    179.00    889.00      0.00     116.7135    2.6608     30.00     78.00    165.00    885.00      0.00       3.1785    0.1038      0.00      0.00      7.00     25.00      0.00
  1.4000   0.2000        5.7540    0.0913      3.00      5.00      7.00     41.00      0.00       1.9220    0.0364      1.00      1.00      2.00     20.00      0.00      12.2690    0.1110      9.00     12.00     15.00     40.00      0.00
  1.4000   0.1800        6.3090    0.0990      3.00      5.00      8.00     40.00      0.00       2.1320    0.0386      1.00      1.00      3.00     14.00      0.00      12.0905    0.1053     10.00     12.00     15.00     31.00      0.00
  1.4000   0.1600        7.2035    0.1137      4.00      6.00      9.00     46.00      0.00       2.4650    0.0470      1.00      2.00      3.00     17.00      0.00      11.7045    0.1055      9.00     12.00     14.00     32.00      0.00
  1.4000   0.1400        8.6905    0.1499      4.00      7.00     11.00     75.00      0.00       3.0890    0.0653      1.00      2.00      4.00     41.00      0.00      11.5335    0.1031      9.00     11.00     14.00     33.00      0.00
  1.4000   0.1200       10.5510    0.1846      5.00      8.00     14.00     74.00      0.00       4.0475    0.0897      1.00      3.00      5.00     49.00      0.00      11.1385    0.1024      9.00     11.00     14.00     34.00      0.00
  1.4000   0.1000       13.3725    0.2614      6.00     10.00     17.00    206.00      0.00       5.3330    0.1247      2.00      4.00      7.00     63.00      0.00      10.8250    0.1049      8.00     11.00     13.00     32.00      0.00
  1.4000   0.0800       19.0455    0.4147      7.00     14.00     24.00    203.00      0.00       9.1100    0.2452      2.00      6.00     12.00    165.00      0.00      10.3350    0.1141      8.00     11.00     13.00     29.00      0.00
  1.4000   0.0600       36.0130    0.8624     10.00     23.00     49.00    378.00      0.00      21.2065    0.5994      4.00     12.00     27.00    280.00      0.00       9.7325    0.1187      7.00     10.00     13.00     28.00      0.00
  1.4000   0.0400       67.4655    1.5934     18.00     44.00     93.00    572.00      0.00      49.1700    1.2605     11.00     30.00     68.00    572.00      0.00       7.2645    0.1327      0.00      8.00     11.00     27.00      0.00
  1.4000   0.0200      134.8635    3.1606     37.00     90.00    181.00   1385.00      0.00     116.9535    2.8084     30.00     78.00    156.00   1109.00      0.00       3.3475    0.1135      0.00      0.00      7.00     28.00      0.00
  1.2000   0.2000        7.0895    0.1162      4.00      6.00      9.00     50.00      0.00       2.0090    0.0383      1.00      1.00      2.00     15.00      0.00      14.5825    0.1353     11.00     14.00     18.00     46.00      0.00
  1.2000   0.1800        7.4600    0.1196      4.00      6.00     10.00     61.00      0.00       2.1235    0.0409      1.00      1.00      3.00     18.00      0.00      14.0670    0.1373     10.00     13.00     18.00     40.00      0.00
  1.2000   0.1600        8.5310    0.1445      4.00      7.00     11.00     75.00      0.00       2.5040    0.0503      1.00      2.00      3.00     30.00      0.00      13.8265    0.1372     10.00     13.00     17.00     43.00      0.00
  1.2000   0.1400       10.1545    0.1729      5.00      8.00     13.00     65.00      0.00       3.1610    0.0618      1.00      2.00      4.00     23.00      0.00      13.2915    0.1361     10.00     13.00     16.00     41.00      0.00
  1.2000   0.1200       12.5120    0.2306      5.00     10.00     17.00     97.00      0.00       4.0675    0.0996      1.00      3.00      5.00     66.00      0.00      12.9585    0.1359     10.00     12.00     16.00     35.00      0.00
  1.2000   0.1000       16.3005    0.3211      7.00     12.00     22.00    150.00      0.00       5.6685    0.1420      2.00      4.00      7.00     72.00      0.00      12.4890    0.1355      9.00     12.00     16.00     39.00      0.00
  1.2000   0.0800       23.7290    0.5082      9.00     17.00     31.00    168.00      0.00       9.6260    0.2614      3.00      6.00     12.00    113.00      0.00      11.8210    0.1375      9.00     12.00     15.00     36.00      0.00
  1.2000   0.0600       39.3635    0.8520     13.00     27.00     54.00    352.00      0.00      20.4700    0.5382      5.00     12.00     27.00    213.00      0.00      10.9485    0.1532      6.00     11.00     15.00     38.00      0.00
  1.2000   0.0400       75.0055    1.6415     22.00     52.00    104.00    547.00      0.00      49.9675    1.2001     11.00     34.00     69.00    476.00      0.00       8.6125    0.1639      1.00      9.00     14.00     39.00      0.00
  1.2000   0.0200      141.1250    3.2914     40.00     93.00    196.00   1495.00      0.00     118.1770    2.8255     32.00     79.00    163.00   1495.00      0.00       3.8730    0.1361      0.00      0.00      8.00     36.00      0.00
  1.0000   0.2000        8.4245    0.1374      4.00      7.00     11.00     73.00      0.00       1.8875    0.0327      1.00      1.00      2.00     12.00      0.00      17.6490    0.1862     12.00     16.00     23.00     58.00      0.00
  1.0000   0.1800        9.7090    0.1534      5.00      8.00     12.00     55.00      0.00       2.2350    0.0418      1.00      2.00      3.00     23.00      0.00      17.6665    0.1959     12.00     16.00     23.00     64.00      0.00
  1.0000   0.1600       11.0455    0.1881      5.00      9.00     14.00     78.00      0.00       2.5445    0.0487      1.00      2.00      3.00     26.00      0.00      17.2615    0.1901     12.00     16.00     22.00     61.00      0.00
  1.0000   0.1400       12.8400    0.2271      6.00     10.00     17.00     93.00      0.00       3.0325    0.0645      1.00      2.00      4.00     43.00      0.00      16.4255    0.1814     11.00     15.00     21.00     54.00      0.00
  1.0000   0.1200       16.2370    0.3041      7.00     13.00     20.00    157.00      0.00       4.0210    0.0867      1.00      3.00      5.00     47.00      0.00      16.0905    0.1825     11.00     15.00     21.00     48.00      0.00
  1.0000   0.1000       21.8905    0.4395      8.00     16.00     29.00    166.00      0.00       5.7400    0.1499      2.00      4.00      7.00    123.00      0.00      15.5565    0.1892     10.00     15.00     21.00     56.00      0.00
  1.0000   0.0800       29.1215    0.6111     10.00     21.00     39.00    226.00      0.00       9.2660    0.2397      2.00      6.00     12.00     89.00      0.00      14.7905    0.1961     10.00     14.00     20.00     49.00      0.00
  1.0000   0.0600       46.0860    1.0333     15.00     31.00     62.00    403.00      0.00      20.0070    0.5666      4.00     12.00     26.00    284.00      0.00      12.9130    0.2034      6.00     12.00     19.00     64.00      0.00
  1.0000   0.0400       81.7410    1.8125     26.00     57.00    111.00    859.00      0.00      48.2355    1.1814     11.00     32.00     68.00    485.00      0.00       9.8425    0.2120      1.00      9.00     16.00     62.00      0.00
  1.0000   0.0200      145.6910    3.2143     42.00    102.00    200.00   1024.00      0.00     114.1345    2.5968     30.00     78.00    159.00    848.00      0.00       4.4525    0.1741      0.00      0.00      7.00     53.00      0.00
  0.8000   0.2000       11.8180    0.1917      6.00     10.00     15.00     75.00      0.00       1.9600    0.0403      1.00      1.00      2.00     33.00      0.00      24.5090    0.2969     15.00     22.00     32.00     97.00      0.00
  0.8000   0.1800       12.7305    0.2241      6.00     10.00     16.00     89.00      0.00       2.1575    0.0401      1.00      1.00      3.00     19.00      0.00      23.2715    0.2843     15.00     21.00     30.00     80.00      0.00
  0.8000   0.1600       14.8270    0.2500      7.00     12.00     19.00     93.00      0.00       2.5685    0.0484      1.00      2.00      3.00     15.00      0.00      22.6120    0.2792     14.00     21.00     30.00     86.00      0.00
  0.8000   0.1400       17.4900    0.3169      8.00     13.00     23.00    131.00      0.00       3.1325    0.0664      1.00      2.00      4.00     38.00      0.00      22.3615    0.2698     14.00     21.00     30.00     76.00      0.00
  0.8000   0.1200       22.2550    0.4371      9.00     17.00     30.00    184.00      0.00       3.9635    0.0943      1.00      3.00      5.00     49.00      0.00      21.6730    0.2834     13.00     20.00     29.00     81.00      0.00
  0.8000   0.1000       28.4455    0.5652     10.00     21.00     38.00    214.00      0.00       5.3010    0.1378      2.00      4.00      7.00     97.00      0.00      20.6350    0.2849     12.00     19.00     28.00     89.00      0.00
  0.8000   0.0800       38.0505    0.8221     13.00     28.00     50.00    356.00      0.00       9.4380    0.2502      2.00      6.00     12.00    129.00      0.00      19.0535    0.2847     10.00     18.00     27.00     79.00      0.00
  0.8000   0.0600       59.2075    1.2869     19.00     42.00     80.00    463.00      0.00      19.3080    0.5028      4.00     11.00     26.00    210.00      0.00      16.3200    0.2768      6.00     15.00     24.00    101.00      0.00
  0.8000   0.0400       99.5805    2.2929     28.00     68.00    137.00    869.00      0.00      47.9335    1.1963     11.00     30.00     66.00    406.00      0.00      12.3085    0.2924      0.00      9.00     21.00     77.00      0.00
  0.8000   0.0200      156.3245    3.3152     48.00    114.00    215.00   1079.00      0.00     115.4560    2.5751     33.00     82.00    161.00    883.00      0.00       5.0850    0.2180      0.00      0.00      4.00     59.00      0.00
  0.6000   0.2000       17.9585    0.3187      8.00     14.00     23.00    123.00      0.00       1.9195    0.0369      1.00      1.00      2.00     16.00      0.00      36.3805    0.5000     21.00     32.00     47.00    142.00      0.00
  0.6000   0.1800       20.1495    0.3684      9.00     16.00     26.00    175.00      0.00       2.2160    0.0415      1.00      1.00      3.00     19.00      0.00      35.5550    0.4932     20.00     31.00     47.00    145.00      0.00
  0.6000   0.1600       22.9050    0.4217     10.00     18.00     30.00    185.00      0.00       2.4915    0.0465      1.00      2.00      3.00     15.00      0.00      34.3370    0.5009     18.00     31.00     46.00    158.00      0.00
  0.6000   0.1400       26.8325    0.4869     12.00     21.00     36.00    231.00      0.00       3.0525    0.0638      1.00      2.00      4.00     35.00      0.00      32.7685    0.4826     18.00     30.00     44.00    131.00      0.00
  0.6000   0.1200       33.3790    0.6415     13.00     24.00     44.00    202.00      0.00       4.0155    0.0867      1.00      3.00      5.00     50.00      0.00      32.5730    0.4985     17.00     29.00     44.00    195.00      0.00
  0.6000   0.1000       44.2350    0.9049     16.00     32.00     58.00    348.00      0.00       5.8100    0.1572      2.00      4.00      7.00    148.00      0.00      30.3655    0.4817     14.00     28.00     43.00    135.00      0.00
  0.6000   0.0800       59.3755    1.2185     20.00     43.00     81.00    427.00      0.00       9.4520    0.2594      2.00      6.00     11.00     94.00      0.00      27.2820    0.4866     10.00     24.00     39.00    140.00      0.00
  0.6000   0.0600       81.6465    1.7805     26.00     56.00    110.00    649.00      0.00      19.8135    0.5455      5.00     12.00     26.00    338.00      0.00      22.3280    0.4654      4.00     18.00     35.00    120.00      0.00
  0.6000   0.0400      121.9190    2.8071     35.00     80.00    165.00   1001.00      0.00      47.4120    1.2209     10.00     29.00     63.00    461.00      0.00      15.2005    0.4322      0.00      6.00     26.00    111.00      0.00
  0.6000   0.0200      175.7325    3.8717     54.00    122.00    241.00   1590.00      0.00     118.7730    2.6203     32.00     83.00    168.00    813.00      0.00       5.8215    0.3010      0.00      0.00      3.00    115.00      0.00
  0.4000   0.2000       35.3000    0.6485     15.00     27.00     48.00    237.00      0.00       1.9255    0.0362      1.00      1.00      2.00     24.00      0.00      69.2000    1.1408     32.00     58.00     95.00    371.00      0.00
  0.4000   0.1800       40.6135    0.7866     16.00     31.00     55.00    425.00      0.00       2.1500    0.0413      1.00      1.00      3.00     15.00      0.00      66.9040    1.1516     31.00     56.00     91.00    406.00      0.00
  0.4000   0.1600       46.4960    0.9226     19.00     35.00     61.00    296.00      0.00       2.5535    0.0498      1.00      2.00      3.00     18.00      0.00      64.3625    1.1434     27.00     52.00     88.00    485.00      0.00
  0.4000   0.1400       55.0540    1.0934     22.00     42.00     73.00    427.00      0.00       3.0495    0.0675      1.00      2.00      4.00     45.00      0.00      61.8835    1.1091     26.00     51.00     85.00    454.00      0.00
  0.4000   0.1200       63.6910    1.3172     23.00     46.00     86.00    461.00      0.00       4.0340    0.0894      1.00      3.00      5.00     50.00      0.00      54.0450    1.0236     20.00     45.00     76.00    441.00      0.00
  0.4000   0.1000       77.9090    1.6048     28.00     58.00    106.00    572.00      0.00       5.6310    0.1325      2.00      4.00      7.00     76.00      0.00      49.2300    1.0082     15.00     39.00     71.00    356.00      0.00
  0.4000   0.0800       97.2405    2.0114     33.00     70.00    134.00    867.00      0.00       9.3505    0.2469      3.00      6.00     12.00    138.00      0.00      41.4245    0.9320      9.00     31.00     61.00    300.00      0.00
  0.4000   0.0600      132.7385    2.9368     40.00     92.00    183.00   1098.00      0.00      20.3535    0.5684      4.00     12.00     26.00    344.00      0.00      32.6900    0.8874      3.00     18.00     49.00    315.00      0.00
  0.4000   0.0400      152.7935    3.3315     46.00    109.00    209.00   1026.00      0.00      49.2280    1.1371     11.00     33.00     72.00    335.00      0.00      17.1365    0.6295      0.00      4.00     22.00    256.00      0.00
  0.4000   0.0200      187.8340    4.2081     52.00    129.00    257.00   1195.00      0.00     113.5630    2.6628     28.00     78.00    156.00    867.00      0.00       5.0735    0.3410      0.00      0.00      2.00    157.00      0.00
  0.2000   0.2000      119.7190    2.6595     36.00     79.00    165.00    945.00      0.00       1.8960    0.0358      1.00      1.00      2.00     17.00      0.00     168.3100    3.8199     46.00    115.00    236.00   1366.00      0.00
  0.2000   0.1800      127.5690    2.7456     39.00     91.00    179.00    927.00      0.00       2.2395    0.0438      1.00      1.00      3.00     18.00      0.00     147.4210    3.2694     42.00     99.00    207.00    907.00      0.00
  0.2000   0.1600      137.3540    3.0318     40.00     96.00    190.00   1130.00      0.00       2.5680    0.0524      1.00      2.00      3.00     30.00      0.00     129.2545    3.0204     34.00     87.00    180.00   1132.00      0.00
  0.2000   0.1400      151.8640    3.3041     46.00    104.00    211.00   1084.00      0.00       3.1060    0.0674      1.00      2.00      4.00     44.00      0.00     113.6540    2.6441     28.00     74.00    160.00    914.00      0.00
  0.2000   0.1200      161.8435    3.6546     47.00    111.00    224.00   1379.00      0.00       4.0470    0.1033      1.00      3.00      5.00     94.00      0.00      90.7175    2.1715     20.00     59.00    128.00    646.00      0.00
  0.2000   0.1000      167.5985    3.7671     47.00    113.00    238.00   1561.00      0.00       5.6875    0.1477      2.00      4.00      7.00     84.00      0.00      66.7875    1.7583     12.00     39.00     91.00    629.00      0.00
  0.2000   0.0800      184.4100    4.0032     51.00    129.00    259.00   1288.00      0.00       9.6915    0.2619      2.00      6.00     12.00    126.00      0.00      50.0305    1.3954      7.00     27.00     71.00    618.00      0.00
  0.2000   0.0600      196.5840    4.4602     57.00    136.00    271.00   1746.00      0.00      19.6090    0.5165      4.00     11.00     26.00    239.00      0.00      30.1525    0.9807      3.00     13.00     39.00    387.00      0.00
  0.2000   0.0400      193.7915    4.4750     56.00    133.00    261.00   1657.00      0.00      49.3555    1.1755     11.00     33.00     68.00    387.00      0.00      13.1355    0.5699      1.00      3.00     13.00    242.00      0.00
  0.2000   0.0200      209.7625    4.7319     62.00    146.00    291.00   2000.00      0.00     119.6365    2.7570     32.00     82.00    164.00    802.00      0.00       3.4980    0.2168      0.00      0.00      2.00    133.00      0.00
