Amp Radius  OC_Mean OC_Std OC_Q1 OC_Med OC_Q3 OC_Max OC_Min  Exp_Mean Exp_Std Exp_Q1 Exp_Med Exp_Q3 Exp_Max Exp_Min  Num_Mean Num_Std Num_Q1 Num_Med Num_Q3 Num_Max Num_Min
  2.0000   0.2000        3.8470    0.0498      2.00      3.00      5.00     23.00      0.00       1.6510    0.0266      1.00      1.00      2.00     10.00      0.00       9.5480    0.0850      7.00     10.00     12.00     21.00      0.00
  2.0000   0.1800        4.3050    0.0578      3.00      4.00      5.00     25.00      0.00       1.9410    0.0350      1.00      1.00      2.00     21.00      0.00       9.2875    0.0810      7.00     10.00     12.00     22.00      0.00
  2.0000   0.1600        4.8045    0.0691      3.00      4.00      6.00     28.00      0.00       2.2370    0.0443      1.00      2.00      3.00     23.00      0.00       8.8575    0.0825      6.00     10.00     11.00     22.00      0.00
  2.0000   0.1400        5.8030    0.1076      3.00      5.00      7.00     90.00      0.00       2.7540    0.0693      1.00      2.00      3.00     57.00      0.00       8.8680    0.0802      7.00     10.00     11.00     18.00      0.00
  2.0000   0.1200        7.1115    0.1390      3.00      5.00      9.00     84.00      0.00       3.8060    0.1095      1.00      2.00      5.00     83.00      0.00       8.7075    0.0782      7.00     10.00     11.00     21.00      0.00
  2.0000   0.1000        9.1750    0.2237      4.00      7.00     11.00    146.00      0.00       5.5600    0.1992      2.00      3.00      6.00    144.00      0.00       8.3670    0.0807      6.00      9.00     11.00     17.00      0.00
  2.0000   0.0800       14.2685    0.3630      5.00     10.00     18.00    267.00      0.00      10.1690    0.3314      2.00      5.00     12.00    267.00      0.00       8.0230    0.0822      6.00      9.00     11.00     20.00      0.00
  2.0000   0.0600       27.6150    0.6735      7.00     17.00     37.00    275.00      0.00      22.0845    0.6121      4.00     12.00     30.00    221.00      0.00       7.2020    0.0888      5.00      8.00     10.00     19.00      0.00
  2.0000   0.0400       58.0905    1.3897     14.00     38.00     80.00    611.00      0.00      52.2765    1.3282     10.00     32.00     74.00    607.00      0.00       5.6980    0.0977      0.00      6.00     10.00     16.00      0.00
  2.0000   0.0200      119.6915    2.6982     33.00     85.00    167.00    995.00      0.00     114.0680    2.6330     30.00     80.00    159.00    995.00      0.00       2.5640    0.0834      0.00      0.00      6.00     18.00      0.00
  1.8000   0.2000        4.2820    0.0595      3.00      4.00      5.00     26.00      0.00       1.6875    0.0293      1.00      1.00      2.00     16.00      0.00      10.1240    0.0870      8.00     11.00     13.00     22.00      0.00
  1.8000   0.1800        4.7240    0.0691      3.00      4.00      6.00     49.00      0.00       1.8970    0.0359      1.00      1.00      2.00     22.00      0.00       9.8290    0.0844      8.00     10.00     12.00     25.00      0.00
  1.8000   0.1600        5.3635    0.0767      3.00      5.00      7.00     38.00      0.00       2.2235    0.0415      1.00      2.00      3.00     16.00      0.00       9.6220    0.0857      7.00     10.00     12.00     27.00      0.00
  1.8000   0.1400        6.3120    0.1100      3.00      5.00      8.00     70.00      0.00       2.7905    0.0653      1.00      2.00      3.00     45.00      0.00       9.5195    0.0840      7.00     10.00     12.00     24.00      0.00
  1.8000   0.1200        7.4435    0.1314      4.00      6.00      9.00     58.00      0.00       3.6030    0.0900      1.00      2.00      4.00     48.00      0.00       9.2235    0.0815      7.00     10.00     12.00     21.00      0.00
  1.8000   0.1000       10.0435    0.2135      4.00      7.00     12.00    113.00      0.00       5.3815    0.1665      1.00      3.00      6.00     89.00      0.00       8.9255    0.0834      7.00     10.00     11.00     26.00      0.00
  1.8000   0.0800       15.6875    0.3825      5.00     10.00     19.00    177.00      0.00      10.5750    0.3283      2.00      5.00     13.00    160.00      0.00       8.3195    0.0872      6.00      9.00     11.00     20.00      0.00
  1.8000   0.0600       29.0580    0.6724      8.00     18.00     38.00    249.00      0.00      22.5655    0.5919      4.00     13.00     32.00    196.00      0.00       7.7200    0.0959      5.00      9.00     11.00     22.00      0.00
  1.8000   0.0400       60.3145    1.3786     16.00     42.00     82.00    563.00      0.00      52.2295    1.2758     12.00     35.00     71.00    559.00      0.00       5.9090    0.1048      0.00      7.00     10.00     19.00      0.00
  1.8000   0.0200      123.3300    2.8355     33.00     85.00    167.00   1080.00      0.00     116.1000    2.7438     29.00     79.00    159.00   1080.00      0.00       2.9555    0.0917      0.00      0.00      6.00     17.00      0.00
  1.6000   0.2000        4.7785    0.0650      3.00      4.00      6.00     22.00      0.00       1.6635    0.0269      1.00      1.00      2.00     13.00      0.00      10.9690    0.0973      8.00     11.00     14.00     31.00      0.00
  1.6000   0.1800        5.3730    0.0759      3.00      5.00      7.00     31.00      0.00       1.8910    0.0370      1.00      1.00      2.00     24.00      0.00      10.8330    0.0936      8.00     11.00     13.00     27.00      0.00
  1.6000   0.1600        5.9635    0.0910      3.00      5.00      8.00     37.00      0.00       2.1685    0.0423      1.00      1.00      3.00     21.00      0.00      10.3955    0.0924      8.00     11.00     13.00     31.00      0.00
  1.6000   0.1400        6.9940    0.1134      4.00      6.00      9.00     55.00      0.00       2.7235    0.0641      1.00      2.00      3.00     46.00      0.00      10.3615    0.0930      8.00     11.00     13.00     30.00      0.00
  1.6000   0.1200        8.7690    0.1608      4.00      7.00     11.00     67.00      0.00       3.7590    0.1099      1.00      2.00      4.00     67.00      0.00       9.9600    0.0887      8.00     10.00     12.00     25.00      0.00
  1.6000   0.1000       11.7705    0.2481      5.00      9.00     14.00    125.00      0.00       5.8745    0.1960      2.00      3.00      7.00    115.00      0.00       9.7635    0.0878      7.00     10.00     12.00     26.00      0.00
  1.6000   0.0800       16.5790    0.3931      6.00     11.00     20.00    217.00      0.00       9.6285    0.3332      2.00      5.00     11.00    214.00      0.00       9.2010    0.0948      7.00     10.00     12.00     24.00      0.00
  1.6000   0.0600       31.0180    0.7169      9.00     20.00     41.00    232.00      0.00      22.4525    0.6096      4.00     12.00     31.00    157.00      0.00       8.2735    0.1037      6.00      9.00     11.00     22.00      0.00
  1.6000   0.0400       64.2745    1.4900     17.00     43.00     90.00    626.00      0.00      52.5420    1.2975     11.00     34.00     75.00    626.00      0.00       6.4205    0.1142      0.00      7.00     11.00     28.00      0.00
  1.6000   0.0200      132.2335    3.0090     39.00     92.00    179.00   1220.00      0.00     119.6635    2.7277     33.00     84.00    164.00   1220.00      0.00       3.0950    0.1013      0.00      0.00      7.00     28.00      0.00
  1.4000   0.2000        5.7060    0.0818      3.00      5.00      7.00     53.00      0.00       1.7140    0.0303      1.00      1.00      2.00     21.00      0.00      12.3985    0.1097     10.00     12.00     15.00     33.00      0.00
  1.4000   0.1800        6.2755    0.0953      3.00      5.00      8.00     40.00      0.00       1.9070    0.0386      1.00      1.00      2.00     32.00      0.00      12.2660    0.1085     10.00     12.00     15.00     31.00      0.00
  1.4000   0.1600        6.8065    0.0975      4.00      6.00      9.00     47.00      0.00       2.1615    0.0412      1.00      2.00      3.00     25.00      0.00      11.6185    0.1008      9.00     12.00     14.00     27.00      0.00
  1.4000   0.1400        8.2380    0.1386      4.00      7.00     11.00     69.00      0.00       2.7800    0.0743      1.00      2.00      3.00     61.00      0.00      11.4355    0.1045      9.00     12.00     14.00     30.00      0.00
  1.4000   0.1200       10.0150    0.1852      5.00      8.00     13.00     95.00      0.00       3.7435    0.1015      1.00      2.00      5.00     56.00      0.00      11.0495    0.1036      9.00     11.00     14.00     28.00      0.00
  1.4000   0.1000       13.3150    0.2565      6.00     10.00     17.00     92.00      0.00       5.6600    0.1672      2.00      3.00      6.00     75.00      0.00      10.6615    0.1039      8.00     11.00     13.00     32.00      0.00
  1.4000   0.0800       19.9085    0.4728      7.00     13.00     25.00    212.00      0.00      10.3750    0.3374      2.00      5.00     12.00    161.00      0.00      10.1990    0.1129      7.00     11.00     13.00     28.00      0.00
  1.4000   0.0600       34.0350    0.7983     10.00     22.00     45.00    362.00      0.00      22.0715    0.6070      4.00     11.00     30.00    181.00      0.00       9.1005    0.1241      6.00     10.00     13.00     32.00      0.00
  1.4000   0.0400       66.3100    1.5335     18.00     45.00     90.00    671.00      0.00      50.2190    1.2216     10.00     32.00     71.00    385.00      0.00       7.1250    0.1351      0.00      8.00     11.00     33.00      0.00
  1.4000   0.0200      128.3340    2.9479     34.00     86.00    182.00    992.00      0.00     114.7310    2.7119     29.00     74.00    163.00    903.00      0.00       3.2920    0.1106      0.00      0.00      7.00     25.00      0.00
  1.2000   0.2000        6.5940    0.0958      4.00      6.00      8.00     47.00      0.00       1.6745    0.0275      1.00      1.00      2.00     11.00      0.00      14.2995    0.1353     11.00     14.00     18.00     40.00      0.00
  1.2000   0.1800        7.5285    0.1170      4.00      6.00     10.00     60.00      0.00       1.8745    0.0342      1.00      1.00      2.00     24.00      0.00      14.1795    0.1358     10.00     13.00     18.00     45.00      0.00
  1.2000   0.1600        8.6230    0.1470      4.00      7.00     11.00    114.00      0.00       2.2655    0.0468      1.00      2.00      3.00     31.00      0.00      13.8815    0.1370     10.00     13.00     17.00     44.00      0.00
  1.2000   0.1400        9.9315    0.1713      5.00      8.00     13.00     69.00      0.00       2.6900    0.0589      1.00      2.00      3.00     31.00      0.00      13.1790    0.1296     10.00     13.00     16.00     50.00      0.00
  1.2000   0.1200       11.9600    0.2264      5.00      9.00     15.00    137.00      0.00       3.4275    0.0868      1.00      2.00      4.00     66.00      0.00      13.0905    0.1303     10.00     13.00     16.00     41.00      0.00
  1.2000   0.1000       15.5785    0.3083      7.00     12.00     20.00    180.00      0.00       5.5170    0.1629      2.00      3.00      7.00    103.00      0.00      12.4005    0.1337      9.00     12.00     15.00     41.00      0.00
  1.2000   0.0800       22.4235    0.4775      8.00     16.00     29.00    173.00      0.00       9.9150    0.3067      2.00      5.00     12.00    146.00      0.00      11.8190    0.1378      9.00     12.00     15.00     40.00      0.00
  1.2000   0.0600       38.4020    0.8474     12.00     25.00     51.00    278.00      0.00      21.4425    0.5782      4.00     11.00     29.00    223.00      0.00      10.6170    0.1468      7.00     11.00     15.00     38.00      0.00
  1.2000   0.0400       72.9110    1.6874     19.00     48.00    102.00    789.00      0.00      50.3075    1.2347     10.00     32.00     71.00    364.00      0.00       8.4385    0.1585      1.00      9.00     13.00     34.00      0.00
  1.2000   0.0200      136.1695    3.0853     39.00     92.00    185.00   1047.00      0.00     116.8445    2.7419     31.00     77.00    160.00   1000.00      0.00       3.9195    0.1374      0.00      0.00      8.00     45.00      0.00
  1.0000   0.2000        8.4555    0.1236      5.00      7.00     11.00     52.00      0.00       1.6525    0.0272      1.00      1.00      2.00     18.00      0.00      17.9020    0.1846     13.00     17.00     23.00     64.00      0.00
  1.0000   0.1800        9.4005    0.1492      5.00      8.00     12.00     63.00      0.00       1.9075    0.0337      1.00      1.00      2.00     19.00      0.00      17.1965    0.1845     12.00     16.00     21.00     58.00      0.00
  1.0000   0.1600       10.7090    0.1910      5.00      9.00     14.00     94.00      0.00       2.2590    0.0453      1.00      2.00      3.00     31.00      0.00      16.6130    0.1866     11.00     15.00     21.00     63.00      0.00
  1.0000   0.1400       12.9280    0.2278      6.00     10.00     17.00     93.00      0.00       2.7010    0.0591      1.00      2.00      3.00     44.00      0.00      16.2555    0.1805     11.00     16.00     21.00     63.00      0.00
  1.0000   0.1200       15.0885    0.2790      7.00     12.00     19.00    130.00      0.00       3.4105    0.0846      1.00      2.00      4.00     46.00      0.00      15.9660    0.1773     11.00     15.00     20.00     65.00      0.00
  1.0000   0.1000       20.2270    0.3964      8.00     15.00     26.00    162.00      0.00       5.4485    0.1720      2.00      3.00      6.00    106.00      0.00      15.3495    0.1772     11.00     15.00     20.00     52.00      0.00
  1.0000   0.0800       27.9595    0.6270     10.00     19.00     37.00    294.00      0.00      10.0010    0.3232      2.00      5.00     12.00    192.00      0.00      14.3530    0.1865      9.00     14.00     19.00     58.00      0.00
  1.0000   0.0600       47.1985    0.9890     15.00     34.00     66.00    394.00      0.00      22.6760    0.5941      4.00     12.00     32.00    275.00      0.00      12.7880    0.2013      6.00     13.00     19.00     56.00      0.00
  1.0000   0.0400       84.1385    1.9103     25.00     58.00    116.00    818.00      0.00      51.1680    1.3211     11.00     32.00     70.00    577.00      0.00       9.7475    0.2015      0.00     10.00     16.00     47.00      0.00
  1.0000   0.0200      148.3745    3.2912     42.00    102.00    207.00    994.00      0.00     120.7450    2.7738     31.00     83.00    170.00    904.00      0.00       4.1480    0.1665      0.00      0.00      6.00     46.00      0.00
  0.8000   0.2000       11.7200    0.1828      6.00     10.00     15.00     84.00      0.00       1.6885    0.0268      1.00      1.00      2.00     13.00      0.00      24.0945    0.2754     15.00     22.00     31.00     88.00      0.00
  0.8000   0.1800       13.1295    0.2099      7.00     11.00     17.00     80.00      0.00       1.9195    0.0333      1.00      1.00      2.00     15.00      0.00      23.7545    0.2734     15.00     22.00     30.00     83.00      0.00
  0.8000   0.1600       14.5990    0.2498      7.00     12.00     19.00     89.00      0.00       2.2200    0.0437      1.00      2.00      3.00     24.00      0.00      22.6465    0.2829     14.00     21.00     30.00     86.00      0.00
  0.8000   0.1400       17.4370    0.3083      8.00     14.00     23.00    140.00      0.00       2.7060    0.0654      1.00      2.00      3.00     60.00      0.00      21.7010    0.2696     14.00     20.00     28.00     76.00      0.00
  0.8000   0.1200       21.7460    0.4394      9.00     17.00     28.00    209.00      0.00       3.6860    0.0954      1.00      2.00      4.00     64.00      0.00      21.0275    0.2677     13.00     20.00     27.00     80.00      0.00
  0.8000   0.1000       26.9305    0.5420     10.00     20.00     35.00    249.00      0.00       5.3115    0.1672      1.00      3.00      6.00    148.00      0.00      20.5370    0.2716     12.00     19.00     27.00     87.00      0.00
  0.8000   0.0800       38.4765    0.8248     14.00     28.00     51.00    474.00      0.00      10.0085    0.2936      2.00      5.00     12.00    111.00      0.00      18.8735    0.2703     11.00     18.00     26.00     90.00      0.00
  0.8000   0.0600       58.9600    1.2450     19.00     42.00     80.00    451.00      0.00      22.1225    0.6334      4.00     12.00     31.00    322.00      0.00      15.6340    0.2805      4.00     15.00     24.00     70.00      0.00
  0.8000   0.0400      100.5810    2.3189     28.00     67.00    137.00    985.00      0.00      50.7000    1.2774     10.00     32.00     72.00    622.00      0.00      12.1075    0.2910      0.00      9.00     20.00     79.00      0.00
  0.8000   0.0200      155.1900    3.5603     45.00    102.00    214.00   1196.00      0.00     116.7540    2.8303     30.00     75.00    161.00   1061.00      0.00       4.9765    0.2213      0.00      0.00      4.00     71.00      0.00
  0.6000   0.2000       18.3455    0.3066      9.00     15.00     23.00    132.00      0.00       1.6615    0.0254      1.00      1.00      2.00     12.00      0.00      37.5815    0.5173     21.00     34.00     49.00    188.00      0.00
  0.6000   0.1800       19.6400    0.3255      9.00     16.00     26.00    121.00      0.00       1.8695    0.0310      1.00      1.00      2.00     13.00      0.00      35.0200    0.4906     19.00     31.00     47.00    144.00      0.00
  0.6000   0.1600       23.3685    0.4158     11.00     19.00     31.00    187.00      0.00       2.2060    0.0394      1.00      2.00      3.00     14.00      0.00      33.9500    0.4705     19.00     31.00     46.00    172.00      0.00
  0.6000   0.1400       28.3435    0.5419     12.00     22.00     38.00    266.00      0.00       2.7285    0.0558      1.00      2.00      4.00     21.00      0.00      33.4470    0.5070     18.00     29.00     44.00    179.00      0.00
  0.6000   0.1200       34.1765    0.6602     13.00     26.00     45.00    228.00      0.00       3.6955    0.0973      1.00      2.00      5.00     61.00      0.00      31.7870    0.4775     17.00     28.00     44.00    159.00      0.00
  0.6000   0.1000       43.3160    0.8891     16.00     32.00     58.00    309.00      0.00       5.3630    0.1546      1.00      3.00      6.00     75.00      0.00      29.9000    0.4910     14.00     26.00     42.00    144.00      0.00
  0.6000   0.0800       59.8880    1.2755     20.00     42.00     82.00    541.00      0.00      10.3035    0.3187      2.00      5.00     12.00    147.00      0.00      27.6705    0.4842     11.00     24.00     40.00    137.00      0.00
  0.6000   0.0600       82.4290    1.8556     26.00     58.00    110.00    788.00      0.00      22.1445    0.5794      4.00     13.00     31.00    196.00      0.00      22.0345    0.4728      3.00     17.00     35.00    122.00      0.00
  0.6000   0.0400      124.8270    2.7571     38.00     87.00    171.00    986.00      0.00      52.7255    1.3425     11.00     33.00     73.00    491.00      0.00      14.5315    0.4299      0.00      5.00     23.00    135.00      0.00
  0.6000   0.0200      166.1490    3.6120     49.00    118.00    226.00   1143.00      0.00     114.8980    2.6351     32.00     75.00    163.00    882.00      0.00       5.2715    0.2799      0.00      0.00      3.00    100.00      0.00
  0.4000   0.2000       38.5305    0.7281     16.00     29.00     52.00    277.00      0.00       1.6520    0.0267      1.00      1.00      2.00     11.00      0.00      70.6675    1.2313     31.00     57.00     95.00    416.00      0.00
  0.4000   0.1800       42.6385    0.8152     18.00     32.00     58.00    442.00      0.00       1.8425    0.0318      1.00      1.00      2.00     14.00      0.00      66.2705    1.1621     29.00     54.00     90.00    374.00      0.00
  0.4000   0.1600       49.7580    0.9763     19.00     38.00     67.00    379.00      0.00       2.2230    0.0412      1.00      2.00      3.00     23.00      0.00      64.2045    1.1790     27.00     52.00     88.00    467.00      0.00
  0.4000   0.1400       58.1425    1.2444     21.00     42.00     78.00    599.00      0.00       2.7275    0.0598      1.00      2.00      3.00     40.00      0.00      61.0970    1.1856     24.00     48.00     83.00    423.00      0.00
  0.4000   0.1200       69.4960    1.4754     25.00     51.00     93.00    661.00      0.00       3.7195    0.1007      1.00      2.00      5.00     48.00      0.00      56.3985    1.1139     20.00     45.00     79.00    507.00      0.00
  0.4000   0.1000       81.6835    1.7466     27.00     59.00    111.00    895.00      0.00       5.4395    0.1787      1.00      3.00      6.00    146.00      0.00      49.5820    1.0301     14.00     38.00     71.00    355.00      0.00
  0.4000   0.0800      105.2675    2.3185     35.00     72.00    144.00    806.00      0.00       9.7540    0.2844      2.00      5.00     11.00    147.00      0.00      41.3035    0.9531      9.00     29.00     61.00    334.00      0.00
  0.4000   0.0600      124.2815    2.7918     40.00     85.00    168.00   1254.00      0.00      22.9050    0.6725      4.00     11.00     30.00    301.00      0.00      29.3665    0.7848      3.00     16.00     44.00    272.00      0.00
  0.4000   0.0400      160.0305    3.5814     47.00    113.00    223.00   1377.00      0.00      51.7915    1.3151     10.00     33.00     72.00    461.00      0.00      16.2620    0.5897      0.00      4.00     20.00    299.00      0.00
  0.4000   0.0200      184.8810    4.1345     55.00    132.00    248.00   1659.00      0.00     118.1960    2.7718     29.00     78.00    164.00    954.00      0.00       5.1645    0.3364      0.00      0.00      2.00    210.00      0.00
  0.2000   0.2000      133.9835    2.9788     41.00     91.00    180.00   1368.00      0.00       1.6905    0.0289      1.00      1.00      2.00     20.00      0.00     176.3405    3.9634     52.00    121.00    239.00   1342.00      0.00
  0.2000   0.1800      134.6820    2.9986     39.00     90.00    186.00   1137.00      0.00       1.9200    0.0327      1.00      1.00      2.00     15.00      0.00     146.4880    3.3188     42.00     98.00    205.00   1133.00      0.00
  0.2000   0.1600      144.7055    3.2286     41.00    100.00    200.00   1241.00      0.00       2.2055    0.0434      1.00      1.00      3.00     27.00      0.00     129.9390    3.0348     36.00     88.00    184.00   1238.00      0.00
  0.2000   0.1400      158.3505    3.3896     51.00    112.00    217.00   1279.00      0.00       2.7615    0.0652      1.00      2.00      3.00     40.00      0.00     110.3830    2.5518     32.00     75.00    152.00   1030.00      0.00
  0.2000   0.1200      160.7560    3.6077     46.00    111.00    222.00   1338.00      0.00       3.5130    0.0955      1.00      2.00      4.00     75.00      0.00      86.4275    2.0803     20.00     55.00    121.00    853.00      0.00
  0.2000   0.1000      171.4380    3.8363     50.00    118.00    242.00   1486.00      0.00       5.5960    0.1700      2.00      3.00      6.00    107.00      0.00      63.2350    1.5956     13.00     40.00     87.00    710.00      0.00
  0.2000   0.0800      180.2520    4.1748     52.00    123.00    245.00   1461.00      0.00       9.9115    0.3170      2.00      5.00     11.00    195.00      0.00      44.6205    1.2615      8.00     25.00     60.00    608.00      0.00
  0.2000   0.0600      189.8945    4.2150     51.00    136.00    262.00   1534.00      0.00      22.1460    0.6320      4.00     12.00     30.00    283.00      0.00      27.7480    0.8628      3.00     13.00     37.00    321.00      0.00
  0.2000   0.0400      191.8395    4.3459     50.00    134.00    271.00   1879.00      0.00      47.9865    1.1546     10.00     31.00     69.00    402.00      0.00      12.8790    0.5077      0.00      4.00     15.00    209.00      0.00
  0.2000   0.0200      198.5300    4.4504     58.00    136.00    276.00   1836.00      0.00     119.3015    2.7040     34.00     82.00    167.00    970.00      0.00       3.0225    0.1985      0.00      0.00      2.00    200.00      0.00
