Amp Radius  OC_Mean OC_Std OC_Q1 OC_Med OC_Q3 OC_Max OC_Min  Exp_Mean Exp_Std Exp_Q1 Exp_Med Exp_Q3 Exp_Max Exp_Min  Num_Mean Num_Std Num_Q1 Num_Med Num_Q3 Num_Max Num_Min
  2.0000   0.2000        3.7940    0.0432      2.00      3.00      5.00     17.00      0.00       1.4575    0.0193      1.00      1.00      2.00      9.00      0.00       9.4210    0.0977      6.00     10.00     13.00     27.00      0.00
  2.0000   0.1800        4.2900    0.0513      3.00      4.00      5.00     17.00      0.00       1.6415    0.0233      1.00      1.00      2.00     10.00      0.00       9.3325    0.0977      6.00     10.00     12.00     24.00      0.00
  2.0000   0.1600        4.5545    0.0561      3.00      4.00      6.00     25.00      0.00       1.8190    0.0273      1.00      1.00      2.00     10.00      0.00       8.8110    0.0937      6.00      9.00     12.00     23.00      0.00
  2.0000   0.1400        5.3900    0.0693      3.00      5.00      7.00     29.00      0.00       2.1635    0.0347      1.00      2.00      3.00     17.00      0.00       8.8735    0.0941      6.00     10.00     12.00     22.00      0.00
  2.0000   0.1200        6.4185    0.0927      4.00      6.00      8.00     42.00      0.00       2.7665    0.0539      1.00      2.00      4.00     28.00      0.00       8.4170    0.0903      5.00      9.00     12.00     19.00      0.00
  2.0000   0.1000        7.7635    0.1259      4.00      7.00     10.00     82.00      0.00       3.6265    0.0774      1.00      3.00      5.00     37.00      0.00       8.0755    0.0911      5.00      9.00     11.00     21.00      0.00
  2.0000   0.0800       10.8275    0.2014      5.00      8.00     13.00     89.00      0.00       5.9865    0.1557      2.00      4.00      7.00     86.00      0.00       7.9025    0.0888      5.00      9.00     11.00     19.00      0.00
  2.0000   0.0600       18.9040    0.4216      7.00     12.00     25.00    137.00      0.00      13.0305    0.3578      3.00      7.00     17.00    134.00      0.00       7.1545    0.0922      3.00      8.00     11.00     16.00      0.00
  2.0000   0.0400       42.8860    1.0237     12.00     28.00     58.00    438.00      0.00      34.9420    0.8880      7.00     22.00     49.00    434.00      0.00       5.8985    0.0972      2.00      6.00     10.00     18.00      0.00
  2.0000   0.0200      105.8140    2.3719     28.00     74.00    147.00    757.00      0.00      98.9455    2.2573     25.00     68.00    139.00    678.00      0.00       3.0765    0.0862      0.00      0.00      6.00     16.00      0.00
  1.8000   0.2000        4.3570    0.0516      3.00      4.00      5.00     17.00      0.00       1.4935    0.0197      1.00      1.00      2.00      7.00      0.00      10.3085    0.1021      7.00     11.00     13.00     24.00      0.00
  1.8000   0.1800        4.7395    0.0575      3.00      4.00      6.00     20.00      0.00       1.6110    0.0223      1.00      1.00      2.00      9.00      0.00      10.1775    0.1004      7.00     11.00     13.00     27.00      0.00
  1.8000   0.1600        5.3765    0.0691      3.00      5.00      7.00     25.00      0.00       1.8815    0.0298      1.00      1.00      2.00     12.00      0.00       9.7515    0.0990      7.00     10.00     13.00     26.00      0.00
  1.8000   0.1400        6.2180    0.0864      4.00      5.00      8.00     37.00      0.00       2.2135    0.0378      1.00      2.00      3.00     21.00      0.00       9.4280    0.0975      6.00     10.00     13.00     25.00      0.00
  1.8000   0.1200        6.8610    0.0972      4.00      6.00      9.00     43.00      0.00       2.6315    0.0456      1.00      2.00      3.00     21.00      0.00       9.0985    0.0937      6.00     10.00     12.00     23.00      0.00
  1.8000   0.1000        9.0080    0.1523      5.00      7.00     11.00     62.00      0.00       3.7530    0.0824      1.00      3.00      5.00     42.00      0.00       8.8140    0.0930      6.00     10.00     12.00     21.00      0.00
  1.8000   0.0800       12.0030    0.2359      6.00      9.00     15.00    143.00      0.00       5.8465    0.1677      2.00      4.00      7.00    140.00      0.00       8.4450    0.0932      5.00      9.00     12.00     21.00      0.00
  1.8000   0.0600       19.7600    0.4299      8.00     14.00     25.00    190.00      0.00      12.5165    0.3539      3.00      7.00     16.00    178.00      0.00       7.7515    0.0969      4.00      8.00     11.00     18.00      0.00
  1.8000   0.0400       43.4205    0.9904     12.00     29.00     60.00    385.00      0.00      34.1070    0.8578      7.00     21.00     49.00    336.00      0.00       6.4475    0.1034      2.00      7.00     10.00     18.00      0.00
  1.8000   0.0200      106.5695    2.4652     28.00     70.00    147.00    799.00      0.00      96.1605    2.3100     24.00     61.00    132.00    799.00      0.00       3.2540    0.0916      0.00      0.00      7.00     19.00      0.00
  1.6000   0.2000        5.0140    0.0605      3.00      4.00      6.00     20.00      0.00       1.4750    0.0191      1.00      1.00      2.00      8.00      0.00      11.6255    0.1111      9.00     12.00     15.00     31.00      0.00
  1.6000   0.1800        5.4195    0.0694      3.00      5.00      7.00     38.00      0.00       1.6075    0.0220      1.00      1.00      2.00      8.00      0.00      11.2285    0.1067      8.00     11.00     14.00     31.00      0.00
  1.6000   0.1600        6.1040    0.0799      4.00      5.00      8.00     31.00      0.00       1.8780    0.0298      1.00      1.00      2.00     16.00      0.00      10.8345    0.1085      7.00     11.00     14.00     29.00      0.00
  1.6000   0.1400        6.8970    0.0936      4.00      6.00      9.00     36.00      0.00       2.1655    0.0356      1.00      2.00      3.00     15.00      0.00      10.3990    0.1001      8.00     11.00     13.00     28.00      0.00
  1.6000   0.1200        8.2915    0.1264      4.00      7.00     11.00     50.00      0.00       2.6785    0.0457      1.00      2.00      4.00     18.00      0.00      10.1665    0.0993      7.00     11.00     13.00     25.00      0.00
  1.6000   0.1000       10.0745    0.1629      5.00      8.00     13.00     84.00      0.00       3.8815    0.0990      1.00      3.00      5.00     83.00      0.00       9.5925    0.0962      7.00     10.00     12.00     23.00      0.00
  1.6000   0.0800       14.0450    0.2587      7.00     11.00     18.00    124.00      0.00       6.0000    0.1590      2.00      4.00      7.00    123.00      0.00       9.4080    0.0976      7.00     10.00     12.00     24.00      0.00
  1.6000   0.0600       22.6370    0.4850      9.00     16.00     30.00    210.00      0.00      13.1190    0.3705      3.00      7.00     16.00    195.00      0.00       8.8255    0.1020      6.00     10.00     12.00     20.00      0.00
  1.6000   0.0400       48.4165    1.0978     15.00     33.00     64.00    379.00      0.00      34.3895    0.8650      7.00     22.00     47.00    314.00      0.00       7.0120    0.1114      2.00      8.00     11.00     21.00      0.00
  1.6000   0.0200      112.6085    2.4998     31.00     80.00    157.00    902.00      0.00      98.1750    2.2833     25.00     67.00    137.00    899.00      0.00       3.5625    0.1045      0.00      0.00      8.00     24.00      0.00
  1.4000   0.2000        5.7300    0.0754      3.00      5.00      7.00     33.00      0.00       1.4380    0.0181      1.00      1.00      2.00      8.00      0.00      12.9760    0.1244     10.00     13.00     16.00     38.00      0.00
  1.4000   0.1800        6.5290    0.0859      4.00      6.00      8.00     31.00      0.00       1.6140    0.0226      1.00      1.00      2.00     10.00      0.00      12.8895    0.1209     10.00     13.00     16.00     37.00      0.00
  1.4000   0.1600        7.1105    0.0953      4.00      6.00      9.00     33.00      0.00       1.7570    0.0264      1.00      1.00      2.00      9.00      0.00      11.9760    0.1185      9.00     12.00     15.00     32.00      0.00
  1.4000   0.1400        8.1350    0.1095      5.00      7.00     10.00     37.00      0.00       2.1615    0.0346      1.00      2.00      3.00     14.00      0.00      11.7635    0.1090      9.00     12.00     15.00     35.00      0.00
  1.4000   0.1200        9.6640    0.1450      5.00      8.00     13.00     57.00      0.00       2.6820    0.0524      1.00      2.00      3.00     40.00      0.00      11.3875    0.1110      9.00     12.00     14.00     33.00      0.00
  1.4000   0.1000       12.1380    0.1983      6.00     10.00     16.00     94.00      0.00       3.6595    0.0925      1.00      3.00      5.00     90.00      0.00      10.9550    0.1077      8.00     12.00     14.00     27.00      0.00
  1.4000   0.0800       16.2285    0.2937      8.00     13.00     21.00    136.00      0.00       5.7570    0.1559      2.00      4.00      7.00    109.00      0.00      10.4980    0.1121      8.00     11.00     14.00     32.00      0.00
  1.4000   0.0600       25.6460    0.5263     10.00     19.00     33.00    264.00      0.00      12.5325    0.3468      3.00      7.00     16.00    142.00      0.00       9.9185    0.1146      7.00     11.00     13.00     30.00      0.00
  1.4000   0.0400       52.9605    1.1818     17.00     36.00     72.00    533.00      0.00      35.3155    0.9073      7.00     22.00     49.00    356.00      0.00       7.7395    0.1261      2.00      9.00     12.00     27.00      0.00
  1.4000   0.0200      121.5740    2.7664     33.00     82.00    169.00   1028.00      0.00      98.1510    2.2802     24.00     65.00    138.00    757.00      0.00       3.9265    0.1200      0.00      0.00      8.00     28.00      0.00
  1.2000   0.2000        7.1530    0.0966      4.00      6.00      9.00     48.00      0.00       1.4640    0.0185      1.00      1.00      2.00     10.00      0.00      15.3880    0.1542     11.00     15.00     19.00     51.00      0.00
  1.2000   0.1800        7.8875    0.1040      5.00      7.00     10.00     36.00      0.00       1.6095    0.0224      1.00      1.00      2.00      9.00      0.00      14.8690    0.1479     11.00     14.00     19.00     51.00      0.00
  1.2000   0.1600        9.0980    0.1366      5.00      8.00     11.00     78.00      0.00       1.8430    0.0283      1.00      1.00      2.00     11.00      0.00      14.3475    0.1473     11.00     14.00     18.00     44.00      0.00
  1.2000   0.1400       10.1930    0.1503      6.00      9.00     13.00     61.00      0.00       2.1330    0.0341      1.00      2.00      3.00     18.00      0.00      13.9600    0.1407     10.00     14.00     17.00     67.00      0.00
  1.2000   0.1200       12.4660    0.2176      6.00     10.00     16.00    152.00      0.00       2.7090    0.0485      1.00      2.00      4.00     21.00      0.00      13.4120    0.1347     10.00     13.00     17.00     39.00      0.00
  1.2000   0.1000       15.0765    0.2537      7.00     12.00     19.00     82.00      0.00       3.6495    0.0786      1.00      3.00      5.00     52.00      0.00      12.4865    0.1337      9.00     13.00     16.00     40.00      0.00
  1.2000   0.0800       20.6545    0.4058      9.00     16.00     27.00    256.00      0.00       6.1590    0.1938      2.00      4.00      7.00    174.00      0.00      11.5640    0.1368      8.00     12.00     15.00     44.00      0.00
  1.2000   0.0600       32.0520    0.7093     12.00     23.00     42.00    386.00      0.00      12.5885    0.3392      3.00      7.00     16.00    174.00      0.00      11.0130    0.1401      7.00     12.00     15.00     36.00      0.00
  1.2000   0.0400       58.8555    1.2617     18.00     41.00     82.00    446.00      0.00      33.1875    0.8410      7.00     20.00     46.00    264.00      0.00       8.8305    0.1541      2.00     10.00     13.00     42.00      0.00
  1.2000   0.0200      130.0380    2.9178     38.00     87.00    178.00   1055.00      0.00     100.2045    2.3483     26.00     68.00    138.00    797.00      0.00       4.1070    0.1338      0.00      0.00      8.00     41.00      0.00
  1.0000   0.2000        9.3870    0.1281      5.00      8.00     12.00     47.00      0.00       1.4640    0.0195      1.00      1.00      2.00      8.00      0.00      19.0285    0.2051     13.00     18.00     24.00     63.00      0.00
  1.0000   0.1800       10.2765    0.1529      5.00      9.00     14.00     57.00      0.00       1.6135    0.0222      1.00      1.00      2.00     10.00      0.00      18.2580    0.2039     12.00     17.00     24.00     66.00      0.00
  1.0000   0.1600       11.5750    0.1711      6.00     10.00     15.00     59.00      0.00       1.8605    0.0280      1.00      1.00      2.00     12.00      0.00      17.6205    0.1940     12.00     17.00     23.00     60.00      0.00
  1.0000   0.1400       13.6805    0.2094      7.00     12.00     18.00     83.00      0.00       2.1680    0.0342      1.00      2.00      3.00     14.00      0.00      17.0025    0.1874     12.00     16.00     22.00     63.00      0.00
  1.0000   0.1200       16.1410    0.2631      8.00     13.00     21.00     94.00      0.00       2.6775    0.0558      1.00      2.00      3.00     43.00      0.00      16.4190    0.1926     11.00     16.00     21.00     58.00      0.00
  1.0000   0.1000       20.5755    0.3760      9.00     16.00     27.00    166.00      0.00       3.7715    0.0958      1.00      3.00      5.00     80.00      0.00      15.5230    0.1848     11.00     15.00     20.00     50.00      0.00
  1.0000   0.0800       27.2055    0.5300     11.00     21.00     37.00    321.00      0.00       6.1590    0.1722      2.00      4.00      7.00    101.00      0.00      14.3085    0.1785     10.00     14.00     19.00     50.00      0.00
  1.0000   0.0600       39.2205    0.8033     15.00     29.00     51.00    366.00      0.00      12.2610    0.3244      3.00      7.00     16.00    152.00      0.00      12.9650    0.1872      7.00     13.00     18.00     46.00      0.00
  1.0000   0.0400       72.4045    1.5237     23.00     52.00    101.00    532.00      0.00      34.1495    0.8359      7.00     21.00     49.00    332.00      0.00      10.3760    0.1967      1.00     11.00     16.00     44.00      0.00
  1.0000   0.0200      136.5355    3.0321     42.00     94.00    186.00   1122.00      0.00      96.7910    2.2847     27.00     65.00    132.00   1015.00      0.00       4.8650    0.1687      0.00      0.00      9.00     45.00      0.00
  0.8000   0.2000       14.2350    0.2197      7.00     12.00     18.00     69.00      0.00       1.5225    0.0210      1.00      1.00      2.00      8.00      0.00      26.2250    0.3283     16.00     24.00     34.00    107.00      0.00
  0.8000   0.1800       14.8990    0.2289      8.00     13.00     20.00     84.00      0.00       1.6330    0.0229      1.00      1.00      2.00      8.00      0.00      24.7405    0.3132     15.00     22.00     32.00     90.00      0.00
  0.8000   0.1600       17.3080    0.2945      9.00     14.00     22.00    137.00      0.00       1.8955    0.0312      1.00      1.00      2.00     23.00      0.00      24.1570    0.3094     15.00     22.00     32.00    106.00      0.00
  0.8000   0.1400       19.7065    0.3307      9.00     16.00     26.00    145.00      0.00       2.1390    0.0339      1.00      2.00      3.00     16.00      0.00      22.6955    0.2886     14.00     21.00     29.00    105.00      0.00
  0.8000   0.1200       24.4340    0.4245     12.00     19.00     32.00    151.00      0.00       2.8415    0.0573      1.00      2.00      4.00     44.00      0.00      21.8565    0.2911     14.00     20.00     29.00     90.00      0.00
  0.8000   0.1000       29.0465    0.5295     12.00     23.00     38.00    198.00      0.00       3.8290    0.1006      1.00      3.00      5.00     60.00      0.00      20.2390    0.2706     13.00     19.00     27.00     84.00      0.00
  0.8000   0.0800       38.6295    0.7371     16.00     30.00     51.00    302.00      0.00       5.9555    0.1499      2.00      4.00      7.00     63.00      0.00      18.6755    0.2811     11.00     17.00     25.00    103.00      0.00
  0.8000   0.0600       57.3780    1.1385     21.00     43.00     79.00    429.00      0.00      13.4135    0.3808      3.00      7.00     17.00    180.00      0.00      16.7480    0.2726      7.00     16.00     24.00     78.00      0.00
  0.8000   0.0400       91.4705    1.9935     28.00     63.00    128.00    700.00      0.00      33.6260    0.8400      7.00     20.00     47.00    265.00      0.00      12.5260    0.2815      1.00     10.00     20.00     75.00      0.00
  0.8000   0.0200      149.5360    3.2291     46.00    106.00    202.00   1125.00      0.00      96.5605    2.2511     26.00     67.00    134.00    812.00      0.00       5.3670    0.2164      0.00      1.00      6.00     63.00      0.00
  0.6000   0.2000       21.9745    0.3721     10.00     18.00     29.00    156.00      0.00       1.4330    0.0175      1.00      1.00      2.00      8.00      0.00      39.5050    0.5970     21.00     34.00     52.00    194.00      0.00
  0.6000   0.1800       25.2310    0.4243     12.00     21.00     33.00    163.00      0.00       1.6195    0.0230      1.00      1.00      2.00      8.00      0.00      38.7340    0.5641     21.00     34.00     50.00    163.00      0.00
  0.6000   0.1600       28.9710    0.5038     14.00     24.00     38.00    298.00      0.00       1.8895    0.0300      1.00      1.00      2.00     11.00      0.00      36.9135    0.5508     19.00     32.00     50.00    153.00      0.00
  0.6000   0.1400       33.2985    0.5912     15.00     27.00     43.00    183.00      0.00       2.1805    0.0357      1.00      2.00      3.00     17.00      0.00      35.6755    0.5595     18.00     30.00     47.00    187.00      0.00
  0.6000   0.1200       40.5970    0.7476     18.00     32.00     53.00    339.00      0.00       2.7760    0.0531      1.00      2.00      4.00     29.00      0.00      33.3925    0.5540     16.00     29.00     45.00    227.00      0.00
  0.6000   0.1000       48.3050    0.9363     19.00     36.00     66.00    310.00      0.00       3.6510    0.0775      1.00      3.00      5.00     40.00      0.00      30.3370    0.5088     14.00     26.00     41.00    156.00      0.00
  0.6000   0.0800       62.8680    1.2803     22.00     48.00     85.00    487.00      0.00       5.6815    0.1473      2.00      4.00      7.00     74.00      0.00      26.4555    0.4804     11.00     22.00     38.00    160.00      0.00
  0.6000   0.0600       85.6750    1.8803     29.00     61.00    116.00    746.00      0.00      12.4770    0.3506      3.00      7.00     15.00    156.00      0.00      21.7025    0.4403      5.00     17.00     32.00    156.00      0.00
  0.6000   0.0400      126.6250    2.8418     38.00     87.00    173.00    991.00      0.00      34.4540    0.8602      7.00     22.00     49.00    367.00      0.00      15.3635    0.4101      1.00      8.00     24.00    130.00      0.00
  0.6000   0.0200      169.4605    3.6594     55.00    122.00    238.00   1537.00      0.00      99.8060    2.2849     26.00     69.00    140.00    860.00      0.00       4.8150    0.2531      0.00      0.00      3.00    148.00      0.00
  0.4000   0.2000       54.4590    1.1123     20.00     40.00     71.00    427.00      0.00       1.4555    0.0190      1.00      1.00      2.00      8.00      0.00      84.2700    1.6082     33.00     65.00    111.00    541.00      0.00
  0.4000   0.1800       58.1665    1.1664     22.00     43.00     77.00    446.00      0.00       1.5795    0.0217      1.00      1.00      2.00      8.00      0.00      75.3655    1.4357     30.00     57.00    103.00    478.00      0.00
  0.4000   0.1600       66.6330    1.3741     25.00     49.00     90.00    481.00      0.00       1.8060    0.0266      1.00      1.00      2.00     10.00      0.00      69.3255    1.2987     27.00     56.00     95.00    435.00      0.00
  0.4000   0.1400       77.8360    1.5795     28.00     58.00    107.00    687.00      0.00       2.1755    0.0365      1.00      2.00      3.00     20.00      0.00      65.8540    1.2900     25.00     50.00     91.00    459.00      0.00
  0.4000   0.1200       87.0035    1.8559     29.00     62.00    119.00    745.00      0.00       2.7775    0.0547      1.00      2.00      4.00     44.00      0.00      56.6590    1.1497     20.00     43.00     78.00    452.00      0.00
  0.4000   0.1000      101.6665    2.1546     33.00     71.00    139.00    654.00      0.00       3.6435    0.0932      1.00      3.00      5.00     57.00      0.00      47.3470    1.0111     15.00     36.00     66.00    374.00      0.00
  0.4000   0.0800      116.8870    2.5265     38.00     82.00    160.00    845.00      0.00       5.9045    0.1489      2.00      4.00      7.00     82.00      0.00      37.2835    0.8553      9.00     26.00     52.00    340.00      0.00
  0.4000   0.0600      143.4050    3.0745     44.00    102.00    200.00   1031.00      0.00      12.7185    0.3538      3.00      7.00     16.00    181.00      0.00      26.5765    0.6631      5.00     17.00     38.00    192.00      0.00
  0.4000   0.0400      165.5135    3.6251     48.00    117.00    232.00   1236.00      0.00      34.6435    0.8895      7.00     20.00     50.00    374.00      0.00      13.7300    0.4360      1.00      6.00     19.00    174.00      0.00
  0.4000   0.0200      180.9515    4.0107     50.00    127.00    253.00   1289.00      0.00      96.8570    2.2193     26.00     66.00    137.00    945.00      0.00       3.6985    0.2256      0.00      0.00      3.00    173.00      0.00
  0.2000   0.2000      145.6910    3.2541     44.00    100.00    199.00   1047.00      0.00       1.4820    0.0191      1.00      1.00      2.00      7.00      0.00     171.3695    3.9378     49.00    117.00    233.00   1542.00      0.00
  0.2000   0.1800      148.9715    3.3328     43.00    102.00    208.00   1267.00      0.00       1.6045    0.0223      1.00      1.00      2.00      9.00      0.00     144.5550    3.3017     41.00     98.00    200.00   1116.00      0.00
  0.2000   0.1600      151.3785    3.3071     44.00    109.00    213.00   1068.00      0.00       1.8660    0.0277      1.00      1.00      2.00      9.00      0.00     119.2810    2.7044     34.00     82.00    162.00   1066.00      0.00
  0.2000   0.1400      157.7890    3.5093     43.00    113.00    223.00   1352.00      0.00       2.2135    0.0385      1.00      2.00      3.00     27.00      0.00      98.0150    2.2556     25.00     67.00    138.00    790.00      0.00
  0.2000   0.1200      169.4895    3.8872     46.00    116.00    233.00   1696.00      0.00       2.7085    0.0503      1.00      2.00      4.00     30.00      0.00      78.7915    1.8675     20.00     53.00    108.00    709.00      0.00
  0.2000   0.1000      169.9395    3.8005     50.00    122.00    237.00   1764.00      0.00       3.8225    0.0882      1.00      3.00      5.00     53.00      0.00      56.4635    1.3311     15.00     38.00     79.00    628.00      0.00
  0.2000   0.0800      178.1760    3.8743     53.00    126.00    251.00   1288.00      0.00       5.9560    0.1712      2.00      4.00      7.00    121.00      0.00      38.1910    0.9182      9.00     25.00     54.00    335.00      0.00
  0.2000   0.0600      182.3545    4.0665     49.00    128.00    254.00   1306.00      0.00      12.4500    0.3345      3.00      7.00     16.00    149.00      0.00      22.7645    0.5843      4.00     14.00     32.00    191.00      0.00
  0.2000   0.0400      184.3095    4.1906     51.00    129.00    259.00   1585.00      0.00      34.0060    0.8680      7.00     21.00     46.00    306.00      0.00      10.1485    0.3198      1.00      5.00     13.00    130.00      0.00
  0.2000   0.0200      194.5895    4.4552     52.00    130.00    272.00   1402.00      0.00      96.9845    2.3464     24.00     63.00    132.00    726.00      0.00       2.6340    0.1241      0.00      0.00      3.00     62.00      0.00
