Amp Radius  OC_Mean OC_Std OC_Q1 OC_Med OC_Q3 OC_Max OC_Min  Exp_Mean Exp_Std Exp_Q1 Exp_Med Exp_Q3 Exp_Max Exp_Min  Num_Mean Num_Std Num_Q1 Num_Med Num_Q3 Num_Max Num_Min
  2.0000   0.2000        4.5565    0.0772      2.00      4.00      6.00     32.00      0.00       2.5525    0.0560      1.00      2.00      3.00     28.00      0.00       9.3325    0.0771      7.00     10.00     11.00     23.00      0.00
  2.0000   0.1800        5.3280    0.0949      2.00      4.00      7.00     38.00      0.00       2.9705    0.0660      1.00      2.00      4.00     26.00      0.00       9.1970    0.0793      7.00     10.00     11.00     24.00      0.00
  2.0000   0.1600        5.9810    0.1028      3.00      5.00      8.00     42.00      0.00       3.6000    0.0793      1.00      2.00      5.00     29.00      0.00       8.8420    0.0782      7.00     10.00     11.00     21.00      0.00
  2.0000   0.1400        7.2860    0.1429      3.00      5.00      9.00     64.00      0.00       4.4840    0.1059      1.00      3.00      6.00     63.00      0.00       8.6945    0.0770      7.00     10.00     11.00     22.00      0.00
  2.0000   0.1200        9.0945    0.1702      4.00      7.00     12.00     64.00      0.00       5.7015    0.1255      2.00      4.00      8.00     58.00      0.00       8.6530    0.0761      7.00     10.00     11.00     21.00      0.00
  2.0000   0.1000       11.3250    0.2314      4.00      8.00     15.00    114.00      0.00       7.7595    0.1846      2.00      5.00     10.00     77.00      0.00       8.1610    0.0784      6.00      9.00     11.00     21.00      0.00
  2.0000   0.0800       17.2955    0.3641      6.00     13.00     23.00    160.00      0.00      12.4330    0.2991      3.00      9.00     17.00    145.00      0.00       7.9610    0.0835      6.00      9.00     11.00     19.00      0.00
  2.0000   0.0600       29.5455    0.6632      8.00     20.00     41.00    237.00      0.00      23.9350    0.5775      6.00     16.00     34.00    228.00      0.00       7.3455    0.0876      6.00      8.00     10.00     18.00      0.00
  2.0000   0.0400       62.5715    1.4667     17.00     42.00     85.00    576.00      0.00      53.6085    1.3033     13.00     36.00     73.00    576.00      0.00       5.6255    0.0981      0.00      6.00      9.00     20.00      0.00
  2.0000   0.0200      127.3550    2.8057     38.00     89.00    180.00   1104.00      0.00     119.3190    2.6962     33.00     82.00    167.00   1104.00      0.00       2.5780    0.0833      0.00      0.00      6.00     19.00      0.00
  1.8000   0.2000        4.8715    0.0821      2.00      4.00      6.00     45.00      0.00       2.4760    0.0535      1.00      1.00      3.00     24.00      0.00       9.8160    0.0830      8.00     10.00     12.00     24.00      0.00
  1.8000   0.1800        5.5775    0.0979      3.00      4.00      7.00     42.00      0.00       2.9705    0.0668      1.00      2.00      4.00     27.00      0.00       9.8565    0.0828      8.00     10.00     12.00     25.00      0.00
  1.8000   0.1600        6.5710    0.1206      3.00      5.00      9.00     58.00      0.00       3.5150    0.0767      1.00      2.00      5.00     41.00      0.00       9.5155    0.0820      7.00     10.00     12.00     22.00      0.00
  1.8000   0.1400        7.7620    0.1473      3.00      6.00     10.00     65.00      0.00       4.2535    0.0976      1.00      3.00      6.00     47.00      0.00       9.3465    0.0815      7.00     10.00     11.00     23.00      0.00
  1.8000   0.1200        9.6340    0.1789      4.00      7.00     13.00     72.00      0.00       5.5245    0.1270      2.00      4.00      8.00     71.00      0.00       9.0545    0.0798      7.00     10.00     11.00     21.00      0.00
  1.8000   0.1000       12.5785    0.2661      5.00      9.00     16.00    125.00      0.00       7.6035    0.1812      2.00      5.00     10.00     86.00      0.00       8.8900    0.0834      7.00     10.00     11.00     22.00      0.00
  1.8000   0.0800       18.1840    0.3752      7.00     13.00     24.00    202.00      0.00      11.8985    0.2801      3.00      8.00     16.00    111.00      0.00       8.4295    0.0867      6.00      9.00     11.00     30.00      0.00
  1.8000   0.0600       32.1515    0.7271     10.00     23.00     43.00    341.00      0.00      24.2475    0.5686      6.00     17.00     33.00    215.00      0.00       7.6265    0.0964      5.00      9.00     11.00     22.00      0.00
  1.8000   0.0400       64.7310    1.5961     17.00     42.00     87.00    793.00      0.00      53.8425    1.3492     12.00     34.00     75.00    596.00      0.00       5.9875    0.1049      0.00      7.00     10.00     21.00      0.00
  1.8000   0.0200      130.0910    3.0155     35.00     86.00    178.00   1318.00      0.00     120.9205    2.8681     31.00     80.00    167.00   1212.00      0.00       2.7430    0.0894      0.00      0.00      6.00     21.00      0.00
  1.6000   0.2000        5.6255    0.0963      3.00      4.00      7.00     43.00      0.00       2.5675    0.0560      1.00      2.00      3.00     19.00      0.00      10.6025    0.0939      8.00     11.00     13.00     28.00      0.00
  1.6000   0.1800        6.1135    0.1084      3.00      5.00      8.00     44.00      0.00       2.8575    0.0629      1.00      2.00      4.00     23.00      0.00      10.3830    0.0911      8.00     11.00     12.00     32.00      0.00
  1.6000   0.1600        7.2625    0.1316      3.00      6.00     10.00     49.00      0.00       3.4000    0.0735      1.00      2.00      4.00     24.00      0.00      10.2345    0.0893      8.00     10.00     12.00     36.00      0.00
  1.6000   0.1400        8.4345    0.1511      4.00      6.00     11.00     53.00      0.00       4.1430    0.0918      1.00      3.00      6.00     38.00      0.00      10.0345    0.0904      8.00     10.00     12.00     26.00      0.00
  1.6000   0.1200       10.4595    0.2021      4.00      8.00     14.00    115.00      0.00       5.4440    0.1176      2.00      4.00      7.00     54.00      0.00       9.8235    0.0924      8.00     10.00     12.00     27.00      0.00
  1.6000   0.1000       14.7450    0.3330      5.00     10.00     19.00    209.00      0.00       7.9930    0.1947      2.00      5.00     11.00     93.00      0.00       9.4255    0.0970      7.00     10.00     12.00     28.00      0.00
  1.6000   0.0800       20.6495    0.4713      7.00     15.00     27.00    261.00      0.00      12.0115    0.3065      3.00      8.00     16.00    166.00      0.00       9.2230    0.0988      7.00     10.00     12.00     26.00      0.00
  1.6000   0.0600       35.3280    0.8331     10.00     24.00     48.00    419.00      0.00      24.5415    0.6563      6.00     16.00     33.00    413.00      0.00       8.1155    0.1083      5.00      9.00     11.00     23.00      0.00
  1.6000   0.0400       68.0475    1.5442     19.00     48.00     93.00    603.00      0.00      52.4945    1.2131     14.00     36.00     74.00    601.00      0.00       6.2540    0.1164      0.00      7.00     10.00     28.00      0.00
  1.6000   0.0200      135.6470    3.1492     39.00     92.00    181.00   1212.00      0.00     122.3375    2.8528     34.00     84.00    167.00   1212.00      0.00       3.0205    0.1032      0.00      0.00      6.00     22.00      0.00
  1.4000   0.2000        6.2740    0.1067      3.00      5.00      8.00     35.00      0.00       2.4905    0.0532      1.00      1.00      3.00     22.00      0.00      11.9835    0.1102      9.00     12.00     15.00     33.00      0.00
  1.4000   0.1800        7.2725    0.1361      3.00      5.00     10.00     50.00      0.00       2.9060    0.0637      1.00      2.00      4.00     25.00      0.00      11.9105    0.1159      9.00     11.00     15.00     35.00      0.00
  1.4000   0.1600        8.4670    0.1571      4.00      7.00     11.00     86.00      0.00       3.5395    0.0801      1.00      2.00      5.00     40.00      0.00      11.5700    0.1088      9.00     11.00     14.00     35.00      0.00
  1.4000   0.1400        9.8785    0.1870      4.00      8.00     13.00     71.00      0.00       4.4230    0.1027      1.00      3.00      6.00     59.00      0.00      11.0870    0.1078      9.00     11.00     14.00     36.00      0.00
  1.4000   0.1200       12.1695    0.2440      5.00      9.00     16.00    105.00      0.00       5.4420    0.1209      1.00      4.00      7.00     53.00      0.00      10.7825    0.1127      8.00     11.00     13.00     34.00      0.00
  1.4000   0.1000       16.3280    0.3439      6.00     12.00     21.00    217.00      0.00       7.5690    0.1765      2.00      5.00     10.00     78.00      0.00      10.8835    0.1146      8.00     11.00     13.00     38.00      0.00
  1.4000   0.0800       24.1885    0.5113      8.00     17.00     32.00    332.00      0.00      12.0780    0.2808      3.00      8.00     16.00    111.00      0.00      10.4010    0.1148      8.00     11.00     13.00     33.00      0.00
  1.4000   0.0600       39.2840    0.8906     12.00     27.00     54.00    422.00      0.00      24.5060    0.6301      6.00     15.00     34.00    249.00      0.00       9.3665    0.1307      6.00     10.00     13.00     31.00      0.00
  1.4000   0.0400       72.8185    1.6956     20.00     50.00     98.00    832.00      0.00      52.5630    1.2653     13.00     35.00     72.00    412.00      0.00       6.9015    0.1365      0.00      7.00     11.00     36.00      0.00
  1.4000   0.0200      136.9265    2.9495     39.00     99.00    194.00   1123.00      0.00     120.4335    2.6597     32.00     85.00    174.00   1123.00      0.00       3.3735    0.1172      0.00      0.00      7.00     29.00      0.00
  1.2000   0.2000        7.3055    0.1242      4.00      6.00      9.00     45.00      0.00       2.5130    0.0545      1.00      1.00      3.00     20.00      0.00      13.9990    0.1385     10.00     13.00     17.00     46.00      0.00
  1.2000   0.1800        8.4685    0.1602      4.00      7.00     11.00     92.00      0.00       2.9675    0.0681      1.00      2.00      4.00     27.00      0.00      13.9095    0.1403     10.00     13.00     18.00     41.00      0.00
  1.2000   0.1600        9.9070    0.1798      4.00      8.00     13.00     78.00      0.00       3.6050    0.0846      1.00      2.00      5.00     54.00      0.00      13.5345    0.1370     10.00     13.00     17.00     38.00      0.00
  1.2000   0.1400       12.2160    0.2409      5.00      9.00     16.00     98.00      0.00       4.3330    0.0967      1.00      3.00      6.00     53.00      0.00      13.2760    0.1382     10.00     12.00     17.00     41.00      0.00
  1.2000   0.1200       15.1950    0.3238      6.00     11.00     20.00    143.00      0.00       5.5575    0.1305      2.00      4.00      8.00     74.00      0.00      12.8615    0.1456      9.00     12.00     16.00     49.00      0.00
  1.2000   0.1000       19.7095    0.4154      7.00     14.00     26.00    163.00      0.00       8.0970    0.1965      2.00      5.00     11.00    116.00      0.00      12.4935    0.1415      9.00     12.00     16.00     43.00      0.00
  1.2000   0.0800       26.6290    0.5731      9.00     19.00     36.00    244.00      0.00      11.7190    0.2801      3.00      7.00     16.00    103.00      0.00      11.9455    0.1503      8.00     11.00     16.00     45.00      0.00
  1.2000   0.0600       45.1660    1.0677     13.00     31.00     60.00    753.00      0.00      24.1835    0.6094      6.00     15.00     34.00    351.00      0.00      10.3740    0.1575      6.00     11.00     15.00     39.00      0.00
  1.2000   0.0400       82.2355    1.8599     22.00     56.00    115.00    635.00      0.00      53.3980    1.2414     12.00     36.00     75.00    389.00      0.00       8.0695    0.1676      0.00      8.00     13.00     36.00      0.00
  1.2000   0.0200      140.0680    3.1515     41.00     97.00    191.00   1201.00      0.00     118.2715    2.7302     32.00     80.00    163.00   1078.00      0.00       3.7820    0.1418      0.00      0.00      7.00     34.00      0.00
  1.0000   0.2000        9.3135    0.1758      4.00      7.00     12.00     77.00      0.00       2.5525    0.0571      1.00      1.00      3.00     20.00      0.00      17.8150    0.1964     12.00     17.00     23.00     63.00      0.00
  1.0000   0.1800       10.7665    0.2086      5.00      8.00     14.00     85.00      0.00       2.9540    0.0650      1.00      2.00      4.00     22.00      0.00      17.2820    0.1846     11.00     16.00     22.00     63.00      0.00
  1.0000   0.1600       12.6505    0.2328      5.00     10.00     16.00     83.00      0.00       3.6150    0.0772      1.00      2.00      5.00     24.00      0.00      16.8275    0.1918     11.00     16.00     22.00     54.00      0.00
  1.0000   0.1400       14.7710    0.2805      6.00     11.00     19.00    110.00      0.00       4.3525    0.1020      1.00      3.00      6.00     47.00      0.00      16.7685    0.1879     11.00     16.00     22.00     56.00      0.00
  1.0000   0.1200       18.1550    0.3675      7.00     13.00     24.00    127.00      0.00       5.4595    0.1183      2.00      4.00      8.00     42.00      0.00      15.9410    0.1932     10.00     15.00     21.00     59.00      0.00
  1.0000   0.1000       25.2155    0.5574      9.00     18.00     33.00    280.00      0.00       7.8875    0.1930      2.00      6.00     10.00    154.00      0.00      15.1980    0.1953     10.00     14.00     20.00     64.00      0.00
  1.0000   0.0800       34.3625    0.7459     11.00     24.00     46.00    249.00      0.00      11.8835    0.2884      3.00      8.00     16.00    161.00      0.00      14.8575    0.2117      9.00     14.00     21.00     66.00      0.00
  1.0000   0.0600       51.3155    1.1363     16.00     36.00     71.00    503.00      0.00      23.2410    0.5926      5.00     15.00     31.00    243.00      0.00      12.6835    0.2158      4.00     12.00     19.00     73.00      0.00
  1.0000   0.0400       89.8025    2.0239     25.00     63.00    126.00    910.00      0.00      53.6620    1.3503     12.00     34.00     74.00    872.00      0.00       9.5600    0.2142      0.00      9.00     16.00     54.00      0.00
  1.0000   0.0200      151.1395    3.4625     42.00    103.00    207.00   1254.00      0.00     118.8450    2.7275     32.00     80.00    165.00    851.00      0.00       4.0210    0.1661      0.00      0.00      4.00     51.00      0.00
  0.8000   0.2000       12.0955    0.2236      5.00      9.00     16.00     98.00      0.00       2.5330    0.0552      1.00      2.00      3.00     25.00      0.00      23.0060    0.2777     14.00     21.00     30.00     79.00      0.00
  0.8000   0.1800       14.2330    0.2820      6.00     11.00     18.00    103.00      0.00       2.8520    0.0655      1.00      2.00      4.00     28.00      0.00      23.3415    0.2808     14.00     22.00     31.00     85.00      0.00
  0.8000   0.1600       16.5440    0.3448      7.00     13.00     21.00    272.00      0.00       3.5215    0.0738      1.00      2.00      5.00     27.00      0.00      22.7895    0.2784     14.00     21.00     30.00    110.00      0.00
  0.8000   0.1400       20.1830    0.4139      8.00     15.00     27.00    301.00      0.00       4.4425    0.0946      1.00      3.00      6.00     46.00      0.00      22.1280    0.2958     13.00     20.00     29.00    121.00      0.00
  0.8000   0.1200       23.8085    0.5124      9.00     17.00     31.00    331.00      0.00       5.6830    0.1311      2.00      4.00      8.00     91.00      0.00      21.4755    0.2888     12.00     20.00     29.00     85.00      0.00
  0.8000   0.1000       31.1455    0.6496     11.00     22.00     42.00    249.00      0.00       7.9355    0.1852      2.00      5.00     11.00     76.00      0.00      20.1215    0.2782     12.00     19.00     27.00     81.00      0.00
  0.8000   0.0800       44.5985    0.9893     14.00     31.00     60.00    445.00      0.00      12.2590    0.3064      3.00      8.00     17.00    169.00      0.00      18.4065    0.2987      9.00     18.00     26.00     85.00      0.00
  0.8000   0.0600       66.9930    1.4713     21.00     47.00     92.00    562.00      0.00      24.2890    0.6097      6.00     16.00     33.00    369.00      0.00      16.2345    0.3003      3.00     15.00     25.00     72.00      0.00
  0.8000   0.0400      108.1475    2.3733     33.00     76.00    149.00    818.00      0.00      55.1970    1.2847     14.00     37.00     78.00    516.00      0.00      11.0085    0.2837      0.00      5.00     19.00     74.00      0.00
  0.8000   0.0200      161.8135    3.7719     47.00    106.00    222.00   1468.00      0.00     124.0910    2.9864     32.00     82.00    167.00   1236.00      0.00       5.0825    0.2305      0.00      0.00      3.00     82.00      0.00
  0.6000   0.2000       18.1125    0.3462      8.00     14.00     24.00    185.00      0.00       2.5640    0.0544      1.00      2.00      3.00     17.00      0.00      35.7655    0.4849     21.00     33.00     47.00    154.00      0.00
  0.6000   0.1800       20.3330    0.4068      9.00     15.00     26.00    167.00      0.00       2.9260    0.0626      1.00      2.00      4.00     22.00      0.00      34.2750    0.4782     19.00     31.00     47.00    137.00      0.00
  0.6000   0.1600       25.1215    0.5082     10.00     18.00     33.00    243.00      0.00       3.4005    0.0763      1.00      2.00      4.00     38.00      0.00      34.8575    0.5004     18.00     32.00     47.00    144.00      0.00
  0.6000   0.1400       28.3955    0.5787     11.00     21.00     37.00    234.00      0.00       4.1970    0.0914      1.00      3.00      6.00     37.00      0.00      33.2965    0.4902     18.00     30.00     46.00    142.00      0.00
  0.6000   0.1200       36.6250    0.7550     13.00     27.00     49.00    333.00      0.00       5.2745    0.1235      1.00      4.00      7.00    106.00      0.00      32.2230    0.4968     16.00     30.00     45.00    132.00      0.00
  0.6000   0.1000       48.8715    1.0360     17.00     35.00     66.00    376.00      0.00       7.9235    0.2071      2.00      5.00     11.00    179.00      0.00      29.4775    0.4852     13.00     27.00     43.00    128.00      0.00
  0.6000   0.0800       59.1900    1.3262     19.00     41.00     79.00    629.00      0.00      12.1130    0.2973      3.00      8.00     16.00    177.00      0.00      26.1990    0.4958      6.00     23.00     40.00    167.00      0.00
  0.6000   0.0600       86.9535    1.8765     27.00     61.00    118.00    732.00      0.00      23.3155    0.5717      6.00     15.00     31.00    213.00      0.00      22.7035    0.5093      2.00     17.00     36.00    146.00      0.00
  0.6000   0.0400      129.4670    2.8579     40.00     89.00    176.00   1040.00      0.00      54.0760    1.2730     14.00     36.00     73.00    534.00      0.00      15.0200    0.4739      0.00      4.00     25.00    192.00      0.00
  0.6000   0.0200      174.9385    3.8019     51.00    125.00    250.00   1337.00      0.00     123.1265    2.8496     34.00     86.00    169.00   1075.00      0.00       5.7050    0.3096      0.00      0.00      2.00    110.00      0.00
  0.4000   0.2000       33.1020    0.6587     13.00     25.00     45.00    355.00      0.00       2.5805    0.0567      1.00      1.00      3.00     20.00      0.00      66.2950    1.1443     30.00     56.00     90.00    403.00      0.00
  0.4000   0.1800       37.3725    0.7392     15.00     28.00     48.00    283.00      0.00       2.9780    0.0640      1.00      2.00      4.00     23.00      0.00      63.0820    1.0590     28.00     53.00     88.00    318.00      0.00
  0.4000   0.1600       41.6720    0.8226     17.00     31.00     54.00    278.00      0.00       3.4390    0.0753      1.00      2.00      5.00     32.00      0.00      60.9305    1.0650     25.00     52.00     83.00    335.00      0.00
  0.4000   0.1400       51.9600    1.0478     20.00     39.00     70.00    510.00      0.00       4.3385    0.1007      1.00      3.00      6.00     56.00      0.00      58.7620    1.0714     24.00     49.00     83.00    444.00      0.00
  0.4000   0.1200       60.4710    1.2219     22.00     44.00     81.00    464.00      0.00       5.8915    0.1305      2.00      4.00      8.00     42.00      0.00      53.0455    1.0454     18.00     42.00     75.00    302.00      0.00
  0.4000   0.1000       75.0610    1.5645     26.00     53.00    101.00    487.00      0.00       7.6535    0.1845      2.00      5.00     10.00    117.00      0.00      50.1345    1.0766     12.00     40.00     71.00    339.00      0.00
  0.4000   0.0800       95.4925    2.0843     34.00     67.00    127.00    883.00      0.00      11.6360    0.2823      3.00      8.00     16.00    145.00      0.00      40.9890    0.9438      7.00     29.00     62.00    370.00      0.00
  0.4000   0.0600      124.4845    2.8192     36.00     85.00    170.00    892.00      0.00      23.6175    0.6047      6.00     16.00     33.00    298.00      0.00      31.8620    0.9112      2.00     12.00     48.00    249.00      0.00
  0.4000   0.0400      159.8420    3.4900     49.00    114.00    224.00   1402.00      0.00      53.5420    1.2912     15.00     36.00     75.00    604.00      0.00      18.0185    0.6959      0.00      3.00     21.00    227.00      0.00
  0.4000   0.0200      182.6490    4.1834     49.00    124.00    255.00   2000.00      0.00     115.5030    2.7499     30.00     77.00    161.00   1147.00      0.00       5.7115    0.4076      0.00      0.00      2.00    183.00      0.00
  0.2000   0.2000      107.8670    2.3315     35.00     78.00    145.00    956.00      0.00       2.5085    0.0530      1.00      2.00      3.00     22.00      0.00     169.8210    3.7869     49.00    121.00    237.00   1853.00      0.00
  0.2000   0.1800      115.8045    2.4971     36.00     84.00    155.00    927.00      0.00       2.9610    0.0666      1.00      2.00      4.00     28.00      0.00     152.5080    3.3604     41.00    109.00    221.00   1124.00      0.00
  0.2000   0.1600      126.0995    2.6355     41.00     92.00    173.00    852.00      0.00       3.5440    0.0784      1.00      2.00      5.00     32.00      0.00     131.7800    3.0453     33.00     87.00    188.00    970.00      0.00
  0.2000   0.1400      135.8940    3.0068     42.00     91.00    190.00    936.00      0.00       4.2150    0.0931      1.00      3.00      6.00     41.00      0.00     117.2030    2.8981     23.00     76.00    166.00    954.00      0.00
  0.2000   0.1200      152.9205    3.3062     49.00    110.00    213.00   1436.00      0.00       5.6805    0.1581      2.00      4.00      8.00    199.00      0.00      97.5390    2.5484     20.00     61.00    133.00    878.00      0.00
  0.2000   0.1000      161.6200    3.6137     47.00    110.00    226.00   1366.00      0.00       7.7815    0.1778      2.00      5.00     11.00     90.00      0.00      73.4330    2.0335     10.00     39.00    105.00    726.00      0.00
  0.2000   0.0800      170.0560    3.7858     48.00    115.00    237.00   1115.00      0.00      12.1860    0.2964      3.00      8.00     17.00    128.00      0.00      52.3455    1.6295      5.00     23.00     69.00    711.00      0.00
  0.2000   0.0600      184.3340    4.0837     54.00    130.00    263.00   1624.00      0.00      23.3095    0.5684      6.00     15.00     32.00    232.00      0.00      32.3230    1.1981      2.00     10.00     37.00    385.00      0.00
  0.2000   0.0400      203.1565    4.5699     56.00    141.00    285.00   1653.00      0.00      56.1525    1.3152     14.00     38.00     78.00    530.00      0.00      13.6605    0.6577      0.00      3.00     13.00    391.00      0.00
  0.2000   0.0200      204.8375    4.5922     60.00    140.00    282.00   1609.00      0.00     124.8575    2.8718     34.00     85.00    172.00   1072.00      0.00       3.9110    0.3437      0.00      0.00      2.00    253.00      0.00
