Amp Radius  OC_Mean OC_Std OC_Q1 OC_Med OC_Q3 OC_Max OC_Min  Exp_Mean Exp_Std Exp_Q1 Exp_Med Exp_Q3 Exp_Max Exp_Min  Num_Mean Num_Std Num_Q1 Num_Med Num_Q3 Num_Max Num_Min
  2.0000   0.2000        4.0375    0.0822      2.00      3.00      5.00     77.00      0.00       1.7045    0.0647      1.00      1.00      2.00     74.00      0.00       8.5595    0.0845      6.00      9.00     11.00     20.00      0.00
  2.0000   0.1800        4.7175    0.0936      3.00      4.00      5.00     65.00      0.00       2.2740    0.0809      1.00      1.00      2.00     46.00      0.00       8.4250    0.0786      6.00      9.00     11.00     21.00      0.00
  2.0000   0.1600        5.7615    0.1734      3.00      4.00      6.00    125.00      0.00       3.1705    0.1635      1.00      1.00      2.00    124.00      0.00       8.0650    0.0785      6.00      8.00     11.00     19.00      0.00
  2.0000   0.1400        7.3545    0.2145      3.00      5.00      7.00    132.00      0.00       4.3895    0.1989      1.00      2.00      4.00    130.00      0.00       8.0390    0.0776      6.00      8.00     11.00     21.00      0.00
  2.0000   0.1200       10.7510    0.3202      4.00      6.00     11.00    189.00      0.00       7.5375    0.3008      1.00      3.00      7.00    187.00      0.00       7.6930    0.0802      5.00      8.00     10.00     17.00      0.00
  2.0000   0.1000       16.9985    0.5051      4.00      8.00     21.00    241.00      0.00      13.7465    0.4874      1.00      5.00     17.00    239.00      0.00       7.2950    0.0837      5.00      8.00     10.00     17.00      0.00
  2.0000   0.0800       28.9350    0.8255      6.00     15.00     39.00    533.00      0.00      24.8665    0.7652      2.00     11.00     35.00    305.00      0.00       6.9185    0.0906      4.00      7.00     10.00     18.00      0.00
  2.0000   0.0600       49.1805    1.2234     10.00     31.00     70.00    410.00      0.00      45.5720    1.2013      7.00     27.00     66.00    408.00      0.00       5.8975    0.0964      1.00      7.00     10.00     18.00      0.00
  2.0000   0.0400       83.2540    2.0993     19.00     53.00    112.00    860.00      0.00      77.9920    2.0362     16.00     49.00    104.00    860.00      0.00       4.4115    0.0976      0.00      4.00      8.00     18.00      0.00
  2.0000   0.0200      140.6520    3.2625     38.00     96.00    190.00   1021.00      0.00     137.4775    3.2223     36.00     94.00    186.00   1021.00      0.00       2.0490    0.0754      0.00      0.00      4.00     14.00      0.00
  1.8000   0.2000        4.4810    0.0768      3.00      4.00      5.00     50.00      0.00       1.6890    0.0539      1.00      1.00      2.00     49.00      0.00       9.4275    0.0858      7.00     10.00     12.00     25.00      0.00
  1.8000   0.1800        4.8420    0.0910      3.00      4.00      6.00     85.00      0.00       1.9330    0.0665      1.00      1.00      2.00     71.00      0.00       9.0350    0.0860      7.00      9.00     12.00     30.00      0.00
  1.8000   0.1600        6.1185    0.1581      3.00      4.00      7.00    118.00      0.00       2.9990    0.1385      1.00      1.00      2.00    114.00      0.00       8.7285    0.0838      6.00      9.00     11.00     23.00      0.00
  1.8000   0.1400        7.8360    0.2272      3.00      5.00      8.00    124.00      0.00       4.6040    0.2111      1.00      2.00      4.00    119.00      0.00       8.4775    0.0819      6.00      9.00     11.00     23.00      0.00
  1.8000   0.1200       10.4970    0.3014      4.00      6.00     11.00    144.00      0.00       6.9295    0.2828      1.00      2.00      7.00    142.00      0.00       8.3380    0.0834      6.00      9.00     11.00     20.00      0.00
  1.8000   0.1000       17.5425    0.4946      4.00      9.00     22.00    220.00      0.00      13.1185    0.4520      1.00      4.00     17.00    219.00      0.00       7.8215    0.0898      6.00      8.00     11.00     19.00      0.00
  1.8000   0.0800       31.1875    0.8271      6.00     17.00     43.00    284.00      0.00      25.7105    0.7520      3.00     12.00     35.00    284.00      0.00       7.2340    0.0957      5.00      8.00     10.00     21.00      0.00
  1.8000   0.0600       49.5905    1.2582     10.00     30.00     68.00    447.00      0.00      43.2515    1.1647      6.00     25.00     60.00    447.00      0.00       6.1840    0.1023      1.00      7.00     10.00     21.00      0.00
  1.8000   0.0400       84.9360    2.0583     19.00     55.00    118.00    649.00      0.00      78.2955    1.9644     15.00     50.00    111.00    645.00      0.00       4.6220    0.1015      0.00      4.00      9.00     19.00      0.00
  1.8000   0.0200      143.4905    3.1221     42.00    104.00    198.00   1232.00      0.00     139.0135    3.0715     41.00     98.00    193.00   1229.00      0.00       2.1685    0.0827      0.00      0.00      4.00     25.00      0.00
  1.6000   0.2000        4.9125    0.0901      3.00      4.00      6.00    101.00      0.00       1.7075    0.0708      1.00      1.00      2.00     98.00      0.00      10.3200    0.0943      8.00     10.00     13.00     31.00      0.00
  1.6000   0.1800        5.5525    0.1192      3.00      5.00      6.00    151.00      0.00       2.0780    0.0706      1.00      1.00      2.00     59.00      0.00       9.9670    0.0907      7.00     10.00     12.00     25.00      0.00
  1.6000   0.1600        6.8180    0.1530      3.00      5.00      8.00     89.00      0.00       2.8790    0.1200      1.00      1.00      2.00     82.00      0.00       9.6780    0.0886      7.00     10.00     12.00     24.00      0.00
  1.6000   0.1400        8.8740    0.2301      4.00      6.00     10.00    136.00      0.00       4.5765    0.1978      1.00      2.00      4.00    126.00      0.00       9.4015    0.0841      7.00     10.00     12.00     22.00      0.00
  1.6000   0.1200       11.9225    0.3563      4.00      7.00     13.00    291.00      0.00       7.1390    0.3115      1.00      2.00      6.00    291.00      0.00       9.0965    0.0914      7.00      9.00     12.00     23.00      0.00
  1.6000   0.1000       19.6835    0.5608      5.00     10.00     25.00    333.00      0.00      14.5880    0.5147      2.00      5.00     18.00    333.00      0.00       8.5870    0.0940      6.00      9.00     11.00     21.00      0.00
  1.6000   0.0800       31.0715    0.8327      6.00     17.00     42.00    371.00      0.00      24.2945    0.7674      2.00     11.00     33.00    367.00      0.00       7.9435    0.1051      5.00      9.00     11.00     25.00      0.00
  1.6000   0.0600       50.2110    1.2789     11.00     31.00     70.00    653.00      0.00      43.0240    1.1577      7.00     26.00     62.00    650.00      0.00       6.8065    0.1129      1.00      8.00     11.00     20.00      0.00
  1.6000   0.0400       86.3355    2.1842     19.00     55.00    117.00   1097.00      0.00      76.9580    2.0263     15.00     48.00    106.00   1095.00      0.00       5.1410    0.1143      0.00      5.00      9.00     22.00      0.00
  1.6000   0.0200      142.2195    3.2606     38.00     96.00    197.00   1052.00      0.00     136.0795    3.2018     33.00     92.00    189.00   1052.00      0.00       2.4010    0.0937      0.00      0.00      4.00     20.00      0.00
  1.4000   0.2000        5.8525    0.1017      3.00      5.00      7.00     75.00      0.00       1.8395    0.0683      1.00      1.00      2.00     70.00      0.00      11.6040    0.1090      8.00     11.00     14.00     30.00      0.00
  1.4000   0.1800        6.5110    0.1326      4.00      5.00      8.00    105.00      0.00       2.2485    0.0966      1.00      1.00      2.00     72.00      0.00      11.2085    0.1038      8.00     11.00     14.00     30.00      0.00
  1.4000   0.1600        7.7760    0.1630      4.00      6.00      9.00    104.00      0.00       3.0155    0.1259      1.00      1.00      3.00     90.00      0.00      10.8820    0.1032      8.00     11.00     14.00     31.00      0.00
  1.4000   0.1400        9.6100    0.2608      4.00      7.00     11.00    214.00      0.00       4.3205    0.1864      1.00      2.00      4.00    129.00      0.00      10.5275    0.0996      8.00     11.00     13.00     26.00      0.00
  1.4000   0.1200       13.3840    0.3594      5.00      8.00     15.00    148.00      0.00       7.2550    0.2912      1.00      2.00      7.00    148.00      0.00      10.2390    0.1049      7.00     11.00     13.00     31.00      0.00
  1.4000   0.1000       21.0350    0.5685      6.00     11.00     26.00    273.00      0.00      13.9480    0.4967      1.00      4.00     18.00    272.00      0.00       9.6045    0.1118      7.00     10.00     13.00     32.00      0.00
  1.4000   0.0800       33.6235    0.8688      7.00     19.00     47.00    338.00      0.00      25.4940    0.7654      2.00     11.00     35.00    338.00      0.00       8.7980    0.1201      6.00     10.00     12.00     28.00      0.00
  1.4000   0.0600       55.1940    1.3298     12.00     35.00     79.00    471.00      0.00      43.9230    1.1323      6.00     27.00     64.00    379.00      0.00       7.8235    0.1288      1.00      9.00     12.00     28.00      0.00
  1.4000   0.0400       91.0625    2.0694     22.00     61.00    129.00    639.00      0.00      78.5930    1.8692     16.00     50.00    115.00    570.00      0.00       5.6195    0.1311      0.00      5.00     10.00     26.00      0.00
  1.4000   0.0200      147.8900    3.5094     40.00     98.00    200.00   1134.00      0.00     136.0000    3.2940     36.00     88.00    186.00   1134.00      0.00       2.6425    0.1040      0.00      0.00      4.00     25.00      0.00
  1.2000   0.2000        6.9860    0.1179      4.00      6.00      8.00     67.00      0.00       1.7890    0.0623      1.00      1.00      2.00     53.00      0.00      13.7875    0.1380     10.00     13.00     17.00     48.00      0.00
  1.2000   0.1800        7.9165    0.1509      4.00      6.00      9.00     83.00      0.00       2.3265    0.0988      1.00      1.00      2.00     81.00      0.00      13.0250    0.1313      9.00     12.00     17.00     41.00      0.00
  1.2000   0.1600        9.1500    0.2020      4.00      7.00     11.00    152.00      0.00       2.9415    0.1262      1.00      1.00      2.00     76.00      0.00      12.6340    0.1329      9.00     12.00     16.00     48.00      0.00
  1.2000   0.1400       11.4990    0.2605      5.00      8.00     13.00    116.00      0.00       4.6740    0.1934      1.00      2.00      4.00     88.00      0.00      12.3955    0.1244      9.00     12.00     15.00     47.00      0.00
  1.2000   0.1200       15.2195    0.3751      6.00     10.00     18.00    210.00      0.00       7.1700    0.2795      1.00      2.00      7.00    129.00      0.00      12.0440    0.1289      9.00     12.00     15.00     40.00      0.00
  1.2000   0.1000       23.5295    0.6054      7.00     14.00     30.00    328.00      0.00      13.1895    0.4733      1.00      4.00     16.00    230.00      0.00      11.3665    0.1390      8.00     12.00     15.00     38.00      0.00
  1.2000   0.0800       36.2865    0.9211      9.00     21.00     47.00    333.00      0.00      24.8210    0.7732      3.00     11.00     33.00    328.00      0.00      10.4510    0.1468      7.00     11.00     14.00     35.00      0.00
  1.2000   0.0600       60.0235    1.4757     14.00     38.00     84.00    623.00      0.00      45.2065    1.2452      7.00     26.00     63.00    623.00      0.00       8.9480    0.1557      1.00     10.00     14.00     39.00      0.00
  1.2000   0.0400       94.9200    2.2195     25.00     62.00    133.00    846.00      0.00      76.8700    1.8968     17.00     49.00    108.00    629.00      0.00       6.5860    0.1596      0.00      5.00     12.00     34.00      0.00
  1.2000   0.0200      152.5770    3.4841     42.00    104.00    211.00   1188.00      0.00     139.6700    3.2416     37.00     92.00    194.00   1114.00      0.00       2.9450    0.1285      0.00      0.00      2.00     33.00      0.00
  1.0000   0.2000        8.7410    0.1466      5.00      7.00     11.00     72.00      0.00       1.8295    0.0772      1.00      1.00      2.00     68.00      0.00      16.6770    0.1823     11.00     16.00     21.00     58.00      0.00
  1.0000   0.1800        9.8600    0.1838      5.00      8.00     12.00    124.00      0.00       2.1715    0.0840      1.00      1.00      2.00     54.00      0.00      16.6310    0.1779     12.00     16.00     21.00     52.00      0.00
  1.0000   0.1600       11.9580    0.2646      6.00      9.00     14.00    168.00      0.00       3.1590    0.1514      1.00      1.00      2.00     89.00      0.00      16.1455    0.1736     11.00     15.00     20.00     47.00      0.00
  1.0000   0.1400       14.1850    0.3084      6.00     10.00     17.00    181.00      0.00       4.4220    0.1950      1.00      2.00      3.00    104.00      0.00      15.3135    0.1779     10.00     14.00     20.00     53.00      0.00
  1.0000   0.1200       17.9325    0.4083      7.00     12.00     22.00    235.00      0.00       6.8770    0.2906      1.00      2.00      7.00    211.00      0.00      14.9170    0.1699     10.00     14.00     19.00     43.00      0.00
  1.0000   0.1000       27.4160    0.6809      9.00     17.00     34.00    314.00      0.00      13.7130    0.5143      1.00      4.00     17.00    314.00      0.00      14.1105    0.1838      9.00     14.00     19.00     54.00      0.00
  1.0000   0.0800       43.1630    1.0165     12.00     27.00     58.00    402.00      0.00      25.4020    0.7547      2.00     12.00     36.00    390.00      0.00      13.0775    0.1960      7.00     13.00     18.00     51.00      0.00
  1.0000   0.0600       66.6740    1.6297     16.00     42.00     91.00    563.00      0.00      44.5470    1.2706      6.00     25.00     62.00    467.00      0.00      10.9290    0.2031      1.00     11.00     17.00     49.00      0.00
  1.0000   0.0400      100.9705    2.2667     27.00     69.00    143.00    651.00      0.00      76.9960    1.9143     16.00     49.00    107.00    651.00      0.00       8.0765    0.2037      0.00      4.00     14.00     44.00      0.00
  1.0000   0.0200      160.4440    3.5237     45.00    110.00    224.00   1229.00      0.00     140.7745    3.1742     37.00     94.00    200.00    989.00      0.00       3.4090    0.1540      0.00      0.00      2.00     48.00      0.00
  0.8000   0.2000       11.7945    0.2004      6.00     10.00     15.00    113.00      0.00       1.7545    0.0649      1.00      1.00      2.00     62.00      0.00      22.7490    0.2710     15.00     21.00     29.00    103.00      0.00
  0.8000   0.1800       13.7590    0.2349      7.00     11.00     17.00     95.00      0.00       2.1830    0.0861      1.00      1.00      2.00     53.00      0.00      22.3505    0.2724     14.00     21.00     29.00     86.00      0.00
  0.8000   0.1600       16.0025    0.3197      8.00     12.00     19.00    141.00      0.00       2.9010    0.1401      1.00      1.00      2.00     99.00      0.00      21.5175    0.2628     13.00     20.00     28.00     85.00      0.00
  0.8000   0.1400       18.7590    0.3867      8.00     14.00     23.00    194.00      0.00       4.6085    0.2238      1.00      2.00      3.00    140.00      0.00      20.4335    0.2590     13.00     19.00     27.00     80.00      0.00
  0.8000   0.1200       24.1550    0.4978      9.00     17.00     31.00    173.00      0.00       7.3330    0.2813      1.00      2.00      7.00    116.00      0.00      20.1795    0.2695     12.00     19.00     27.00     72.00      0.00
  0.8000   0.1000       33.8065    0.7564     12.00     23.00     44.00    392.00      0.00      12.7345    0.4554      1.00      4.00     15.00    199.00      0.00      18.8215    0.2763     11.00     18.00     26.00     81.00      0.00
  0.8000   0.0800       49.8435    1.1653     14.00     33.00     67.00    481.00      0.00      24.3085    0.7320      2.00     11.00     35.00    422.00      0.00      16.5305    0.2870      6.00     15.00     24.00     89.00      0.00
  0.8000   0.0600       72.1050    1.7013     21.00     47.00     97.00    657.00      0.00      42.9290    1.1448      7.00     25.00     60.00    359.00      0.00      14.0620    0.2931      1.00     13.00     23.00     66.00      0.00
  0.8000   0.0400      115.9100    2.6296     31.00     76.00    163.00    925.00      0.00      81.1760    2.0368     15.00     50.00    116.00    720.00      0.00      10.3315    0.2841      0.00      4.00     18.00     85.00      0.00
  0.8000   0.0200      164.9590    3.6663     45.00    118.00    233.00   1436.00      0.00     139.7350    3.2985     36.00     95.00    191.00   1436.00      0.00       4.0635    0.2078      0.00      0.00      1.00     74.00      0.00
  0.6000   0.2000       18.9060    0.3191      9.00     16.00     25.00    109.00      0.00       1.7575    0.0597      1.00      1.00      2.00     57.00      0.00      35.7005    0.5019     20.00     32.00     48.00    171.00      0.00
  0.6000   0.1800       20.5545    0.3745     10.00     16.00     26.00    189.00      0.00       2.0725    0.0601      1.00      1.00      2.00     31.00      0.00      33.4880    0.4701     18.00     30.00     44.00    140.00      0.00
  0.6000   0.1600       24.1910    0.4502     11.00     19.00     31.00    172.00      0.00       2.9855    0.1310      1.00      1.00      3.00    136.00      0.00      32.6485    0.4681     18.00     30.00     43.00    138.00      0.00
  0.6000   0.1400       29.0025    0.5916     12.00     22.00     38.00    294.00      0.00       4.4085    0.1871      1.00      2.00      4.00     83.00      0.00      31.4275    0.4704     17.00     28.00     42.00    160.00      0.00
  0.6000   0.1200       35.7525    0.7431     13.00     26.00     47.00    321.00      0.00       7.1370    0.2906      1.00      2.00      7.00    161.00      0.00      29.8860    0.4634     15.00     27.00     41.00    132.00      0.00
  0.6000   0.1000       47.7370    1.0025     17.00     34.00     64.00    367.00      0.00      13.5520    0.4682      1.00      4.00     17.00    178.00      0.00      27.2975    0.4496     12.00     25.00     39.00    119.00      0.00
  0.6000   0.0800       65.0100    1.4533     21.00     44.00     87.00    563.00      0.00      23.4190    0.7118      2.00     11.00     32.00    339.00      0.00      23.8085    0.4620      5.00     21.00     36.00    122.00      0.00
  0.6000   0.0600       90.8755    2.0547     27.00     62.00    124.00    753.00      0.00      43.0830    1.1359      6.00     25.00     61.00    330.00      0.00      19.8260    0.4823      1.00     15.00     31.00    144.00      0.00
  0.6000   0.0400      124.4730    2.7509     37.00     88.00    170.00    964.00      0.00      74.0230    1.7892     16.00     49.00    102.00    629.00      0.00      12.7625    0.4264      0.00      2.00     21.00    128.00      0.00
  0.6000   0.0200      169.4525    3.6887     51.00    117.00    243.00   1061.00      0.00     131.3740    2.9451     38.00     91.00    184.00   1061.00      0.00       5.4140    0.3071      0.00      0.00      2.00    112.00      0.00
  0.4000   0.2000       39.5320    0.7618     16.00     30.00     52.00    341.00      0.00       1.6280    0.0467      1.00      1.00      2.00     47.00      0.00      68.8460    1.2480     31.00     55.00     93.00    585.00      0.00
  0.4000   0.1800       44.7675    0.8280     19.00     34.00     60.00    306.00      0.00       2.2935    0.1030      1.00      1.00      2.00    103.00      0.00      65.8560    1.1788     28.00     53.00     88.00    384.00      0.00
  0.4000   0.1600       50.2675    1.0268     19.00     37.00     68.00    399.00      0.00       2.9510    0.1312      1.00      1.00      3.00     87.00      0.00      60.3510    1.1293     24.00     47.00     83.00    381.00      0.00
  0.4000   0.1400       59.4655    1.2289     23.00     44.00     80.00    496.00      0.00       4.3170    0.1776      1.00      2.00      3.00     86.00      0.00      59.6635    1.1318     24.00     48.00     81.00    471.00      0.00
  0.4000   0.1200       71.5145    1.4557     25.00     53.00     98.00    480.00      0.00       7.2230    0.2685      1.00      2.00      7.00    111.00      0.00      55.0435    1.1301     18.00     42.00     78.00    350.00      0.00
  0.4000   0.1000       82.2205    1.6953     28.00     60.00    116.00    605.00      0.00      13.3420    0.4724      1.00      4.00     16.00    202.00      0.00      46.3320    1.0184     12.00     34.00     67.00    392.00      0.00
  0.4000   0.0800      101.4355    2.1145     32.00     73.00    140.00    624.00      0.00      23.4895    0.6914      3.00     10.00     35.00    240.00      0.00      40.2920    0.9696      5.00     27.00     59.00    272.00      0.00
  0.4000   0.0600      134.5970    2.8377     44.00     95.00    182.00   1079.00      0.00      44.0350    1.1417      7.00     27.00     63.00    656.00      0.00      29.2120    0.9181      1.00     12.00     42.00    282.00      0.00
  0.4000   0.0400      157.5860    3.4911     47.00    113.00    216.00   1331.00      0.00      77.2865    1.8528     18.00     50.00    108.00    642.00      0.00      16.2640    0.6814      0.00      2.00     20.00    274.00      0.00
  0.4000   0.0200      184.1290    4.0026     54.00    131.00    260.00   1369.00      0.00     132.8020    2.9584     36.00     93.00    185.00    962.00      0.00       5.0065    0.3605      0.00      0.00      1.00    165.00      0.00
  0.2000   0.2000      129.0370    2.8295     41.00     89.00    178.00    903.00      0.00       1.7100    0.0506      1.00      1.00      2.00     39.00      0.00     165.5030    3.8180     48.00    110.00    225.00   1481.00      0.00
  0.2000   0.1800      131.2610    2.7633     41.00     94.00    185.00    849.00      0.00       2.1050    0.0782      1.00      1.00      2.00     45.00      0.00     140.4785    3.1127     40.00     97.00    201.00   1131.00      0.00
  0.2000   0.1600      144.8695    3.1325     46.00    102.00    201.00   1066.00      0.00       2.8215    0.1164      1.00      1.00      3.00     78.00      0.00     126.9065    2.8439     36.00     88.00    181.00   1028.00      0.00
  0.2000   0.1400      152.9810    3.3457     47.00    109.00    210.00   1042.00      0.00       4.3850    0.1885      1.00      2.00      4.00    122.00      0.00     104.4220    2.4592     27.00     70.00    150.00    871.00      0.00
  0.2000   0.1200      151.6875    3.2917     46.00    105.00    214.00   1110.00      0.00       7.6535    0.3552      1.00      2.00      7.00    220.00      0.00      79.5310    1.8991     17.00     55.00    113.00    630.00      0.00
  0.2000   0.1000      166.8940    3.6304     47.00    119.00    230.00   1088.00      0.00      14.3380    0.4982      2.00      5.00     18.00    224.00      0.00      64.1395    1.6758      9.00     39.00     89.00    487.00      0.00
  0.2000   0.0800      185.4760    4.0574     51.00    133.00    254.00   1185.00      0.00      25.8580    0.7912      2.00     12.00     34.00    345.00      0.00      46.5080    1.3436      4.00     23.00     67.00    486.00      0.00
  0.2000   0.0600      185.9975    4.0535     56.00    132.00    253.00   1435.00      0.00      44.5175    1.1642      6.00     27.00     64.00    338.00      0.00      25.9845    0.9228      1.00      8.00     34.00    380.00      0.00
  0.2000   0.0400      192.1040    4.4133     53.00    131.00    259.00   1931.00      0.00      76.8675    1.8429     17.00     52.00    107.00    589.00      0.00      12.7920    0.5672      0.00      2.00     12.00    263.00      0.00
  0.2000   0.0200      198.3395    4.6369     56.00    135.00    267.00   1562.00      0.00     136.5515    3.1537     39.00     94.00    191.00   1087.00      0.00       3.2050    0.2289      0.00      0.00      1.00    130.00      0.00
