Amp Radius  OC_Mean OC_Std OC_Q1 OC_Med OC_Q3 OC_Max OC_Min  Exp_Mean Exp_Std Exp_Q1 Exp_Med Exp_Q3 Exp_Max Exp_Min  Num_Mean Num_Std Num_Q1 Num_Med Num_Q3 Num_Max Num_Min
  2.0000   0.2000        4.1630    0.0791      2.00      3.00      5.00     74.00      0.00       1.8810    0.0577      1.00      1.00      2.00     71.00      0.00       9.0110    0.0778      7.00      9.00     11.00     23.00      0.00
  2.0000   0.1800        4.7810    0.1008      2.00      4.00      6.00     70.00      0.00       2.4035    0.0823      1.00      1.00      2.00     60.00      0.00       8.6480    0.0776      6.00      9.00     11.00     20.00      0.00
  2.0000   0.1600        5.5660    0.1287      3.00      4.00      6.00     83.00      0.00       2.9600    0.1093      1.00      2.00      3.00     81.00      0.00       8.5500    0.0788      6.00      9.00     11.00     20.00      0.00
  2.0000   0.1400        7.3530    0.2271      3.00      5.00      8.00    147.00      0.00       4.5920    0.2064      1.00      2.00      4.00    145.00      0.00       8.3670    0.0745      6.00      9.00     11.00     17.00      0.00
  2.0000   0.1200        9.6910    0.2976      3.00      6.00     11.00    201.00      0.00       6.8575    0.2880      1.00      3.00      6.00    200.00      0.00       7.9730    0.0797      6.00      8.00     11.00     21.00      0.00
  2.0000   0.1000       15.1400    0.4427      4.00      8.00     18.00    212.00      0.00      11.8645    0.4072      2.00      5.00     14.00    182.00      0.00       7.6720    0.0813      6.00      8.00     10.00     18.00      0.00
  2.0000   0.0800       29.6790    0.8506      6.00     15.00     39.00    378.00      0.00      25.8780    0.8099      3.00     12.00     34.00    376.00      0.00       6.9575    0.0883      5.00      7.00     10.00     24.00      0.00
  2.0000   0.0600       48.5275    1.2486     10.00     29.00     66.00    506.00      0.00      44.3820    1.1977      6.00     26.00     62.00    505.00      0.00       6.0875    0.0945      1.00      7.00     10.00     17.00      0.00
  2.0000   0.0400       81.6440    1.9526     18.00     53.00    116.00    760.00      0.00      77.8820    1.8926     16.00     51.00    112.00    760.00      0.00       4.1835    0.0971      0.00      3.00      8.00     17.00      0.00
  2.0000   0.0200      143.6945    3.2155     37.00    100.00    200.00   1081.00      0.00     140.5085    3.1735     36.00     98.00    195.00   1081.00      0.00       1.9450    0.0755      0.00      0.00      4.00     21.00      0.00
  1.8000   0.2000        4.4290    0.0684      3.00      4.00      5.00     48.00      0.00       1.9155    0.0493      1.00      1.00      2.00     42.00      0.00       9.5725    0.0843      7.00     10.00     12.00     24.00      0.00
  1.8000   0.1800        5.2445    0.1081      3.00      4.00      6.00     75.00      0.00       2.3950    0.0769      1.00      1.00      3.00     67.00      0.00       9.1900    0.0830      7.00     10.00     12.00     23.00      0.00
  1.8000   0.1600        6.0515    0.1311      3.00      4.00      7.00     69.00      0.00       2.9920    0.1051      1.00      2.00      3.00     66.00      0.00       9.0685    0.0831      7.00     10.00     11.00     26.00      0.00
  1.8000   0.1400        7.5585    0.1833      3.00      5.00      8.00     76.00      0.00       4.2670    0.1568      1.00      2.00      4.00     74.00      0.00       8.8750    0.0796      7.00      9.00     11.00     22.00      0.00
  1.8000   0.1200       11.0365    0.3097      4.00      7.00     13.00    145.00      0.00       7.2575    0.2878      1.00      3.00      7.00    134.00      0.00       8.6410    0.0839      6.00      9.00     11.00     20.00      0.00
  1.8000   0.1000       15.8245    0.4403      4.00      9.00     19.00    246.00      0.00      11.5715    0.4112      2.00      4.00     13.00    246.00      0.00       8.3765    0.0838      6.00      9.00     11.00     20.00      0.00
  1.8000   0.0800       28.9895    0.7872      6.00     15.00     40.00    272.00      0.00      23.9195    0.7309      3.00     10.00     33.00    256.00      0.00       7.4690    0.0949      5.00      8.00     11.00     20.00      0.00
  1.8000   0.0600       50.6740    1.2737     10.00     32.00     71.00    522.00      0.00      45.0175    1.2300      6.00     26.00     65.00    522.00      0.00       6.7125    0.1021      2.00      7.00     10.00     19.00      0.00
  1.8000   0.0400       87.5665    2.0908     20.00     57.00    125.00    729.00      0.00      80.6245    1.9326     18.00     52.00    115.00    685.00      0.00       4.7585    0.1048      0.00      5.00      9.00     22.00      0.00
  1.8000   0.0200      141.1670    3.2045     38.00     98.00    199.00   1257.00      0.00     137.5265    3.1656     37.00     94.00    192.00   1257.00      0.00       1.9800    0.0803      0.00      0.00      3.00     18.00      0.00
  1.6000   0.2000        5.0940    0.0889      3.00      4.00      6.00     49.00      0.00       1.9635    0.0571      1.00      1.00      2.00     42.00      0.00      10.4190    0.0925      8.00     10.00     13.00     27.00      0.00
  1.6000   0.1800        5.7660    0.1178      3.00      4.00      7.00     62.00      0.00       2.4990    0.0956      1.00      1.00      2.00     61.00      0.00      10.1725    0.0871      8.00     10.00     13.00     25.00      0.00
  1.6000   0.1600        6.7370    0.1532      3.00      5.00      8.00    107.00      0.00       3.0360    0.1181      1.00      2.00      3.00    107.00      0.00       9.8555    0.0902      7.00     10.00     12.00     25.00      0.00
  1.6000   0.1400        8.2620    0.2052      4.00      6.00      9.00    101.00      0.00       4.1625    0.1646      1.00      2.00      4.00     77.00      0.00       9.6225    0.0898      7.00     10.00     12.00     25.00      0.00
  1.6000   0.1200       11.6030    0.3065      4.00      7.00     13.00    156.00      0.00       6.7760    0.2637      1.00      3.00      6.00    154.00      0.00       9.3495    0.0906      7.00     10.00     12.00     26.00      0.00
  1.6000   0.1000       17.5990    0.4677      5.00     10.00     22.00    245.00      0.00      12.4390    0.4304      2.00      5.00     15.00    242.00      0.00       8.9235    0.0971      7.00     10.00     12.00     23.00      0.00
  1.6000   0.0800       30.1595    0.7889      7.00     16.00     40.00    322.00      0.00      23.3740    0.7053      3.00     10.00     31.00    245.00      0.00       8.0610    0.1045      6.00      9.00     11.00     24.00      0.00
  1.6000   0.0600       51.8515    1.2507     11.00     33.00     72.00    475.00      0.00      44.2495    1.1490      7.00     27.00     63.00    475.00      0.00       7.0370    0.1142      1.00      8.00     11.00     29.00      0.00
  1.6000   0.0400       88.8015    2.0709     22.00     59.00    124.00    660.00      0.00      80.5330    1.9528     18.00     52.00    114.00    659.00      0.00       5.1045    0.1162      0.00      5.00     10.00     22.00      0.00
  1.6000   0.0200      153.0795    3.4440     44.00    105.00    209.00   1259.00      0.00     145.8430    3.3087     40.00    101.00    202.00   1209.00      0.00       2.3005    0.0921      0.00      0.00      4.00     21.00      0.00
  1.4000   0.2000        5.7420    0.0990      3.00      5.00      7.00     62.00      0.00       1.9120    0.0533      1.00      1.00      2.00     41.00      0.00      11.6960    0.1075      9.00     11.00     14.00     32.00      0.00
  1.4000   0.1800        6.6350    0.1394      3.00      5.00      8.00    105.00      0.00       2.5360    0.1026      1.00      1.00      3.00     92.00      0.00      11.2930    0.1094      8.00     11.00     14.00     34.00      0.00
  1.4000   0.1600        7.8590    0.1883      4.00      6.00      9.00    153.00      0.00       3.1755    0.1301      1.00      2.00      3.00     85.00      0.00      11.1325    0.1064      8.00     11.00     14.00     31.00      0.00
  1.4000   0.1400        9.5325    0.2203      4.00      7.00     11.00    105.00      0.00       4.4580    0.1681      1.00      2.00      4.00     96.00      0.00      10.5770    0.1029      8.00     11.00     13.00     31.00      0.00
  1.4000   0.1200       12.4195    0.3472      5.00      8.00     14.00    210.00      0.00       6.4935    0.2630      1.00      3.00      6.00    189.00      0.00      10.4265    0.1046      8.00     11.00     13.00     29.00      0.00
  1.4000   0.1000       19.5035    0.5113      6.00     11.00     24.00    236.00      0.00      12.5590    0.4258      2.00      5.00     15.00    193.00      0.00       9.8385    0.1138      7.00     10.00     13.00     30.00      0.00
  1.4000   0.0800       31.5560    0.8143      7.00     18.00     42.00    297.00      0.00      23.1840    0.6900      3.00     10.00     32.00    297.00      0.00       9.3415    0.1217      6.00     10.00     13.00     29.00      0.00
  1.4000   0.0600       53.8565    1.3045     12.00     34.00     76.00    588.00      0.00      43.8910    1.1629      6.00     25.00     65.00    588.00      0.00       7.7185    0.1314      1.00      9.00     12.00     33.00      0.00
  1.4000   0.0400       89.9030    2.1373     22.00     59.00    126.00   1038.00      0.00      77.5585    1.9034     17.00     50.00    111.00    961.00      0.00       5.7805    0.1320      0.00      6.00     11.00     25.00      0.00
  1.4000   0.0200      148.8980    3.4421     44.00    103.00    205.00   1359.00      0.00     139.9325    3.2448     40.00     95.00    196.00   1228.00      0.00       2.4480    0.1024      0.00      0.00      2.00     25.00      0.00
  1.2000   0.2000        6.9470    0.1221      4.00      6.00      9.00     70.00      0.00       1.9545    0.0511      1.00      1.00      2.00     30.00      0.00      13.8810    0.1331     10.00     13.00     17.00     45.00      0.00
  1.2000   0.1800        7.7165    0.1456      4.00      6.00      9.00    100.00      0.00       2.3400    0.0673      1.00      1.00      3.00     46.00      0.00      13.3975    0.1305     10.00     13.00     17.00     35.00      0.00
  1.2000   0.1600        9.1955    0.1959      4.00      7.00     11.00    129.00      0.00       3.1720    0.1235      1.00      2.00      3.00    104.00      0.00      12.8560    0.1331      9.00     12.00     16.00     44.00      0.00
  1.2000   0.1400       11.3925    0.2560      5.00      8.00     13.00    147.00      0.00       4.4405    0.1797      1.00      2.00      4.00    111.00      0.00      13.0540    0.1271     10.00     13.00     16.00     37.00      0.00
  1.2000   0.1200       14.9230    0.3746      6.00     10.00     18.00    255.00      0.00       6.7930    0.2680      1.00      3.00      7.00    173.00      0.00      12.0915    0.1308      9.00     12.00     16.00     35.00      0.00
  1.2000   0.1000       22.1935    0.5536      7.00     14.00     29.00    278.00      0.00      12.1855    0.4249      2.00      5.00     15.00    271.00      0.00      11.7250    0.1399      8.00     12.00     15.00     39.00      0.00
  1.2000   0.0800       35.2590    0.9347      9.00     20.00     46.00    467.00      0.00      23.1885    0.7377      3.00     10.00     30.00    315.00      0.00      10.9235    0.1508      7.00     11.00     15.00     35.00      0.00
  1.2000   0.0600       60.5455    1.4629     14.00     39.00     84.00    709.00      0.00      44.8575    1.2133      7.00     26.00     63.00    507.00      0.00       9.4620    0.1615      1.00     10.00     14.00     40.00      0.00
  1.2000   0.0400       95.3120    2.1787     26.00     63.00    135.00    770.00      0.00      78.8180    1.9422     17.00     50.00    111.00    760.00      0.00       6.6420    0.1623      0.00      4.00     12.00     43.00      0.00
  1.2000   0.0200      152.6105    3.4634     41.00    105.00    217.00   1408.00      0.00     140.7445    3.2228     37.00     95.00    205.00   1002.00      0.00       3.0095    0.1260      0.00      0.00      4.00     30.00      0.00
  1.0000   0.2000        8.5930    0.1492      4.00      7.00     11.00     60.00      0.00       1.9710    0.0563      1.00      1.00      2.00     47.00      0.00      16.9920    0.1838     11.00     16.00     22.00     67.00      0.00
  1.0000   0.1800       10.0325    0.1963      5.00      8.00     12.00    106.00      0.00       2.4505    0.1091      1.00      1.00      2.00    101.00      0.00      17.0015    0.1837     12.00     16.00     22.00     57.00      0.00
  1.0000   0.1600       11.5615    0.2285      5.00      9.00     14.00    117.00      0.00       3.3030    0.1360      1.00      2.00      3.00     91.00      0.00      16.3365    0.1829     11.00     15.00     21.00     61.00      0.00
  1.0000   0.1400       13.9195    0.3157      6.00     10.00     17.00    166.00      0.00       4.4410    0.1731      1.00      2.00      4.00     90.00      0.00      15.6225    0.1804     11.00     15.00     20.00     62.00      0.00
  1.0000   0.1200       17.6595    0.4516      7.00     12.00     21.00    323.00      0.00       6.9420    0.3179      1.00      3.00      7.00    316.00      0.00      15.4125    0.1833     10.00     15.00     20.00     56.00      0.00
  1.0000   0.1000       25.0170    0.6092      8.00     15.00     32.00    251.00      0.00      12.1010    0.4602      2.00      4.00     13.00    249.00      0.00      14.4285    0.1928      9.00     14.00     19.00     52.00      0.00
  1.0000   0.0800       41.7245    1.0143     11.00     27.00     56.00    426.00      0.00      24.4505    0.7555      3.00     11.00     32.00    287.00      0.00      13.2335    0.2046      7.00     13.00     19.00     49.00      0.00
  1.0000   0.0600       65.9795    1.5578     17.00     44.00     94.00    651.00      0.00      44.4395    1.1929      6.00     26.00     63.00    651.00      0.00      11.3010    0.2112      1.00     11.00     18.00     61.00      0.00
  1.0000   0.0400      107.8595    2.5103     26.00     67.00    154.00    813.00      0.00      83.0910    2.0878     17.00     50.00    119.00    802.00      0.00       7.8410    0.2076      0.00      3.00     14.00     72.00      0.00
  1.0000   0.0200      153.4100    3.4854     38.00    103.00    217.00    994.00      0.00     137.5490    3.2062     32.00     90.00    193.00    928.00      0.00       3.4565    0.1593      0.00      0.00      2.00     44.00      0.00
  0.8000   0.2000       11.5605    0.2009      6.00      9.00     14.00     86.00      0.00       1.9965    0.0575      1.00      1.00      2.00     57.00      0.00      22.8995    0.2750     14.00     21.00     29.00     89.00      0.00
  0.8000   0.1800       12.9685    0.2555      6.00     10.00     16.00    228.00      0.00       2.4345    0.1123      1.00      1.00      2.00    153.00      0.00      22.6195    0.2767     14.00     21.00     30.00     90.00      0.00
  0.8000   0.1600       15.1685    0.2813      7.00     12.00     19.00    117.00      0.00       3.0840    0.1103      1.00      2.00      3.00     89.00      0.00      21.8245    0.2592     14.00     21.00     29.00     75.00      0.00
  0.8000   0.1400       18.5860    0.4176      8.00     13.00     24.00    237.00      0.00       4.5285    0.2010      1.00      2.00      4.00    200.00      0.00      21.0090    0.2680     13.00     19.00     28.00     75.00      0.00
  0.8000   0.1200       22.9430    0.5322      9.00     16.00     29.00    319.00      0.00       6.9040    0.2731      1.00      3.00      7.00    148.00      0.00      20.3250    0.2664     12.00     19.00     28.00     78.00      0.00
  0.8000   0.1000       32.2995    0.7477     11.00     21.00     41.00    320.00      0.00      11.7870    0.3965      2.00      4.00     15.00    149.00      0.00      19.4795    0.2834     11.00     18.00     27.00     71.00      0.00
  0.8000   0.0800       48.9710    1.2061     14.00     30.00     65.00    559.00      0.00      23.1915    0.7188      3.00     10.00     31.00    315.00      0.00      16.9270    0.2904      7.00     16.00     25.00     81.00      0.00
  0.8000   0.0600       74.5360    1.6741     21.00     50.00    105.00    484.00      0.00      42.6650    1.1387      7.00     25.00     62.00    456.00      0.00      14.7240    0.2992      1.00     13.00     23.00     73.00      0.00
  0.8000   0.0400      115.6380    2.6535     33.00     80.00    160.00    989.00      0.00      79.8620    1.9225     16.00     53.00    114.00    695.00      0.00      10.2935    0.2865      0.00      3.00     18.00     79.00      0.00
  0.8000   0.0200      164.1560    3.7279     45.00    112.00    234.00   1853.00      0.00     139.6340    3.2649     35.00     95.00    196.00   1093.00      0.00       4.3490    0.2141      0.00      0.00      2.00     73.00      0.00
  0.6000   0.2000       17.6725    0.3152      8.00     14.00     23.00    159.00      0.00       2.0715    0.0690      1.00      1.00      2.00     58.00      0.00      34.8255    0.4681     20.00     31.00     46.00    143.00      0.00
  0.6000   0.1800       20.0390    0.3652      9.00     16.00     26.00    154.00      0.00       2.2650    0.0671      1.00      1.00      3.00     70.00      0.00      33.8670    0.4773     19.00     30.00     45.00    158.00      0.00
  0.6000   0.1600       23.2710    0.4545     10.00     18.00     31.00    243.00      0.00       3.2105    0.1385      1.00      1.00      3.00    104.00      0.00      33.0970    0.4812     18.00     30.00     45.00    158.00      0.00
  0.6000   0.1400       27.7755    0.5518     11.00     21.00     37.00    225.00      0.00       4.4205    0.1846      1.00      2.00      4.00    148.00      0.00      32.1660    0.4750     17.00     29.00     44.00    167.00      0.00
  0.6000   0.1200       33.9070    0.7124     13.00     25.00     44.00    314.00      0.00       6.7805    0.2813      1.00      3.00      6.00    178.00      0.00      30.8260    0.4602     16.00     28.00     42.00    144.00      0.00
  0.6000   0.1000       44.7115    0.9525     16.00     31.00     59.00    336.00      0.00      12.9835    0.4553      2.00      5.00     15.00    184.00      0.00      27.4350    0.4546     12.00     25.00     39.00    118.00      0.00
  0.6000   0.0800       64.1075    1.4785     20.00     44.00     85.00    664.00      0.00      23.3780    0.7424      3.00     10.00     31.00    311.00      0.00      24.1670    0.4726      5.00     21.00     36.00    140.00      0.00
  0.6000   0.0600       93.1575    2.1051     26.00     62.00    129.00    773.00      0.00      44.7665    1.1962      6.00     26.00     62.00    449.00      0.00      19.5890    0.4849      1.00     13.00     31.00    159.00      0.00
  0.6000   0.0400      130.9960    2.9663     38.00     87.00    182.00    942.00      0.00      80.4915    1.9889     17.00     53.00    112.00    771.00      0.00      13.1105    0.4302      0.00      2.00     22.00    122.00      0.00
  0.6000   0.0200      174.1920    3.9118     50.00    118.00    239.00   1370.00      0.00     139.0940    3.2322     38.00     95.00    197.00   1081.00      0.00       4.5365    0.2727      0.00      0.00      1.00     96.00      0.00
  0.4000   0.2000       35.0910    0.6500     15.00     27.00     47.00    280.00      0.00       1.9060    0.0451      1.00      1.00      2.00     29.00      0.00      66.0225    1.0941     30.00     55.00     91.00    342.00      0.00
  0.4000   0.1800       41.0820    0.7965     16.00     31.00     56.00    401.00      0.00       2.3870    0.0960      1.00      1.00      2.00    128.00      0.00      66.3365    1.1225     31.00     56.00     88.00    386.00      0.00
  0.4000   0.1600       46.5660    0.8726     19.00     36.00     62.00    308.00      0.00       3.0925    0.1267      1.00      2.00      3.00     83.00      0.00      61.8420    1.1001     25.00     52.00     86.00    312.00      0.00
  0.4000   0.1400       50.4730    1.0000     19.00     37.00     69.00    375.00      0.00       4.3480    0.1737      1.00      2.00      4.00    108.00      0.00      56.6825    1.0452     22.00     46.00     81.00    320.00      0.00
  0.4000   0.1200       65.0050    1.3249     24.00     47.00     89.00    653.00      0.00       7.4415    0.3189      1.00      3.00      7.00    164.00      0.00      53.3020    1.0628     18.00     43.00     76.00    375.00      0.00
  0.4000   0.1000       78.2095    1.6517     26.00     55.00    105.00    720.00      0.00      12.4890    0.4349      2.00      4.00     14.00    210.00      0.00      46.9205    0.9945     11.00     36.00     69.00    377.00      0.00
  0.4000   0.0800       94.9675    2.0794     32.00     66.00    128.00   1099.00      0.00      23.0385    0.7247      3.00     10.00     30.00    388.00      0.00      39.5990    0.9516      5.00     27.00     61.00    361.00      0.00
  0.4000   0.0600      126.3015    2.7238     39.00     89.00    174.00    997.00      0.00      43.0955    1.1155      6.00     26.00     62.00    381.00      0.00      28.3545    0.8657      1.00     11.00     43.00    253.00      0.00
  0.4000   0.0400      154.9225    3.3747     46.00    105.00    217.00   1171.00      0.00      79.1970    1.9763     17.00     51.00    110.00   1010.00      0.00      16.7355    0.7030      0.00      2.00     18.00    282.00      0.00
  0.4000   0.0200      182.7105    4.0635     52.00    128.00    251.00   1568.00      0.00     135.7775    3.1368     37.00     96.00    190.00   1256.00      0.00       5.2170    0.3995      0.00      0.00      1.00    216.00      0.00
  0.2000   0.2000      120.6975    2.6073     38.00     85.00    160.00    893.00      0.00       1.9505    0.0583      1.00      1.00      2.00     47.00      0.00     167.8335    3.7361     51.00    119.00    230.00   1469.00      0.00
  0.2000   0.1800      124.2135    2.7999     36.00     85.00    171.00   1455.00      0.00       2.4690    0.0884      1.00      1.00      3.00     91.00      0.00     147.6990    3.4644     39.00     99.00    207.00   1270.00      0.00
  0.2000   0.1600      133.3980    2.9801     41.00     91.00    187.00   1002.00      0.00       3.2330    0.1286      1.00      2.00      3.00     92.00      0.00     127.0110    3.0146     32.00     89.00    178.00   1539.00      0.00
  0.2000   0.1400      144.9760    3.0924     45.00    102.00    201.00    994.00      0.00       4.5050    0.1755      1.00      2.00      4.00     96.00      0.00     111.0390    2.5975     27.00     75.00    156.00    742.00      0.00
  0.2000   0.1200      154.1275    3.3688     46.00    109.00    220.00   1222.00      0.00       7.5250    0.3144      1.00      3.00      7.00    206.00      0.00      88.3980    2.1491     18.00     57.00    129.00    810.00      0.00
  0.2000   0.1000      163.1280    3.6834     47.00    113.00    224.00   1272.00      0.00      12.7115    0.4586      2.00      4.00     15.00    351.00      0.00      66.1495    1.7645      9.00     38.00     97.00    722.00      0.00
  0.2000   0.0800      169.7805    3.9253     50.00    115.00    232.00   1453.00      0.00      22.9475    0.7451      3.00     10.00     31.00    398.00      0.00      45.4755    1.4015      4.00     20.00     64.00    479.00      0.00
  0.2000   0.0600      180.7135    4.1520     53.00    121.00    249.00   1597.00      0.00      43.1345    1.1370      6.00     25.00     63.00    461.00      0.00      28.0690    1.0827      1.00      8.00     35.00    574.00      0.00
  0.2000   0.0400      193.0710    4.3164     55.00    132.00    272.00   1636.00      0.00      78.0825    1.9757     16.00     50.00    108.00    938.00      0.00      13.8280    0.6688      0.00      2.00     13.00    278.00      0.00
  0.2000   0.0200      188.8305    4.3755     54.00    132.00    255.00   1840.00      0.00     135.1480    3.1522     37.00     95.00    184.00   1840.00      0.00       3.1040    0.2667      0.00      0.00      1.00    177.00      0.00
