Amp Radius  OC_Mean OC_Std OC_Q1 OC_Med OC_Q3 OC_Max OC_Min  Exp_Mean Exp_Std Exp_Q1 Exp_Med Exp_Q3 Exp_Max Exp_Min  Num_Mean Num_Std Num_Q1 Num_Med Num_Q3 Num_Max Num_Min
  2.0000   0.2000        3.9835    0.0428      3.00      4.00      5.00     15.00      0.00       1.3690    0.0159      1.00      1.00      2.00      7.00      0.00       8.5940    0.1042      5.00      8.00     12.00     25.00      0.00
  2.0000   0.1800        4.4050    0.0489      3.00      4.00      5.00     18.00      0.00       1.5100    0.0212      1.00      1.00      2.00     12.00      0.00       8.2565    0.1008      4.00      8.00     12.00     24.00      0.00
  2.0000   0.1600        4.8665    0.0561      3.00      4.00      6.00     27.00      0.00       1.7395    0.0270      1.00      1.00      2.00     22.00      0.00       8.0465    0.0968      4.00      8.00     12.00     24.00      0.00
  2.0000   0.1400        5.5420    0.0706      3.00      5.00      7.00     28.00      0.00       1.9905    0.0361      1.00      1.00      2.00     21.00      0.00       7.5970    0.0971      4.00      7.00     11.00     21.00      0.00
  2.0000   0.1200        6.4310    0.0945      4.00      6.00      8.00     47.00      0.00       2.5805    0.0611      1.00      2.00      3.00     44.00      0.00       7.4195    0.0947      4.00      7.00     11.00     21.00      0.00
  2.0000   0.1000        8.0175    0.1330      4.00      7.00     10.00     66.00      0.00       3.8905    0.1066      1.00      3.00      4.00     64.00      0.00       7.0295    0.0943      3.00      7.00     11.00     19.00      0.00
  2.0000   0.0800       11.8335    0.2513      5.00      9.00     14.00    130.00      0.00       6.9045    0.2144      2.00      4.00      8.00    127.00      0.00       6.7575    0.0932      3.00      6.00     11.00     19.00      0.00
  2.0000   0.0600       21.9900    0.5014      7.00     14.00     30.00    165.00      0.00      16.0575    0.4423      3.00      8.00     22.00    154.00      0.00       6.3380    0.0948      3.00      6.00     10.00     18.00      0.00
  2.0000   0.0400       47.4470    1.1225     13.00     31.00     65.00    497.00      0.00      39.8810    1.0041      8.00     25.00     57.00    365.00      0.00       5.3070    0.0970      2.00      4.00      9.00     17.00      0.00
  2.0000   0.0200      109.2000    2.4959     29.00     74.00    152.00    856.00      0.00     100.9160    2.3706     26.00     69.00    138.00    856.00      0.00       2.7645    0.0822      0.00      0.00      5.00     15.00      0.00
  1.8000   0.2000        4.5595    0.0485      3.00      4.00      6.00     15.00      0.00       1.3710    0.0162      1.00      1.00      2.00      9.00      0.00       9.8180    0.1108      6.00     10.00     13.00     28.00      0.00
  1.8000   0.1800        4.9240    0.0572      3.00      4.00      6.00     20.00      0.00       1.4530    0.0185      1.00      1.00      2.00      8.00      0.00       9.3980    0.1083      6.00      9.00     13.00     32.00      0.00
  1.8000   0.1600        5.4655    0.0678      3.00      5.00      7.00     33.00      0.00       1.6880    0.0259      1.00      1.00      2.00     21.00      0.00       9.1105    0.1055      5.00      9.00     12.00     25.00      0.00
  1.8000   0.1400        6.2770    0.0787      4.00      6.00      8.00     33.00      0.00       2.0170    0.0382      1.00      2.00      3.00     28.00      0.00       8.8145    0.1009      5.00      9.00     12.00     23.00      0.00
  1.8000   0.1200        7.3215    0.1052      4.00      6.00      9.00     49.00      0.00       2.6135    0.0558      1.00      2.00      3.00     31.00      0.00       8.3175    0.0986      4.00      8.00     12.00     22.00      0.00
  1.8000   0.1000        9.2510    0.1559      5.00      8.00     11.00     75.00      0.00       3.9040    0.1145      1.00      3.00      4.00     71.00      0.00       8.0560    0.0955      4.00      8.00     12.00     21.00      0.00
  1.8000   0.0800       12.9835    0.2553      6.00      9.00     16.00    106.00      0.00       6.8180    0.1956      2.00      4.00      8.00     89.00      0.00       7.6100    0.0973      4.00      8.00     11.00     21.00      0.00
  1.8000   0.0600       23.4815    0.5348      8.00     16.00     31.00    216.00      0.00      15.4810    0.4382      3.00      8.00     20.00    211.00      0.00       6.9895    0.1007      3.00      7.00     11.00     19.00      0.00
  1.8000   0.0400       50.0345    1.1824     14.00     33.00     67.00    529.00      0.00      39.3500    0.9814      8.00     25.00     56.00    409.00      0.00       5.9860    0.1037      2.00      6.00     10.00     20.00      0.00
  1.8000   0.0200      117.5570    2.7131     32.00     79.00    166.00   1003.00      0.00     106.7815    2.5142     27.00     72.00    150.00    991.00      0.00       3.0940    0.0921      0.00      0.00      6.00     19.00      0.00
  1.6000   0.2000        5.2920    0.0634      3.00      5.00      7.00     27.00      0.00       1.3640    0.0157      1.00      1.00      2.00      7.00      0.00      11.1485    0.1198      7.00     11.00     15.00     36.00      0.00
  1.6000   0.1800        5.8320    0.0697      4.00      5.00      7.00     22.00      0.00       1.5120    0.0195      1.00      1.00      2.00      8.00      0.00      10.8690    0.1172      7.00     11.00     14.00     38.00      0.00
  1.6000   0.1600        6.3800    0.0790      4.00      6.00      8.00     30.00      0.00       1.7450    0.0279      1.00      1.00      2.00     24.00      0.00      10.1885    0.1121      6.00     10.00     14.00     28.00      0.00
  1.6000   0.1400        7.3035    0.0998      4.00      6.00      9.00     59.00      0.00       2.0260    0.0379      1.00      2.00      2.00     27.00      0.00      10.0210    0.1097      6.00     10.00     13.00     28.00      0.00
  1.6000   0.1200        8.7740    0.1400      5.00      7.00     11.00     99.00      0.00       2.7520    0.0638      1.00      2.00      3.00     35.00      0.00       9.4795    0.1075      5.00     10.00     13.00     31.00      0.00
  1.6000   0.1000       10.3260    0.1691      6.00      9.00     13.00     88.00      0.00       3.6840    0.1045      1.00      3.00      4.00     62.00      0.00       9.0615    0.1033      5.00     10.00     12.00     25.00      0.00
  1.6000   0.0800       14.4975    0.2830      7.00     11.00     18.00    138.00      0.00       6.6790    0.1985      2.00      4.00      8.00     98.00      0.00       8.6880    0.1055      5.00      9.00     12.00     24.00      0.00
  1.6000   0.0600       26.6230    0.5693     10.00     18.00     35.00    205.00      0.00      16.2390    0.4471      3.00      9.00     22.00    164.00      0.00       8.0690    0.1082      4.00      8.00     12.00     27.00      0.00
  1.6000   0.0400       54.1415    1.2377     15.00     36.00     75.00    573.00      0.00      40.4265    1.0097      8.00     25.00     57.00    334.00      0.00       6.6295    0.1148      2.00      7.00     11.00     25.00      0.00
  1.6000   0.0200      118.3935    2.6518     33.00     83.00    166.00    959.00      0.00     104.7130    2.4569     26.00     70.00    147.00    959.00      0.00       3.4780    0.1012      0.00      0.00      7.00     21.00      0.00
  1.4000   0.2000        6.3730    0.0760      4.00      6.00      8.00     30.00      0.00       1.3510    0.0166      1.00      1.00      2.00     12.00      0.00      13.1340    0.1407      9.00     13.00     17.00     39.00      0.00
  1.4000   0.1800        6.8615    0.0840      4.00      6.00      9.00     29.00      0.00       1.5100    0.0198      1.00      1.00      2.00     13.00      0.00      12.4510    0.1333      8.00     12.00     16.00     38.00      0.00
  1.4000   0.1600        7.7250    0.0968      5.00      7.00     10.00     32.00      0.00       1.7040    0.0247      1.00      1.00      2.00     15.00      0.00      11.9985    0.1284      8.00     12.00     16.00     35.00      0.00
  1.4000   0.1400        8.6545    0.1203      5.00      8.00     11.00     55.00      0.00       2.0360    0.0355      1.00      2.00      3.00     21.00      0.00      11.3995    0.1227      7.00     12.00     15.00     38.00      0.00
  1.4000   0.1200       10.4435    0.1581      6.00      9.00     13.00     70.00      0.00       2.6675    0.0709      1.00      2.00      3.00     65.00      0.00      11.0975    0.1235      7.00     12.00     15.00     36.00      0.00
  1.4000   0.1000       12.7205    0.2099      6.00     10.00     16.00    115.00      0.00       3.7955    0.1101      1.00      2.00      4.00     87.00      0.00      10.3470    0.1160      7.00     11.00     14.00     34.00      0.00
  1.4000   0.0800       17.9345    0.3561      8.00     13.00     23.00    173.00      0.00       7.2500    0.2315      2.00      4.00      8.00    108.00      0.00       9.9210    0.1160      6.00     11.00     13.00     29.00      0.00
  1.4000   0.0600       29.6905    0.6743     10.00     20.00     38.00    487.00      0.00      16.0710    0.4846      3.00      8.00     21.00    209.00      0.00       9.2200    0.1211      5.00     10.00     13.00     27.00      0.00
  1.4000   0.0400       57.2065    1.2959     16.00     38.00     77.00    425.00      0.00      39.0065    0.9931      7.00     24.00     55.00    330.00      0.00       7.5270    0.1286      2.00      8.00     12.00     27.00      0.00
  1.4000   0.0200      123.7280    2.9068     34.00     85.00    170.00   1306.00      0.00     103.8140    2.3952     26.00     70.00    144.00    673.00      0.00       3.8010    0.1164      0.00      0.00      8.00     35.00      0.00
  1.2000   0.2000        7.8110    0.0977      5.00      7.00     10.00     44.00      0.00       1.3765    0.0171      1.00      1.00      2.00      7.00      0.00      15.5145    0.1680     11.00     15.00     20.00     50.00      0.00
  1.2000   0.1800        8.5375    0.1101      5.00      8.00     11.00     35.00      0.00       1.4670    0.0186      1.00      1.00      2.00     10.00      0.00      15.1005    0.1650     10.00     15.00     19.00     52.00      0.00
  1.2000   0.1600        9.4575    0.1234      6.00      8.00     12.00     66.00      0.00       1.6720    0.0245      1.00      1.00      2.00     16.00      0.00      14.2910    0.1549     10.00     14.00     18.00     47.00      0.00
  1.2000   0.1400       10.8835    0.1563      6.00     10.00     14.00     73.00      0.00       2.0600    0.0385      1.00      2.00      3.00     24.00      0.00      13.7045    0.1495      9.00     14.00     17.00     59.00      0.00
  1.2000   0.1200       12.6765    0.1981      7.00     11.00     16.00     96.00      0.00       2.6795    0.0631      1.00      2.00      3.00     37.00      0.00      12.5590    0.1367      8.00     13.00     16.00     36.00      0.00
  1.2000   0.1000       15.6715    0.2753      8.00     13.00     20.00    203.00      0.00       3.9410    0.1157      1.00      3.00      4.00     65.00      0.00      12.0185    0.1386      8.00     12.00     16.00     41.00      0.00
  1.2000   0.0800       21.2060    0.3978     10.00     16.00     27.00    222.00      0.00       6.8940    0.2236      2.00      4.00      8.00    205.00      0.00      11.6110    0.1346      8.00     12.00     15.00     35.00      0.00
  1.2000   0.0600       34.7740    0.7313     13.00     25.00     45.00    308.00      0.00      15.7125    0.4545      3.00      8.00     21.00    241.00      0.00      10.8195    0.1475      6.00     11.00     15.00     36.00      0.00
  1.2000   0.0400       65.0135    1.4038     20.00     46.00     89.00    466.00      0.00      39.3475    0.9835      8.00     24.00     56.00    389.00      0.00       8.6520    0.1548      1.00      9.00     14.00     36.00      0.00
  1.2000   0.0200      132.2100    2.9740     39.00     89.00    188.00   1444.00      0.00     102.9745    2.3453     26.00     69.00    149.00    742.00      0.00       4.1875    0.1346      0.00      0.00      8.00     34.00      0.00
  1.0000   0.2000       10.3065    0.1342      6.00      9.00     13.00     53.00      0.00       1.3670    0.0160      1.00      1.00      2.00      8.00      0.00      19.5915    0.2226     13.00     18.00     25.00     75.00      0.00
  1.0000   0.1800       11.2580    0.1502      7.00     10.00     15.00     63.00      0.00       1.5130    0.0200      1.00      1.00      2.00     10.00      0.00      18.7505    0.2188     12.00     18.00     24.00     66.00      0.00
  1.0000   0.1600       12.8105    0.1845      7.00     11.00     17.00     78.00      0.00       1.7460    0.0262      1.00      1.00      2.00     23.00      0.00      18.0325    0.2154     12.00     17.00     23.00     71.00      0.00
  1.0000   0.1400       14.3875    0.2142      8.00     12.00     19.00     94.00      0.00       2.0795    0.0439      1.00      2.00      3.00     29.00      0.00      17.0200    0.1988     11.00     16.00     22.00     60.00      0.00
  1.0000   0.1200       16.8855    0.2796      9.00     14.00     22.00    151.00      0.00       2.6255    0.0572      1.00      2.00      3.00     50.00      0.00      15.9240    0.1943     11.00     15.00     20.00     60.00      0.00
  1.0000   0.1000       20.9650    0.3526     10.00     17.00     27.00    134.00      0.00       3.8325    0.1107      1.00      3.00      4.00     61.00      0.00      15.2355    0.1829     10.00     15.00     20.00     60.00      0.00
  1.0000   0.0800       28.2830    0.5344     12.00     22.00     36.00    237.00      0.00       6.8165    0.2073      2.00      4.00      8.00    108.00      0.00      14.3975    0.1887      9.00     14.00     19.00     58.00      0.00
  1.0000   0.0600       44.0670    0.9163     16.00     32.00     58.00    409.00      0.00      15.7555    0.4437      3.00      8.00     22.00    194.00      0.00      13.1845    0.1996      7.00     13.00     18.00     60.00      0.00
  1.0000   0.0400       78.6530    1.6763     26.00     56.00    108.00    661.00      0.00      40.7350    1.0044      9.00     26.00     57.00    441.00      0.00       9.7880    0.2004      1.00      9.00     16.00     54.00      0.00
  1.0000   0.0200      145.3565    3.2176     44.00    103.00    199.00   1470.00      0.00     104.5040    2.3881     27.00     70.00    149.00    928.00      0.00       4.9580    0.1768      0.00      0.00      8.00     66.00      0.00
  0.8000   0.2000       14.8410    0.2085      8.00     13.00     19.00     83.00      0.00       1.3625    0.0156      1.00      1.00      2.00      6.00      0.00      26.7240    0.3491     16.00     24.00     35.00    115.00      0.00
  0.8000   0.1800       16.2795    0.2550      8.00     14.00     21.00    114.00      0.00       1.4695    0.0179      1.00      1.00      2.00      7.00      0.00      25.2135    0.3306     15.00     23.00     34.00    101.00      0.00
  0.8000   0.1600       18.4680    0.2856     10.00     16.00     24.00    113.00      0.00       1.7390    0.0316      1.00      1.00      2.00     36.00      0.00      23.8925    0.3148     14.00     21.00     31.00    105.00      0.00
  0.8000   0.1400       21.6535    0.3572     11.00     18.00     28.00    142.00      0.00       2.0785    0.0352      1.00      2.00      3.00     20.00      0.00      23.2305    0.3100     14.00     21.00     31.00    103.00      0.00
  0.8000   0.1200       26.0515    0.4459     12.00     21.00     34.00    223.00      0.00       2.6950    0.0679      1.00      2.00      3.00     43.00      0.00      22.5910    0.3155     13.00     21.00     29.00    105.00      0.00
  0.8000   0.1000       32.1920    0.5423     15.00     26.00     44.00    181.00      0.00       3.7025    0.0912      1.00      3.00      4.00     52.00      0.00      20.8790    0.2933     12.00     19.00     28.00     95.00      0.00
  0.8000   0.0800       42.6490    0.8076     18.00     33.00     56.00    329.00      0.00       7.0890    0.2132      2.00      4.00      8.00     90.00      0.00      19.2540    0.2833     11.00     18.00     26.00     96.00      0.00
  0.8000   0.0600       59.8760    1.1624     23.00     45.00     82.00    459.00      0.00      16.1020    0.4415      3.00      8.00     22.00    149.00      0.00      17.3840    0.3049      6.00     16.00     25.00     85.00      0.00
  0.8000   0.0400       96.5470    2.0044     31.00     68.00    135.00    674.00      0.00      39.1975    0.9693      8.00     24.00     55.00    370.00      0.00      12.9215    0.2905      1.00     11.00     20.00     84.00      0.00
  0.8000   0.0200      156.6130    3.4432     42.00    108.00    223.00   1058.00      0.00     100.6715    2.3702     25.00     65.00    142.00    916.00      0.00       5.3210    0.2239      0.00      0.00      6.00    121.00      0.00
  0.6000   0.2000       26.6895    0.4613     13.00     22.00     35.00    251.00      0.00       1.3805    0.0178      1.00      1.00      2.00     15.00      0.00      44.2250    0.6973     23.00     37.00     58.00    260.00      0.00
  0.6000   0.1800       30.2420    0.5440     14.00     24.00     39.00    202.00      0.00       1.4850    0.0185      1.00      1.00      2.00     10.00      0.00      42.0890    0.6754     21.00     35.00     56.00    301.00      0.00
  0.6000   0.1600       33.6925    0.5721     16.00     27.00     45.00    216.00      0.00       1.7300    0.0266      1.00      1.00      2.00     15.00      0.00      39.9660    0.6176     21.00     34.00     53.00    201.00      0.00
  0.6000   0.1400       39.3660    0.7365     17.00     31.00     53.00    284.00      0.00       2.0685    0.0390      1.00      2.00      3.00     25.00      0.00      37.9995    0.6457     19.00     32.00     50.00    218.00      0.00
  0.6000   0.1200       46.3660    0.8720     19.00     35.00     62.00    357.00      0.00       2.6845    0.0624      1.00      2.00      3.00     43.00      0.00      35.3760    0.5927     17.00     29.00     48.00    212.00      0.00
  0.6000   0.1000       57.4630    1.1038     23.00     44.00     79.00    415.00      0.00       3.7430    0.1163      1.00      2.00      4.00    117.00      0.00      32.0175    0.5604     14.00     27.00     43.00    241.00      0.00
  0.6000   0.0800       72.5225    1.4138     28.00     55.00     97.00    412.00      0.00       7.0370    0.1960      2.00      4.00      8.00     81.00      0.00      29.0995    0.5421     12.00     23.00     40.00    175.00      0.00
  0.6000   0.0600       93.9105    1.9913     32.00     66.00    127.00    635.00      0.00      15.9835    0.4390      3.00      9.00     21.00    153.00      0.00      23.3895    0.5012      6.00     18.00     34.00    185.00      0.00
  0.6000   0.0400      132.6955    2.8542     41.00     94.00    183.00    955.00      0.00      38.9385    0.9895      8.00     24.00     53.00    393.00      0.00      16.4345    0.4511      1.00      9.00     25.00    151.00      0.00
  0.6000   0.0200      180.5570    4.1163     53.00    121.00    246.00   1562.00      0.00     100.4035    2.2677     29.00     68.00    137.00    799.00      0.00       5.3190    0.2481      0.00      0.00      4.00    121.00      0.00
  0.4000   0.2000       63.9790    1.3525     24.00     47.00     83.00    654.00      0.00       1.3555    0.0157      1.00      1.00      2.00      6.00      0.00      91.3285    1.8495     35.00     69.00    122.00    867.00      0.00
  0.4000   0.1800       70.8085    1.4748     26.00     50.00     96.00    480.00      0.00       1.4915    0.0191      1.00      1.00      2.00     10.00      0.00      82.7075    1.6592     31.00     62.00    111.00    624.00      0.00
  0.4000   0.1600       80.8025    1.6562     28.00     58.00    111.00    604.00      0.00       1.7280    0.0238      1.00      1.00      2.00      9.00      0.00      79.5730    1.5988     28.00     59.00    108.00    540.00      0.00
  0.4000   0.1400       90.7845    1.8820     31.00     65.00    124.00    685.00      0.00       2.1385    0.0443      1.00      2.00      3.00     29.00      0.00      71.3190    1.4378     25.00     53.00     97.00    495.00      0.00
  0.4000   0.1200      100.7285    2.1475     33.00     70.00    141.00    797.00      0.00       2.6075    0.0572      1.00      2.00      3.00     37.00      0.00      61.3550    1.2980     20.00     44.00     86.00    550.00      0.00
  0.4000   0.1000      118.3480    2.6051     36.00     82.00    159.00    948.00      0.00       4.0075    0.1243      1.00      3.00      4.00     79.00      0.00      52.5350    1.1906     15.00     36.00     74.00    462.00      0.00
  0.4000   0.0800      135.9795    2.8879     44.00     97.00    186.00    964.00      0.00       6.9635    0.2003      2.00      4.00      8.00    101.00      0.00      40.4805    0.9238     11.00     29.00     56.00    322.00      0.00
  0.4000   0.0600      157.4445    3.5227     49.00    106.00    211.00   1762.00      0.00      16.0165    0.4642      3.00      8.00     22.00    258.00      0.00      28.4475    0.7357      5.00     18.00     40.00    239.00      0.00
  0.4000   0.0400      179.9795    4.0854     53.00    123.00    251.00   1917.00      0.00      39.5280    0.9887      8.00     25.00     55.00    363.00      0.00      16.0180    0.5066      1.00      6.00     23.00    187.00      0.00
  0.4000   0.0200      201.1600    4.5016     58.00    138.00    279.00   1439.00      0.00     104.5170    2.4606     27.00     70.00    147.00   1339.00      0.00       4.3255    0.2323      0.00      0.00      3.00    108.00      0.00
  0.2000   0.2000      154.9710    3.4628     45.00    107.00    217.00   1094.00      0.00       1.3850    0.0181      1.00      1.00      2.00     18.00      0.00     178.8225    4.0757     52.00    119.00    248.00   1448.00      0.00
  0.2000   0.1800      162.7795    3.6524     50.00    112.00    222.00   1416.00      0.00       1.5310    0.0218      1.00      1.00      2.00     14.00      0.00     153.8965    3.4594     45.00    103.00    211.00   1019.00      0.00
  0.2000   0.1600      165.4565    3.5218     49.00    119.00    233.00   1176.00      0.00       1.6715    0.0273      1.00      1.00      2.00     24.00      0.00     128.8995    2.8448     38.00     90.00    178.00   1030.00      0.00
  0.2000   0.1400      171.2950    3.9098     48.00    114.00    235.00   1411.00      0.00       2.0890    0.0493      1.00      2.00      3.00     64.00      0.00     104.1740    2.4536     27.00     68.00    145.00    881.00      0.00
  0.2000   0.1200      183.5390    4.1414     52.00    125.00    254.00   1370.00      0.00       2.6270    0.0596      1.00      2.00      3.00     40.00      0.00      82.9295    1.9608     22.00     54.00    113.00    672.00      0.00
  0.2000   0.1000      190.3410    4.3223     51.00    131.00    266.00   1669.00      0.00       3.9805    0.1163      1.00      3.00      5.00     76.00      0.00      61.4450    1.4434     15.00     41.00     86.00    492.00      0.00
  0.2000   0.0800      187.6580    4.2470     54.00    126.00    264.00   1530.00      0.00       6.8265    0.2155      2.00      4.00      8.00    131.00      0.00      39.7290    0.9481     10.00     26.00     55.00    351.00      0.00
  0.2000   0.0600      203.3840    4.7524     60.00    135.00    274.00   1954.00      0.00      16.1060    0.4722      3.00      8.00     20.00    216.00      0.00      24.9570    0.6767      5.00     15.00     34.00    330.00      0.00
  0.2000   0.0400      189.2450    4.2425     55.00    134.00    259.00   1385.00      0.00      38.7405    0.9802      7.00     25.00     54.00    355.00      0.00      10.6410    0.3372      1.00      5.00     14.00    143.00      0.00
  0.2000   0.0200      201.5775    4.4533     56.00    137.00    287.00   1571.00      0.00     104.1140    2.4629     26.00     71.00    140.00    860.00      0.00       2.8655    0.1343      0.00      0.00      3.00     82.00      0.00
