Amp Radius  OC_Mean OC_Std OC_Q1 OC_Med OC_Q3 OC_Max OC_Min  Exp_Mean Exp_Std Exp_Q1 Exp_Med Exp_Q3 Exp_Max Exp_Min  Num_Mean Num_Std Num_Q1 Num_Med Num_Q3 Num_Max Num_Min
  2.0000   0.2000        6.0275    0.1242      2.00      4.00      8.00     52.00      0.00       3.8110    0.0941      1.00      2.00      5.00     30.00      0.00       8.9565    0.0782      7.00     10.00     11.00     20.00      0.00
  2.0000   0.1800        6.7275    0.1335      3.00      5.00      9.00     53.00      0.00       4.4620    0.1067      1.00      3.00      6.00     34.00      0.00       8.8345    0.0802      7.00     10.00     11.00     23.00      0.00
  2.0000   0.1600        7.8190    0.1575      3.00      5.00     11.00     69.00      0.00       5.1990    0.1234      1.00      3.00      7.00     56.00      0.00       8.7545    0.0794      7.00     10.00     11.00     23.00      0.00
  2.0000   0.1400        9.8975    0.2015      4.00      7.00     13.00     75.00      0.00       6.8835    0.1593      2.00      4.00     10.00     74.00      0.00       8.6245    0.0791      7.00     10.00     11.00     20.00      0.00
  2.0000   0.1200       12.2960    0.2825      4.00      9.00     16.00    176.00      0.00       8.5835    0.2177      2.00      6.00     11.00     92.00      0.00       8.2585    0.0801      6.00      9.00     10.00     19.00      0.00
  2.0000   0.1000       16.4010    0.3669      5.00     12.00     22.00    163.00      0.00      12.0800    0.2905      3.00      8.00     17.00    148.00      0.00       8.0330    0.0833      6.00      9.00     10.00     20.00      0.00
  2.0000   0.0800       24.7205    0.5513      8.00     18.00     34.00    240.00      0.00      19.0715    0.4561      5.00     14.00     26.00    239.00      0.00       7.5975    0.0864      6.00      9.00     10.00     20.00      0.00
  2.0000   0.0600       42.8435    0.9639     13.00     31.00     58.00    407.00      0.00      36.1850    0.8509      9.00     25.00     50.00    406.00      0.00       6.5620    0.0937      2.00      7.00     10.00     18.00      0.00
  2.0000   0.0400       76.8575    1.7568     21.00     52.00    107.00    701.00      0.00      70.4330    1.6177     19.00     47.00     99.00    625.00      0.00       4.8795    0.0994      0.00      6.00      9.00     17.00      0.00
  2.0000   0.0200      142.0735    3.2014     40.00     98.00    196.00   1152.00      0.00     136.2240    3.0587     39.00     95.00    190.00   1152.00      0.00       2.1420    0.0798      0.00      0.00      5.00     18.00      0.00
  1.8000   0.2000        6.3650    0.1246      3.00      5.00      8.00     46.00      0.00       3.8385    0.0920      1.00      2.00      5.00     45.00      0.00       9.5820    0.0846      7.00     10.00     12.00     26.00      0.00
  1.8000   0.1800        7.4440    0.1553      3.00      5.00     10.00     76.00      0.00       4.4735    0.1113      1.00      2.00      6.00     37.00      0.00       9.4015    0.0805      7.00     10.00     11.00     26.00      0.00
  1.8000   0.1600        8.8610    0.1911      3.00      6.00     12.00    116.00      0.00       5.4060    0.1305      1.00      3.00      7.00     43.00      0.00       9.3025    0.0833      7.00     10.00     11.00     26.00      0.00
  1.8000   0.1400       10.4185    0.2093      4.00      8.00     14.00     71.00      0.00       6.5635    0.1499      2.00      4.00      9.00     58.00      0.00       9.0005    0.0818      7.00     10.00     11.00     23.00      0.00
  1.8000   0.1200       12.9720    0.2873      5.00      9.00     17.00    181.00      0.00       8.4945    0.2248      2.00      5.00     12.00    180.00      0.00       8.7370    0.0873      7.00     10.00     11.00     22.00      0.00
  1.8000   0.1000       18.5455    0.4061      6.00     13.00     25.00    140.00      0.00      12.5350    0.3087      3.00      8.00     18.00    139.00      0.00       8.5395    0.0882      7.00     10.00     11.00     22.00      0.00
  1.8000   0.0800       26.3355    0.6089      8.00     19.00     35.00    368.00      0.00      18.9380    0.4681      5.00     13.00     26.00    364.00      0.00       8.1280    0.0937      6.00      9.00     11.00     24.00      0.00
  1.8000   0.0600       42.7215    0.9421     12.00     30.00     60.00    341.00      0.00      34.3555    0.7824      9.00     24.00     48.00    247.00      0.00       7.0810    0.1024      3.00      8.00     10.00     24.00      0.00
  1.8000   0.0400       82.5055    1.8614     23.00     58.00    114.00    666.00      0.00      74.5840    1.7098     20.00     51.00    104.00    645.00      0.00       5.2955    0.1063      0.00      6.00     10.00     21.00      0.00
  1.8000   0.0200      145.3605    3.3759     40.00     98.00    195.00   1010.00      0.00     136.5125    3.1696     38.00     92.00    185.00   1010.00      0.00       2.2540    0.0837      0.00      0.00      5.00     18.00      0.00
  1.6000   0.2000        6.7055    0.1366      3.00      5.00      9.00     83.00      0.00       3.6590    0.0908      1.00      2.00      5.00     38.00      0.00      10.2915    0.0988      8.00     10.00     12.00     29.00      0.00
  1.6000   0.1800        7.9360    0.1666      3.00      6.00     10.00    133.00      0.00       4.2765    0.1047      1.00      2.00      6.00     38.00      0.00      10.2820    0.0922      8.00     10.00     12.00     31.00      0.00
  1.6000   0.1600        9.9305    0.2217      3.00      7.00     13.00    113.00      0.00       5.3405    0.1302      1.00      3.00      7.00     52.00      0.00      10.0955    0.0940      8.00     10.00     12.00     31.00      0.00
  1.6000   0.1400       12.0925    0.2607      4.00      8.00     16.00     93.00      0.00       6.8880    0.1629      2.00      4.00     10.00     61.00      0.00       9.7975    0.0920      7.00     10.00     12.00     24.00      0.00
  1.6000   0.1200       14.9745    0.3364      5.00     10.00     20.00    176.00      0.00       8.8680    0.2402      2.00      6.00     12.00    145.00      0.00       9.2185    0.1004      7.00     10.00     11.00     25.00      0.00
  1.6000   0.1000       20.2880    0.4479      6.00     15.00     27.00    231.00      0.00      12.5145    0.2952      3.00      9.00     18.00    131.00      0.00       9.1855    0.1017      7.00     10.00     11.00     28.00      0.00
  1.6000   0.0800       28.2035    0.6316      9.00     20.00     38.00    237.00      0.00      18.8425    0.4583      5.00     13.00     25.00    201.00      0.00       8.5505    0.1057      6.00     10.00     11.00     30.00      0.00
  1.6000   0.0600       49.8615    1.1102     15.00     35.00     69.00    545.00      0.00      36.8435    0.8378     10.00     26.00     51.00    286.00      0.00       7.5015    0.1149      2.00      9.00     11.00     26.00      0.00
  1.6000   0.0400       89.0830    2.0225     23.00     62.00    126.00   1001.00      0.00      74.1915    1.7713     19.00     51.00    102.00   1001.00      0.00       5.4610    0.1184      0.00      6.00     10.00     22.00      0.00
  1.6000   0.0200      146.9035    3.4119     41.00     96.00    206.00   1097.00      0.00     134.9505    3.1841     36.00     87.00    186.00   1091.00      0.00       2.4970    0.0956      0.00      0.00      5.00     22.00      0.00
  1.4000   0.2000        8.1730    0.1814      3.00      6.00     11.00     88.00      0.00       3.7655    0.0969      1.00      2.00      5.00     56.00      0.00      11.8085    0.1157      9.00     11.00     15.00     48.00      0.00
  1.4000   0.1800        9.3025    0.1917      3.00      7.00     12.00     77.00      0.00       4.3790    0.1070      1.00      2.00      6.00     37.00      0.00      11.5065    0.1152      9.00     11.00     14.00     39.00      0.00
  1.4000   0.1600       10.5215    0.2174      4.00      7.00     14.00     82.00      0.00       5.2430    0.1210      1.00      3.00      7.00     39.00      0.00      11.3505    0.1134      9.00     11.00     14.00     34.00      0.00
  1.4000   0.1400       12.8985    0.2817      4.00      9.00     17.00    132.00      0.00       6.6300    0.1581      1.00      4.00      9.00     59.00      0.00      10.9180    0.1171      8.00     11.00     14.00     32.00      0.00
  1.4000   0.1200       16.3605    0.3868      5.00     11.00     21.00    201.00      0.00       8.5420    0.2225      2.00      5.00     12.00    137.00      0.00      10.7680    0.1159      8.00     11.00     13.00     32.00      0.00
  1.4000   0.1000       22.6250    0.5077      7.00     16.00     30.00    189.00      0.00      11.9630    0.2798      3.00      8.00     17.00    111.00      0.00      10.2165    0.1169      7.00     10.00     13.00     30.00      0.00
  1.4000   0.0800       30.3905    0.7012      9.00     21.00     40.00    241.00      0.00      18.2780    0.4595      4.00     12.00     25.00    240.00      0.00       9.5545    0.1260      6.00     10.00     13.00     35.00      0.00
  1.4000   0.0600       52.8155    1.2130     15.00     35.00     72.00    394.00      0.00      35.9635    0.8696      9.00     25.00     49.00    341.00      0.00       8.4060    0.1349      2.00      9.00     12.00     29.00      0.00
  1.4000   0.0400       91.2200    2.0178     27.00     64.00    130.00    909.00      0.00      71.5690    1.5691     19.00     51.00    102.00    492.00      0.00       6.1280    0.1387      0.00      6.00     11.00     29.00      0.00
  1.4000   0.0200      148.5355    3.5183     43.00     97.00    200.00   1187.00      0.00     133.1900    3.2015     36.00     86.00    181.00   1181.00      0.00       2.6480    0.1086      0.00      0.00      3.00     25.00      0.00
  1.2000   0.2000        9.5920    0.1887      4.00      7.00     13.00     82.00      0.00       3.8720    0.0963      1.00      2.00      5.00     34.00      0.00      13.8165    0.1405     10.00     13.00     18.00     47.00      0.00
  1.2000   0.1800       10.6815    0.2162      4.00      8.00     14.00     72.00      0.00       4.3710    0.1049      1.00      2.00      6.00     37.00      0.00      13.7725    0.1404     10.00     13.00     17.00     43.00      0.00
  1.2000   0.1600       12.9670    0.2767      4.00      9.00     17.00    143.00      0.00       5.3310    0.1252      1.00      3.00      7.00     40.00      0.00      13.3940    0.1421     10.00     12.00     17.00     37.00      0.00
  1.2000   0.1400       15.5400    0.3319      5.00     11.00     21.00    115.00      0.00       6.7405    0.1639      2.00      4.00      9.00     73.00      0.00      12.7260    0.1454      9.00     12.00     16.00     40.00      0.00
  1.2000   0.1200       19.6475    0.4363      7.00     14.00     26.00    186.00      0.00       8.6155    0.1970      2.00      6.00     12.00     72.00      0.00      12.6125    0.1451      9.00     12.00     17.00     36.00      0.00
  1.2000   0.1000       26.1145    0.5779      8.00     18.00     36.00    273.00      0.00      11.8530    0.2827      3.00      8.00     17.00    127.00      0.00      11.9640    0.1533      8.00     11.00     16.00     39.00      0.00
  1.2000   0.0800       36.7850    0.8407     11.00     26.00     50.00    394.00      0.00      20.0115    0.4771      5.00     14.00     27.00    161.00      0.00      11.0880    0.1565      7.00     11.00     15.00     37.00      0.00
  1.2000   0.0600       59.8430    1.3614     17.00     41.00     81.00    615.00      0.00      36.9710    0.9194      9.00     25.00     48.00    341.00      0.00       9.5880    0.1665      1.00     10.00     15.00     35.00      0.00
  1.2000   0.0400       99.7680    2.2436     29.00     67.00    136.00    789.00      0.00      72.9495    1.7294     20.00     49.00     98.00    696.00      0.00       7.2565    0.1725      0.00      6.00     12.00     40.00      0.00
  1.2000   0.0200      157.1665    3.5444     43.00    105.00    220.00    950.00      0.00     136.4380    3.1125     37.00     91.00    191.00    941.00      0.00       3.1025    0.1331      0.00      0.00      2.00     33.00      0.00
  1.0000   0.2000       11.1885    0.2275      4.00      8.00     15.00    107.00      0.00       3.7445    0.0890      1.00      2.00      5.00     32.00      0.00      17.1875    0.1902     11.00     16.00     22.00     64.00      0.00
  1.0000   0.1800       12.6860    0.2554      5.00      9.00     17.00    102.00      0.00       4.2995    0.1048      1.00      2.00      6.00     38.00      0.00      16.6920    0.1889     11.00     16.00     22.00     53.00      0.00
  1.0000   0.1600       15.6195    0.3442      5.00     11.00     20.00    171.00      0.00       5.5145    0.1391      1.00      3.00      7.00     68.00      0.00      16.6710    0.1981     11.00     16.00     22.00     55.00      0.00
  1.0000   0.1400       19.0695    0.4210      7.00     13.00     26.00    155.00      0.00       6.7250    0.1556      2.00      4.00      9.00     58.00      0.00      15.8570    0.1973     10.00     15.00     21.00     53.00      0.00
  1.0000   0.1200       23.6520    0.5263      8.00     16.00     31.00    204.00      0.00       8.7970    0.2066      2.00      6.00     12.00     78.00      0.00      15.7935    0.2055     10.00     15.00     21.00     54.00      0.00
  1.0000   0.1000       31.0660    0.7078     10.00     22.00     42.00    609.00      0.00      11.6395    0.2704      3.00      8.00     17.00    126.00      0.00      15.0450    0.1980     10.00     14.00     21.00     49.00      0.00
  1.0000   0.0800       43.1600    0.9677     13.00     30.00     59.00    384.00      0.00      18.1865    0.4466      4.00     13.00     25.00    195.00      0.00      13.5975    0.2181      6.00     13.00     20.00     59.00      0.00
  1.0000   0.0600       66.2145    1.4714     19.00     46.00     91.00    491.00      0.00      35.1470    0.8551      9.00     24.00     47.00    378.00      0.00      11.9230    0.2216      1.00     12.00     19.00     50.00      0.00
  1.0000   0.0400      110.3535    2.5042     30.00     76.00    152.00    873.00      0.00      72.8055    1.6474     20.00     51.00    104.00    638.00      0.00       8.6270    0.2195      0.00      4.00     15.00     49.00      0.00
  1.0000   0.0200      159.3325    3.4868     45.00    116.00    225.00   1231.00      0.00     134.6055    2.9916     38.00     95.00    190.00   1231.00      0.00       3.6425    0.1701      0.00      0.00      2.00     46.00      0.00
  0.8000   0.2000       14.4735    0.3105      6.00     10.00     19.00    137.00      0.00       3.6735    0.0920      1.00      2.00      4.00     34.00      0.00      22.6430    0.2781     14.00     21.00     30.00     87.00      0.00
  0.8000   0.1800       16.9895    0.3703      6.00     12.00     22.00    192.00      0.00       4.3925    0.1063      1.00      2.00      6.00     31.00      0.00      23.0330    0.2875     14.00     22.00     30.00     79.00      0.00
  0.8000   0.1600       19.7485    0.4205      7.00     14.00     26.00    154.00      0.00       5.2375    0.1328      1.00      3.00      7.00     58.00      0.00      22.6330    0.3007     13.00     21.00     30.00     82.00      0.00
  0.8000   0.1400       24.2585    0.5516      8.00     17.00     32.00    426.00      0.00       6.4490    0.1569      1.00      4.00      9.00     89.00      0.00      21.5440    0.2873     13.00     21.00     29.00     85.00      0.00
  0.8000   0.1200       29.9420    0.7304      9.00     20.00     39.00    471.00      0.00       8.1690    0.1874      2.00      5.00     12.00     83.00      0.00      20.8215    0.2968     12.00     20.00     29.00     95.00      0.00
  0.8000   0.1000       40.4705    0.8911     12.00     28.00     55.00    281.00      0.00      12.4460    0.3065      3.00      8.00     18.00    156.00      0.00      19.9375    0.2994     11.00     19.00     28.00     85.00      0.00
  0.8000   0.0800       52.4170    1.1809     16.00     35.00     72.00    541.00      0.00      18.6450    0.4522      5.00     13.00     25.00    196.00      0.00      18.1420    0.3121      6.00     17.00     27.00     97.00      0.00
  0.8000   0.0600       79.5485    1.8162     23.00     54.00    105.00    530.00      0.00      35.1125    0.8278      9.00     24.00     49.00    324.00      0.00      14.6015    0.3083      1.00     12.00     24.00     81.00      0.00
  0.8000   0.0400      121.5865    2.6472     38.00     84.00    171.00    862.00      0.00      72.9980    1.6649     20.00     49.00    101.00    620.00      0.00      10.0030    0.3020      0.00      2.00     18.00    106.00      0.00
  0.8000   0.0200      172.2535    3.8504     50.00    122.00    235.00   1495.00      0.00     138.1365    3.1135     38.00     97.00    189.00   1039.00      0.00       4.3385    0.2150      0.00      0.00      2.00     74.00      0.00
  0.6000   0.2000       20.5580    0.4199      8.00     15.00     27.00    155.00      0.00       3.6970    0.0927      1.00      2.00      5.00     56.00      0.00      36.2525    0.4923     21.00     33.00     48.00    182.00      0.00
  0.6000   0.1800       24.2995    0.5357      9.00     17.00     32.00    234.00      0.00       4.5065    0.1109      1.00      3.00      6.00     34.00      0.00      35.2470    0.4963     20.00     32.00     48.00    153.00      0.00
  0.6000   0.1600       27.8510    0.6145     10.00     19.00     36.00    231.00      0.00       5.2830    0.1283      1.00      3.00      7.00     57.00      0.00      33.1420    0.5156     17.00     30.00     46.00    186.00      0.00
  0.6000   0.1400       33.8255    0.7522     12.00     23.00     44.00    262.00      0.00       6.7050    0.1544      2.00      4.00     10.00     75.00      0.00      32.1235    0.4952     16.00     29.00     45.00    143.00      0.00
  0.6000   0.1200       41.1990    0.8894     13.00     29.00     55.00    294.00      0.00       8.3485    0.1914      2.00      6.00     12.00     67.00      0.00      31.1720    0.5001     15.00     29.00     44.00    154.00      0.00
  0.6000   0.1000       53.9140    1.1683     16.00     37.00     76.00    393.00      0.00      11.9110    0.2864      3.00      8.00     17.00    125.00      0.00      28.6850    0.4968     10.00     26.00     42.00    138.00      0.00
  0.6000   0.0800       70.2515    1.5825     21.00     47.00     96.00    571.00      0.00      18.8440    0.4745      5.00     13.00     26.00    254.00      0.00      25.2715    0.5119      3.00     22.00     40.00    142.00      0.00
  0.6000   0.0600       98.8175    2.2081     30.00     68.00    133.00   1188.00      0.00      35.9555    0.8546      9.00     25.00     49.00    430.00      0.00      19.7770    0.4997      1.00     12.00     32.00    132.00      0.00
  0.6000   0.0400      134.0230    3.0222     40.00     94.00    183.00   1031.00      0.00      69.3405    1.5939     16.00     46.00     99.00    626.00      0.00      13.1295    0.4430      0.00      2.00     22.00    155.00      0.00
  0.6000   0.0200      181.7540    4.0592     52.00    128.00    251.00   1470.00      0.00     139.4000    3.1960     39.00     97.00    188.00   1287.00      0.00       5.0945    0.2915      0.00      0.00      1.00    111.00      0.00
  0.4000   0.2000       34.1350    0.6906     13.00     24.00     45.00    233.00      0.00       3.8005    0.0918      1.00      2.00      5.00     31.00      0.00      65.4930    1.0861     31.00     57.00     90.00    551.00      0.00
  0.4000   0.1800       38.7175    0.7780     15.00     28.00     50.00    421.00      0.00       4.5045    0.1100      1.00      3.00      6.00     45.00      0.00      64.2430    1.0838     30.00     55.00     89.00    418.00      0.00
  0.4000   0.1600       44.9085    0.9212     17.00     32.00     60.00    333.00      0.00       5.0740    0.1246      1.00      3.00      7.00     39.00      0.00      61.9210    1.0757     26.00     53.00     89.00    315.00      0.00
  0.4000   0.1400       51.5200    1.0925     18.00     37.00     70.00    439.00      0.00       6.6335    0.1685      1.00      4.00      9.00     81.00      0.00      57.6655    1.0684     22.00     49.00     82.00    417.00      0.00
  0.4000   0.1200       65.8250    1.3866     23.00     47.00     90.00    475.00      0.00       8.9170    0.2331      2.00      5.00     12.00    194.00      0.00      55.9920    1.1579     14.00     45.00     82.00    365.00      0.00
  0.4000   0.1000       78.9765    1.7143     27.00     56.00    106.00    646.00      0.00      12.4945    0.2983      3.00      9.00     17.00    156.00      0.00      48.1050    1.1021      6.00     37.00     75.00    337.00      0.00
  0.4000   0.0800      101.0000    2.1277     32.00     73.00    139.00    748.00      0.00      19.8295    0.4899      5.00     13.00     27.00    233.00      0.00      39.8300    1.0010      3.00     24.00     64.00    264.00      0.00
  0.4000   0.0600      127.8805    2.7893     38.00     90.00    178.00    846.00      0.00      36.4700    0.8799      9.00     24.00     51.00    323.00      0.00      27.7450    0.8575      1.00      7.00     44.00    238.00      0.00
  0.4000   0.0400      162.0520    3.5892     49.00    114.00    224.00   1429.00      0.00      72.7540    1.7418     17.00     49.00    102.00    690.00      0.00      17.7015    0.7569      0.00      2.00     18.00    290.00      0.00
  0.4000   0.0200      189.0705    4.1402     53.00    131.00    268.00   1311.00      0.00     133.9920    3.0552     36.00     91.00    187.00   1031.00      0.00       5.7300    0.4458      0.00      0.00      1.00    229.00      0.00
  0.2000   0.2000       97.8545    2.0394     34.00     70.00    132.00    763.00      0.00       3.6865    0.0918      1.00      2.00      5.00     37.00      0.00     168.7655    3.7110     43.00    120.00    247.00   1186.00      0.00
  0.2000   0.1800      105.4190    2.2773     34.00     75.00    144.00    752.00      0.00       4.3270    0.1078      1.00      2.00      6.00     43.00      0.00     148.8110    3.6098     32.00    100.00    212.00   1471.00      0.00
  0.2000   0.1600      119.6135    2.6141     38.00     84.00    162.00   1045.00      0.00       5.4535    0.1343      1.00      3.00      7.00     68.00      0.00     140.1710    3.4564     27.00     92.00    195.00   1292.00      0.00
  0.2000   0.1400      128.6975    2.8093     42.00     92.00    179.00   1361.00      0.00       6.5380    0.1512      1.00      4.00      9.00     60.00      0.00     118.3070    3.0168     18.00     74.00    173.00   1505.00      0.00
  0.2000   0.1200      140.2460    3.0160     41.00     99.00    199.00    974.00      0.00       8.5645    0.2131      2.00      6.00     12.00     93.00      0.00      99.6105    2.8643     10.00     47.00    143.00    921.00      0.00
  0.2000   0.1000      158.7140    3.5812     44.00    110.00    220.00   1251.00      0.00      12.2805    0.2949      3.00      8.00     17.00    115.00      0.00      78.9615    2.3716      6.00     37.00    109.00    794.00      0.00
  0.2000   0.0800      169.5270    3.6745     51.00    120.00    238.00   1070.00      0.00      19.2595    0.4828      4.00     13.00     27.00    237.00      0.00      55.3110    1.9934      3.00     17.00     69.00    833.00      0.00
  0.2000   0.0600      179.3475    3.9947     51.00    124.00    248.00   1287.00      0.00      35.4590    0.8817      9.00     22.00     49.00    441.00      0.00      32.5960    1.4184      1.00      6.00     34.00    661.00      0.00
  0.2000   0.0400      186.1820    4.4435     53.00    128.00    249.00   1960.00      0.00      69.9580    1.7275     17.00     46.00     96.00    802.00      0.00      17.6635    1.1584      0.00      1.00      9.00    817.00      0.00
  0.2000   0.0200      201.0530    4.4995     56.00    137.00    280.00   1308.00      0.00     133.9215    3.0272     38.00     93.00    188.00   1308.00      0.00       4.2625    0.4135      0.00      0.00      1.00    345.00      0.00
