Amp Radius  OC_Mean OC_Std OC_Q1 OC_Med OC_Q3 OC_Max OC_Min  Exp_Mean Exp_Std Exp_Q1 Exp_Med Exp_Q3 Exp_Max Exp_Min  Num_Mean Num_Std Num_Q1 Num_Med Num_Q3 Num_Max Num_Min
  2.0000   0.2000        3.9795    0.0476      2.00      4.00      5.00     16.00      0.00       1.5055    0.0197      1.00      1.00      2.00      7.00      0.00       9.5355    0.1031      6.00     10.00     13.00     28.00      0.00
  2.0000   0.1800        4.4010    0.0519      3.00      4.00      6.00     18.00      0.00       1.6345    0.0225      1.00      1.00      2.00      8.00      0.00       9.4955    0.1016      6.00     10.00     13.00     24.00      0.00
  2.0000   0.1600        4.8745    0.0622      3.00      4.00      6.00     22.00      0.00       1.8560    0.0280      1.00      1.00      2.00     10.00      0.00       9.1170    0.1006      6.00     10.00     12.00     22.00      0.00
  2.0000   0.1400        5.4405    0.0698      3.00      5.00      7.00     25.00      0.00       2.1490    0.0320      1.00      2.00      3.00     12.00      0.00       8.9685    0.0987      6.00     10.00     12.00     22.00      0.00
  2.0000   0.1200        6.5295    0.0916      4.00      6.00      8.00     36.00      0.00       2.6835    0.0449      1.00      2.00      4.00     30.00      0.00       8.6200    0.0950      5.00     10.00     12.00     21.00      0.00
  2.0000   0.1000        7.8000    0.1117      4.00      7.00     10.00     48.00      0.00       3.3545    0.0564      1.00      3.00      5.00     34.00      0.00       8.4435    0.0928      5.00      9.00     12.00     24.00      0.00
  2.0000   0.0800       10.3700    0.1635      5.00      9.00     14.00     57.00      0.00       4.8325    0.0949      2.00      4.00      6.00     51.00      0.00       8.0360    0.0928      4.00      9.00     11.00     19.00      0.00
  2.0000   0.0600       15.5555    0.2899      7.00     12.00     20.00    135.00      0.00       8.2555    0.1744      3.00      6.00     11.00     92.00      0.00       7.6390    0.0925      4.00      8.00     11.00     19.00      0.00
  2.0000   0.0400       32.3995    0.6939     11.00     23.00     43.00    300.00      0.00      21.7530    0.5085      6.00     14.00     30.00    177.00      0.00       6.7630    0.0949      3.00      7.00     10.00     19.00      0.00
  2.0000   0.0200       92.6505    2.1763     26.00     64.00    124.00    959.00      0.00      80.1425    1.9451     21.00     53.00    111.00    876.00      0.00       3.4975    0.0875      0.00      2.00      7.00     18.00      0.00
  1.8000   0.2000        4.4545    0.0539      3.00      4.00      6.00     17.00      0.00       1.4795    0.0189      1.00      1.00      2.00      6.00      0.00      10.4920    0.1075      7.00     11.00     14.00     30.00      0.00
  1.8000   0.1800        4.9610    0.0624      3.00      4.00      6.00     26.00      0.00       1.6370    0.0230      1.00      1.00      2.00      9.00      0.00      10.2780    0.1060      7.00     11.00     14.00     26.00      0.00
  1.8000   0.1600        5.5275    0.0666      3.00      5.00      7.00     26.00      0.00       1.8655    0.0269      1.00      1.00      2.00     10.00      0.00      10.0535    0.1007      7.00     11.00     13.00     25.00      0.00
  1.8000   0.1400        6.3900    0.0846      4.00      6.00      8.00     36.00      0.00       2.1735    0.0334      1.00      2.00      3.00     14.00      0.00       9.7630    0.1007      7.00     11.00     13.00     27.00      0.00
  1.8000   0.1200        7.3270    0.1025      4.00      6.00      9.00     51.00      0.00       2.6200    0.0431      1.00      2.00      3.00     28.00      0.00       9.5655    0.0978      6.00     10.00     13.00     24.00      0.00
  1.8000   0.1000        8.9990    0.1358      5.00      8.00     12.00     62.00      0.00       3.3930    0.0619      1.00      3.00      5.00     39.00      0.00       9.0010    0.0980      6.00     10.00     12.00     24.00      0.00
  1.8000   0.0800       12.2530    0.2049      6.00     10.00     16.00    118.00      0.00       4.8795    0.0920      2.00      4.00      7.00     63.00      0.00       8.6425    0.0954      6.00     10.00     12.00     21.00      0.00
  1.8000   0.0600       18.0785    0.3386      8.00     14.00     23.00    155.00      0.00       8.2995    0.1776      3.00      6.00     11.00     78.00      0.00       8.0930    0.0942      4.00      9.00     11.00     22.00      0.00
  1.8000   0.0400       36.2095    0.7743     13.00     27.00     49.00    474.00      0.00      21.7685    0.5100      6.00     14.00     30.00    236.00      0.00       7.0945    0.0987      3.00      8.00     11.00     22.00      0.00
  1.8000   0.0200       99.9760    2.1992     28.00     68.00    144.00    642.00      0.00      79.8955    1.8318     21.00     54.00    113.00    600.00      0.00       3.8255    0.0938      0.00      2.00      7.00     20.00      0.00
  1.6000   0.2000        5.1625    0.0667      3.00      5.00      7.00     35.00      0.00       1.4520    0.0186      1.00      1.00      2.00      8.00      0.00      11.8645    0.1155      8.00     12.00     15.00     29.00      0.00
  1.6000   0.1800        5.7500    0.0740      3.00      5.00      7.00     29.00      0.00       1.6400    0.0217      1.00      1.00      2.00      8.00      0.00      11.5975    0.1121      8.00     12.00     15.00     33.00      0.00
  1.6000   0.1600        6.4560    0.0857      4.00      6.00      8.00     34.00      0.00       1.8575    0.0280      1.00      1.00      2.00     14.00      0.00      11.1435    0.1101      8.00     12.00     14.00     29.00      0.00
  1.6000   0.1400        7.4665    0.1031      4.00      7.00     10.00     42.00      0.00       2.1600    0.0331      1.00      2.00      3.00     11.00      0.00      11.0230    0.1081      8.00     12.00     14.00     29.00      0.00
  1.6000   0.1200        8.6725    0.1250      5.00      7.00     11.00     40.00      0.00       2.6810    0.0441      1.00      2.00      4.00     15.00      0.00      10.2940    0.1073      7.00     11.00     13.00     27.00      0.00
  1.6000   0.1000       10.9350    0.1797      6.00      9.00     14.00    108.00      0.00       3.3710    0.0604      1.00      3.00      5.00     46.00      0.00      10.1785    0.1042      7.00     11.00     13.00     30.00      0.00
  1.6000   0.0800       13.9395    0.2251      7.00     12.00     19.00     92.00      0.00       4.7690    0.0877      2.00      4.00      7.00     43.00      0.00       9.3900    0.1005      6.00     10.00     12.00     24.00      0.00
  1.6000   0.0600       21.0390    0.4080      9.00     16.00     27.00    211.00      0.00       8.1105    0.1740      3.00      6.00     11.00    123.00      0.00       8.8365    0.1015      6.00     10.00     12.00     24.00      0.00
  1.6000   0.0400       39.7460    0.8045     14.00     29.00     54.00    316.00      0.00      21.6135    0.5203      6.00     14.00     29.00    248.00      0.00       7.7410    0.1092      3.00      9.00     11.00     24.00      0.00
  1.6000   0.0200      104.9335    2.2410     31.00     75.00    148.00    873.00      0.00      78.6525    1.8068     20.00     52.00    112.00    655.00      0.00       4.3105    0.1051      0.00      2.00      8.00     21.00      0.00
  1.4000   0.2000        6.3880    0.0850      4.00      6.00      8.00     31.00      0.00       1.4925    0.0191      1.00      1.00      2.00      7.00      0.00      13.5050    0.1292     10.00     13.00     17.00     34.00      0.00
  1.4000   0.1800        6.9175    0.0932      4.00      6.00      9.00     32.00      0.00       1.6395    0.0230      1.00      1.00      2.00      8.00      0.00      13.0580    0.1314     10.00     13.00     17.00     41.00      0.00
  1.4000   0.1600        7.9860    0.1086      4.00      7.00     10.00     34.00      0.00       1.8745    0.0272      1.00      1.00      2.00      8.00      0.00      12.7040    0.1299      9.00     13.00     16.00     43.00      0.00
  1.4000   0.1400        8.8685    0.1269      5.00      8.00     11.00     46.00      0.00       2.1625    0.0329      1.00      2.00      3.00     10.00      0.00      12.0790    0.1209      9.00     12.00     15.00     34.00      0.00
  1.4000   0.1200       10.9755    0.1674      6.00      9.00     14.00     66.00      0.00       2.6800    0.0417      1.00      2.00      4.00     13.00      0.00      11.9845    0.1176      9.00     12.00     15.00     37.00      0.00
  1.4000   0.1000       12.9965    0.2033      7.00     11.00     17.00     77.00      0.00       3.3855    0.0579      1.00      3.00      4.00     35.00      0.00      11.2380    0.1141      8.00     12.00     14.00     29.00      0.00
  1.4000   0.0800       17.6515    0.3051      8.00     14.00     23.00    109.00      0.00       4.8135    0.0911      2.00      4.00      6.00     48.00      0.00      10.6970    0.1160      7.00     11.00     14.00     34.00      0.00
  1.4000   0.0600       24.9605    0.4767     11.00     19.00     33.00    177.00      0.00       8.0245    0.1684      3.00      6.00     11.00     81.00      0.00       9.9065    0.1157      6.00     11.00     13.00     31.00      0.00
  1.4000   0.0400       48.7425    0.9954     18.00     35.00     65.00    348.00      0.00      22.7745    0.5653      6.00     14.00     30.00    279.00      0.00       8.3460    0.1226      3.00      9.00     12.00     26.00      0.00
  1.4000   0.0200      110.8000    2.4538     34.00     79.00    148.00   1141.00      0.00      77.5415    1.7584     21.00     55.00    108.00    682.00      0.00       4.3235    0.1173      0.00      1.00      9.00     24.00      0.00
  1.2000   0.2000        7.8180    0.1027      5.00      7.00     10.00     31.00      0.00       1.4580    0.0184      1.00      1.00      2.00      8.00      0.00      16.1620    0.1598     12.00     16.00     20.00     45.00      0.00
  1.2000   0.1800        8.7535    0.1272      5.00      7.00     11.00     50.00      0.00       1.6495    0.0231      1.00      1.00      2.00     10.00      0.00      15.5870    0.1609     11.00     15.00     20.00     47.00      0.00
  1.2000   0.1600        9.6720    0.1430      5.00      8.00     12.00     49.00      0.00       1.8495    0.0273      1.00      1.00      2.00     10.00      0.00      14.8420    0.1530     11.00     14.00     19.00     56.00      0.00
  1.2000   0.1400       11.4450    0.1780      6.00     10.00     15.00     87.00      0.00       2.1540    0.0336      1.00      2.00      3.00     11.00      0.00      14.3960    0.1461     11.00     14.00     18.00     42.00      0.00
  1.2000   0.1200       13.7940    0.2246      7.00     11.00     18.00     75.00      0.00       2.6295    0.0430      1.00      2.00      3.00     13.00      0.00      14.1285    0.1458     10.00     14.00     18.00     47.00      0.00
  1.2000   0.1000       16.7075    0.2824      8.00     14.00     22.00    115.00      0.00       3.3220    0.0565      1.00      3.00      4.00     38.00      0.00      13.2730    0.1457     10.00     13.00     17.00     48.00      0.00
  1.2000   0.0800       22.1515    0.3916     10.00     17.00     29.00    147.00      0.00       4.8230    0.0898      2.00      4.00      6.00     45.00      0.00      12.5695    0.1424      9.00     13.00     16.00     38.00      0.00
  1.2000   0.0600       33.3825    0.6243     14.00     25.00     46.00    238.00      0.00       8.6170    0.1849      3.00      7.00     11.00    108.00      0.00      11.3795    0.1430      7.00     12.00     15.00     48.00      0.00
  1.2000   0.0400       58.4350    1.2444     21.00     40.00     79.00    439.00      0.00      22.2620    0.5339      6.00     14.00     30.00    223.00      0.00       9.4720    0.1467      3.00     10.00     14.00     41.00      0.00
  1.2000   0.0200      125.5005    2.8313     36.00     83.00    173.00   1161.00      0.00      76.8305    1.8108     21.00     51.00    104.00    683.00      0.00       4.6325    0.1378      0.00      1.00      9.00     35.00      0.00
  1.0000   0.2000       10.4730    0.1533      6.00      9.00     14.00     53.00      0.00       1.4630    0.0192      1.00      1.00      2.00      8.00      0.00      20.2065    0.2248     14.00     19.00     26.00     81.00      0.00
  1.0000   0.1800       11.6425    0.1744      6.00     10.00     15.00     76.00      0.00       1.6445    0.0236      1.00      1.00      2.00      9.00      0.00      19.4510    0.2182     13.00     18.00     25.00     76.00      0.00
  1.0000   0.1600       13.1115    0.2072      7.00     11.00     17.00    103.00      0.00       1.9000    0.0284      1.00      1.00      2.00     10.00      0.00      18.5250    0.2143     13.00     17.00     24.00     69.00      0.00
  1.0000   0.1400       15.6485    0.2557      8.00     13.00     21.00    148.00      0.00       2.1650    0.0342      1.00      2.00      3.00     12.00      0.00      18.4320    0.2028     13.00     17.00     24.00     64.00      0.00
  1.0000   0.1200       18.1320    0.2920      9.00     15.00     24.00     97.00      0.00       2.5360    0.0416      1.00      2.00      3.00     14.00      0.00      17.0895    0.1999     12.00     16.00     22.00     69.00      0.00
  1.0000   0.1000       22.9400    0.3980     11.00     18.00     30.00    140.00      0.00       3.3650    0.0573      1.00      3.00      5.00     25.00      0.00      16.2080    0.1968     11.00     15.00     21.00     61.00      0.00
  1.0000   0.0800       31.0190    0.5715     12.00     24.00     42.00    186.00      0.00       4.7780    0.0903      2.00      4.00      6.00     52.00      0.00      15.4870    0.1940     10.00     15.00     20.00     56.00      0.00
  1.0000   0.0600       43.7115    0.8798     16.00     32.00     59.00    336.00      0.00       8.2240    0.1784      3.00      6.00     11.00     76.00      0.00      13.2690    0.1874      8.00     13.00     18.00     52.00      0.00
  1.0000   0.0400       76.3875    1.6400     26.00     54.00    101.00    587.00      0.00      22.3995    0.5768      7.00     14.00     30.00    467.00      0.00      11.3440    0.1971      3.00     11.00     17.00     53.00      0.00
  1.0000   0.0200      140.5505    3.1287     43.00     98.00    196.00   1300.00      0.00      80.1165    1.8579     20.00     55.00    113.00    752.00      0.00       4.9980    0.1610      0.00      1.00      9.00     50.00      0.00
  0.8000   0.2000       15.1345    0.2346      7.00     13.00     20.00     80.00      0.00       1.4855    0.0189      1.00      1.00      2.00      7.00      0.00      27.3690    0.3551     16.00     24.00     36.00    107.00      0.00
  0.8000   0.1800       16.9135    0.2684      9.00     14.00     22.00    126.00      0.00       1.6140    0.0227      1.00      1.00      2.00     10.00      0.00      26.6570    0.3482     16.00     24.00     35.00    124.00      0.00
  0.8000   0.1600       19.7485    0.3337     10.00     17.00     25.00    161.00      0.00       1.8425    0.0270      1.00      1.00      2.00     11.00      0.00      25.9900    0.3422     16.00     23.00     34.00    117.00      0.00
  0.8000   0.1400       22.8740    0.4110     10.00     18.00     30.00    234.00      0.00       2.1920    0.0350      1.00      2.00      3.00     15.00      0.00      24.5005    0.3310     15.00     22.00     32.00    115.00      0.00
  0.8000   0.1200       27.2820    0.4773     13.00     22.00     36.00    271.00      0.00       2.6515    0.0413      1.00      2.00      4.00     11.00      0.00      23.5200    0.3284     14.00     21.00     31.00    109.00      0.00
  0.8000   0.1000       34.5175    0.6709     15.00     26.00     46.00    328.00      0.00       3.3715    0.0547      1.00      3.00      5.00     19.00      0.00      22.0340    0.3176     13.00     20.00     29.00    118.00      0.00
  0.8000   0.0800       46.7560    0.9166     19.00     36.00     61.00    300.00      0.00       4.8895    0.0962      2.00      4.00      7.00     71.00      0.00      20.2625    0.3027     11.00     18.00     27.00    114.00      0.00
  0.8000   0.0600       67.8365    1.4135     24.00     49.00     92.00    634.00      0.00       8.1290    0.1692      3.00      6.00     11.00     65.00      0.00      17.6195    0.2958      8.00     16.00     24.00     84.00      0.00
  0.8000   0.0400      100.5140    2.1844     33.00     71.00    135.00   1018.00      0.00      21.8470    0.5298      6.00     14.00     29.00    202.00      0.00      13.6415    0.2782      3.00     12.00     21.00     83.00      0.00
  0.8000   0.0200      166.8570    3.6743     48.00    119.00    233.00   1420.00      0.00      81.0095    1.8015     20.00     55.00    118.00    510.00      0.00       5.4075    0.2017      0.00      1.00      6.00     58.00      0.00
  0.6000   0.2000       27.2090    0.4700     12.00     22.00     36.00    171.00      0.00       1.4780    0.0193      1.00      1.00      2.00      9.00      0.00      44.1145    0.6370     23.00     38.00     59.00    199.00      0.00
  0.6000   0.1800       30.7015    0.5483     13.00     25.00     40.00    210.00      0.00       1.6775    0.0231      1.00      1.00      2.00      9.00      0.00      43.6595    0.6949     22.00     37.00     59.00    240.00      0.00
  0.6000   0.1600       35.1290    0.6304     16.00     27.00     47.00    241.00      0.00       1.8500    0.0269      1.00      1.00      2.00     10.00      0.00      40.7375    0.6065     22.00     35.00     55.00    193.00      0.00
  0.6000   0.1400       40.1920    0.7634     17.00     31.00     53.00    303.00      0.00       2.1625    0.0336      1.00      2.00      3.00     11.00      0.00      38.0150    0.6237     19.00     32.00     51.00    256.00      0.00
  0.6000   0.1200       46.3550    0.9558     18.00     34.00     62.00    431.00      0.00       2.5000    0.0401      1.00      2.00      3.00     21.00      0.00      34.4760    0.5640     17.00     29.00     46.00    189.00      0.00
  0.6000   0.1000       62.6570    1.2484     23.00     46.00     87.00    393.00      0.00       3.3525    0.0583      1.00      3.00      5.00     23.00      0.00      33.9100    0.5962     15.00     28.00     46.00    206.00      0.00
  0.6000   0.0800       77.6935    1.5759     29.00     56.00    103.00    672.00      0.00       4.7820    0.0877      2.00      4.00      7.00     40.00      0.00      28.4540    0.5157     11.00     24.00     40.00    183.00      0.00
  0.6000   0.0600      104.3230    2.2554     33.00     73.00    143.00    867.00      0.00       8.1115    0.1691      3.00      6.00     11.00     84.00      0.00      22.9190    0.4714      7.00     17.00     34.00    176.00      0.00
  0.6000   0.0400      142.5525    3.0501     45.00    102.00    199.00   1003.00      0.00      21.5955    0.4983      6.00     14.00     29.00    235.00      0.00      14.7355    0.3948      2.00      9.00     21.00    176.00      0.00
  0.6000   0.0200      184.5945    4.0127     54.00    133.00    255.00   1253.00      0.00      81.6640    1.9620     19.00     53.00    116.00    775.00      0.00       5.0620    0.2307      0.00      1.00      5.00    105.00      0.00
  0.4000   0.2000       65.4985    1.3672     24.00     48.00     86.00    611.00      0.00       1.4490    0.0186      1.00      1.00      2.00      9.00      0.00      93.2650    1.9108     37.00     69.00    124.00    937.00      0.00
  0.4000   0.1800       73.5555    1.6064     25.00     51.00     97.00    616.00      0.00       1.6510    0.0243      1.00      1.00      2.00     10.00      0.00      86.9445    1.7806     33.00     64.00    114.00    781.00      0.00
  0.4000   0.1600       80.4515    1.6642     29.00     59.00    106.00    705.00      0.00       1.8490    0.0278      1.00      1.00      2.00     10.00      0.00      76.2235    1.4769     29.00     58.00    106.00    427.00      0.00
  0.4000   0.1400       91.1840    1.9800     29.00     64.00    124.00    995.00      0.00       2.1855    0.0330      1.00      2.00      3.00     11.00      0.00      69.3740    1.4250     25.00     54.00     95.00    713.00      0.00
  0.4000   0.1200      103.3840    2.1846     34.00     75.00    140.00    746.00      0.00       2.6540    0.0441      1.00      2.00      4.00     23.00      0.00      59.1245    1.2145     20.00     45.00     82.00    423.00      0.00
  0.4000   0.1000      121.4920    2.6721     37.00     85.00    167.00   1023.00      0.00       3.4155    0.0606      1.00      3.00      5.00     34.00      0.00      50.1790    1.0694     15.00     36.00     69.00    363.00      0.00
  0.4000   0.0800      141.4730    3.1984     40.00     97.00    194.00   1067.00      0.00       4.7760    0.0915      2.00      4.00      7.00     63.00      0.00      39.0375    0.8841     11.00     27.00     55.00    289.00      0.00
  0.4000   0.0600      158.4845    3.5828     45.00    105.00    221.00   1368.00      0.00       7.6990    0.1571      3.00      6.00     10.00     72.00      0.00      25.5790    0.6112      5.00     17.00     36.00    254.00      0.00
  0.4000   0.0400      182.8020    4.1638     54.00    129.00    251.00   1548.00      0.00      21.6570    0.5040      6.00     14.00     29.00    162.00      0.00      13.0350    0.3770      2.00      7.00     17.00    134.00      0.00
  0.4000   0.0200      198.9645    4.5066     59.00    132.00    277.00   1502.00      0.00      79.3965    1.8589     20.00     56.00    110.00    882.00      0.00       3.8045    0.1761      0.00      1.00      4.00     80.00      0.00
  0.2000   0.2000      158.9215    3.6907     45.00    110.00    220.00   1491.00      0.00       1.5140    0.0195      1.00      1.00      2.00      7.00      0.00     180.9455    4.1794     51.00    125.00    249.00   1665.00      0.00
  0.2000   0.1800      167.0540    3.7848     51.00    116.00    230.00   1346.00      0.00       1.6245    0.0215      1.00      1.00      2.00      8.00      0.00     159.6090    3.6854     45.00    111.00    222.00   1405.00      0.00
  0.2000   0.1600      174.4345    3.8605     51.00    123.00    247.00   1398.00      0.00       1.8180    0.0265      1.00      1.00      2.00     10.00      0.00     132.3240    3.0077     37.00     90.00    181.00   1153.00      0.00
  0.2000   0.1400      179.2490    3.9664     52.00    124.00    255.00   1606.00      0.00       2.1680    0.0334      1.00      2.00      3.00     12.00      0.00     106.6165    2.4773     32.00     72.00    143.00   1130.00      0.00
  0.2000   0.1200      185.1755    4.1954     54.00    129.00    253.00   1528.00      0.00       2.6895    0.0421      1.00      2.00      4.00     12.00      0.00      83.3890    1.9586     23.00     56.00    115.00    650.00      0.00
  0.2000   0.1000      186.4950    3.9729     58.00    133.00    259.00   1179.00      0.00       3.4245    0.0604      1.00      3.00      5.00     34.00      0.00      59.7955    1.3263     17.00     41.00     84.00    407.00      0.00
  0.2000   0.0800      190.7895    4.3233     54.00    134.00    261.00   1611.00      0.00       4.7175    0.0824      2.00      4.00      6.00     30.00      0.00      40.0175    0.9645     10.00     27.00     54.00    309.00      0.00
  0.2000   0.0600      198.4940    4.3340     59.00    141.00    269.00   1479.00      0.00       8.1180    0.1656      3.00      6.00     11.00     91.00      0.00      23.8830    0.5769      6.00     15.00     34.00    208.00      0.00
  0.2000   0.0400      200.5740    4.4823     60.00    141.00    272.00   1761.00      0.00      22.1695    0.5217      6.00     15.00     30.00    184.00      0.00      10.8555    0.2940      2.00      6.00     15.00    137.00      0.00
  0.2000   0.0200      202.5390    4.4348     58.00    144.00    284.00   1765.00      0.00      80.9940    1.8863     22.00     54.00    112.00    847.00      0.00       2.8890    0.1166      0.00      1.00      4.00     98.00      0.00
