Amp Radius  OC_Mean OC_Std OC_Q1 OC_Med OC_Q3 OC_Max OC_Min  Exp_Mean Exp_Std Exp_Q1 Exp_Med Exp_Q3 Exp_Max Exp_Min  Num_Mean Num_Std Num_Q1 Num_Med Num_Q3 Num_Max Num_Min
  2.0000   0.2000        4.6810    0.0841      2.00      3.00      6.00     41.00      0.00       2.5045    0.0592      1.00      1.00      3.00     30.00      0.00       9.1445    0.0774      7.00     10.00     11.00     23.00      0.00
  2.0000   0.1800        5.1955    0.1063      3.00      4.00      6.00    108.00      0.00       2.8935    0.0876      1.00      2.00      4.00    107.00      0.00       8.9175    0.0759      7.00     10.00     11.00     20.00      0.00
  2.0000   0.1600        6.0750    0.1208      3.00      4.00      8.00     66.00      0.00       3.6075    0.0983      1.00      2.00      4.00     65.00      0.00       8.6945    0.0767      7.00     10.00     11.00     23.00      0.00
  2.0000   0.1400        7.8725    0.2055      3.00      5.00      9.00    186.00      0.00       5.1160    0.1667      1.00      3.00      6.00    105.00      0.00       8.5120    0.0757      7.00      9.00     11.00     20.00      0.00
  2.0000   0.1200       10.2085    0.2586      4.00      7.00     12.00    127.00      0.00       7.0805    0.2247      1.00      4.00      8.00    109.00      0.00       8.3300    0.0766      6.00      9.00     11.00     21.00      0.00
  2.0000   0.1000       14.5105    0.4023      4.00      8.00     18.00    173.00      0.00      11.0440    0.3737      2.00      5.00     13.00    170.00      0.00       7.9160    0.0814      6.00      9.00     10.00     20.00      0.00
  2.0000   0.0800       25.2540    0.6812      6.00     14.00     33.00    358.00      0.00      21.2090    0.6302      3.00     10.00     28.00    281.00      0.00       7.4210    0.0871      5.00      8.00     10.00     20.00      0.00
  2.0000   0.0600       47.0030    1.2044     10.00     28.00     64.00    423.00      0.00      42.3035    1.1362      7.00     25.00     59.00    422.00      0.00       6.3590    0.0962      1.00      7.00     10.00     19.00      0.00
  2.0000   0.0400       84.4045    1.9354     19.00     55.00    123.00    571.00      0.00      77.6930    1.8268     16.00     51.00    111.00    570.00      0.00       4.6235    0.0991      0.00      5.00      9.00     17.00      0.00
  2.0000   0.0200      144.1355    3.2420     40.00    102.00    192.00   1235.00      0.00     138.0920    3.1113     37.00     98.00    185.00   1234.00      0.00       2.0190    0.0776      0.00      0.00      4.00     19.00      0.00
  1.8000   0.2000        4.9165    0.0873      2.00      4.00      6.00     38.00      0.00       2.4580    0.0637      1.00      1.00      3.00     35.00      0.00       9.7790    0.0843      7.00     10.00     12.00     27.00      0.00
  1.8000   0.1800        5.7760    0.1173      3.00      4.00      7.00     65.00      0.00       2.9585    0.0876      1.00      2.00      3.00     64.00      0.00       9.4980    0.0792      7.00     10.00     11.00     28.00      0.00
  1.8000   0.1600        6.8410    0.1394      3.00      5.00      8.00     75.00      0.00       3.6480    0.0949      1.00      2.00      5.00     39.00      0.00       9.3250    0.0802      7.00     10.00     11.00     25.00      0.00
  1.8000   0.1400        7.8955    0.1712      3.00      6.00     10.00     89.00      0.00       4.6180    0.1367      1.00      3.00      6.00     74.00      0.00       9.0190    0.0802      7.00     10.00     11.00     25.00      0.00
  1.8000   0.1200       10.9535    0.2781      4.00      7.00     13.00    137.00      0.00       7.2055    0.2434      1.00      4.00      8.00    133.00      0.00       8.7835    0.0795      7.00     10.00     11.00     22.00      0.00
  1.8000   0.1000       16.2670    0.4537      5.00      9.00     19.00    180.00      0.00      11.8125    0.4094      2.00      6.00     14.00    178.00      0.00       8.4420    0.0852      6.00      9.00     11.00     21.00      0.00
  1.8000   0.0800       25.7945    0.6697      6.00     15.00     35.00    274.00      0.00      20.7675    0.6042      3.00     10.00     28.00    248.00      0.00       7.8550    0.0935      6.00      9.00     11.00     23.00      0.00
  1.8000   0.0600       48.9200    1.2225     11.00     28.00     68.00    469.00      0.00      42.1105    1.1147      8.00     24.00     59.00    377.00      0.00       6.6770    0.1004      2.00      7.00     10.00     21.00      0.00
  1.8000   0.0400       84.3945    2.0270     20.00     55.00    119.00    716.00      0.00      77.1050    1.9106     17.00     50.00    109.00    716.00      0.00       4.9625    0.1058      0.00      6.00      9.00     20.00      0.00
  1.8000   0.0200      151.3890    3.5437     41.00    104.00    210.00   1979.00      0.00     145.5650    3.4354     39.00    100.00    203.00   1976.00      0.00       2.1745    0.0845      0.00      0.00      4.00     18.00      0.00
  1.6000   0.2000        5.6945    0.1029      3.00      4.00      7.00     54.00      0.00       2.5320    0.0615      1.00      1.00      3.00     38.00      0.00      10.5855    0.0919      8.00     11.00     13.00     29.00      0.00
  1.6000   0.1800        6.2680    0.1153      3.00      5.00      8.00     45.00      0.00       2.8585    0.0707      1.00      2.00      4.00     38.00      0.00      10.3910    0.0899      8.00     10.00     13.00     28.00      0.00
  1.6000   0.1600        7.1585    0.1373      3.00      5.00      9.00     74.00      0.00       3.4465    0.0987      1.00      2.00      4.00     72.00      0.00      10.0795    0.0916      8.00     10.00     12.00     27.00      0.00
  1.6000   0.1400        9.5260    0.2308      4.00      6.00     12.00    101.00      0.00       5.1500    0.1793      1.00      3.00      6.00     99.00      0.00       9.8510    0.0918      7.00     10.00     12.00     24.00      0.00
  1.6000   0.1200       12.2460    0.2990      4.00      8.00     15.00    134.00      0.00       7.6570    0.2625      1.00      4.00      9.00    133.00      0.00       9.6100    0.0892      7.00     10.00     12.00     26.00      0.00
  1.6000   0.1000       17.6280    0.4695      5.00     11.00     22.00    258.00      0.00      11.7700    0.3928      2.00      6.00     14.00    257.00      0.00       9.0975    0.0934      7.00     10.00     11.00     26.00      0.00
  1.6000   0.0800       28.1690    0.7215      7.00     17.00     37.00    319.00      0.00      21.2700    0.6588      4.00     10.00     27.00    317.00      0.00       8.5290    0.1027      6.00      9.00     11.00     27.00      0.00
  1.6000   0.0600       48.8165    1.1690     11.00     32.00     68.00    460.00      0.00      40.5580    1.0726      7.00     24.00     56.00    460.00      0.00       7.3610    0.1143      2.00      8.00     11.00     26.00      0.00
  1.6000   0.0400       86.6900    2.0192     21.00     60.00    122.00    730.00      0.00      76.3585    1.8317     17.00     51.00    108.00    605.00      0.00       5.3705    0.1181      0.00      6.00     10.00     24.00      0.00
  1.6000   0.0200      152.2040    3.4638     42.00    102.00    212.00   1149.00      0.00     144.5500    3.3197     38.00     96.00    202.00   1149.00      0.00       2.4710    0.0971      0.00      0.00      5.00     22.00      0.00
  1.4000   0.2000        6.3250    0.1166      3.00      5.00      8.00     73.00      0.00       2.5975    0.0642      1.00      1.00      3.00     40.00      0.00      11.7825    0.1082      9.00     11.00     14.00     36.00      0.00
  1.4000   0.1800        7.0670    0.1401      3.00      5.00      9.00     59.00      0.00       2.8540    0.0751      1.00      2.00      3.00     49.00      0.00      11.5945    0.1110      9.00     11.00     14.00     35.00      0.00
  1.4000   0.1600        8.5555    0.1751      4.00      6.00     11.00    109.00      0.00       3.5250    0.0973      1.00      2.00      4.00     50.00      0.00      11.3225    0.1031      9.00     11.00     14.00     31.00      0.00
  1.4000   0.1400       10.2890    0.2243      4.00      7.00     13.00    156.00      0.00       4.9665    0.1572      1.00      3.00      6.00    111.00      0.00      10.8090    0.1103      8.00     11.00     13.00     29.00      0.00
  1.4000   0.1200       13.6195    0.3176      5.00      9.00     17.00    129.00      0.00       7.1670    0.2348      1.00      4.00      8.00    105.00      0.00      10.6985    0.1092      8.00     11.00     13.00     36.00      0.00
  1.4000   0.1000       19.0935    0.4419      6.00     13.00     25.00    166.00      0.00      11.5235    0.3598      2.00      6.00     14.00    166.00      0.00      10.3705    0.1151      8.00     11.00     13.00     35.00      0.00
  1.4000   0.0800       31.9670    0.7809      8.00     20.00     44.00    353.00      0.00      22.3985    0.6457      3.00     11.00     31.00    285.00      0.00       9.3575    0.1223      6.00     10.00     12.00     30.00      0.00
  1.4000   0.0600       50.9810    1.2269     12.00     33.00     71.00    508.00      0.00      40.2830    1.0653      7.00     24.00     56.00    424.00      0.00       8.0680    0.1310      1.00      9.00     12.00     31.00      0.00
  1.4000   0.0400       91.9845    2.1239     24.00     62.00    127.00    719.00      0.00      79.1575    1.8991     18.00     53.00    113.00    610.00      0.00       5.9220    0.1351      0.00      6.00     11.00     28.00      0.00
  1.4000   0.0200      151.2650    3.4406     42.00    103.00    215.00   1169.00      0.00     140.4530    3.2619     38.00     93.00    201.00   1169.00      0.00       2.8345    0.1124      0.00      0.00      5.00     26.00      0.00
  1.2000   0.2000        7.3170    0.1357      3.00      6.00      9.00     77.00      0.00       2.4410    0.0613      1.00      1.00      3.00     44.00      0.00      13.9460    0.1377     10.00     13.00     18.00     42.00      0.00
  1.2000   0.1800        8.6065    0.1591      4.00      7.00     11.00     71.00      0.00       2.9065    0.0721      1.00      2.00      4.00     34.00      0.00      13.8760    0.1369     10.00     13.00     17.00     39.00      0.00
  1.2000   0.1600        9.9520    0.2048      4.00      7.00     13.00    100.00      0.00       3.6820    0.1088      1.00      2.00      5.00     61.00      0.00      13.3810    0.1366     10.00     13.00     17.00     44.00      0.00
  1.2000   0.1400       11.9350    0.2503      5.00      8.00     15.00    131.00      0.00       4.5690    0.1447      1.00      3.00      5.00    128.00      0.00      13.0405    0.1393     10.00     12.00     17.00     39.00      0.00
  1.2000   0.1200       15.0750    0.3408      5.00     11.00     19.00    196.00      0.00       6.4415    0.2091      1.00      3.00      8.00    155.00      0.00      12.5725    0.1393      9.00     12.00     16.00     52.00      0.00
  1.2000   0.1000       22.5530    0.5440      7.00     14.00     29.00    203.00      0.00      11.7465    0.3873      2.00      6.00     14.00    168.00      0.00      12.0715    0.1427      9.00     12.00     16.00     40.00      0.00
  1.2000   0.0800       34.5205    0.8272      9.00     22.00     47.00    292.00      0.00      21.4585    0.6193      4.00     11.00     28.00    213.00      0.00      11.0520    0.1537      7.00     11.00     15.00     41.00      0.00
  1.2000   0.0600       58.4375    1.4109     15.00     37.00     79.00    530.00      0.00      40.9090    1.0960      7.00     24.00     56.00    460.00      0.00       9.7545    0.1626      2.00     10.00     14.00     35.00      0.00
  1.2000   0.0400       96.0830    2.2233     25.00     64.00    133.00    975.00      0.00      77.2895    1.8591     17.00     52.00    111.00    975.00      0.00       7.2710    0.1670      0.00      7.00     13.00     35.00      0.00
  1.2000   0.0200      157.3135    3.5170     47.00    108.00    216.00   1391.00      0.00     143.6795    3.2358     41.00     98.00    198.00   1391.00      0.00       2.8985    0.1290      0.00      0.00      2.00     33.00      0.00
  1.0000   0.2000        8.9200    0.1626      4.00      7.00     11.00     61.00      0.00       2.4185    0.0617      1.00      1.00      3.00     33.00      0.00      17.5935    0.1896     12.00     17.00     22.00     71.00      0.00
  1.0000   0.1800       10.3770    0.2080      4.00      8.00     13.00     95.00      0.00       2.8195    0.0765      1.00      2.00      3.00     61.00      0.00      16.7945    0.1815     11.00     16.00     22.00     49.00      0.00
  1.0000   0.1600       12.0715    0.2404      5.00      9.00     15.00    117.00      0.00       3.5970    0.1058      1.00      2.00      4.00     55.00      0.00      16.7985    0.1914     11.00     16.00     22.00     57.00      0.00
  1.0000   0.1400       15.2580    0.3317      6.00     11.00     19.00    142.00      0.00       4.9570    0.1505      1.00      3.00      6.00    107.00      0.00      15.9085    0.1871     11.00     15.00     21.00     52.00      0.00
  1.0000   0.1200       19.0005    0.4253      7.00     13.00     24.00    185.00      0.00       6.6315    0.2226      1.00      4.00      8.00    185.00      0.00      16.0670    0.1854     11.00     15.00     21.00     52.00      0.00
  1.0000   0.1000       26.5015    0.6170      9.00     18.00     34.00    225.00      0.00      11.1655    0.3719      2.00      5.00     13.00    211.00      0.00      14.8605    0.1933     10.00     14.00     20.00     58.00      0.00
  1.0000   0.0800       39.6370    0.9685     11.00     25.00     53.00    526.00      0.00      20.7895    0.6660      3.00     10.00     26.00    306.00      0.00      13.8405    0.2040      8.00     13.00     20.00     52.00      0.00
  1.0000   0.0600       66.8545    1.6025     18.00     44.00     91.00    645.00      0.00      41.5185    1.0985      7.00     25.00     56.00    462.00      0.00      11.6490    0.2123      2.00     11.00     18.00     47.00      0.00
  1.0000   0.0400      107.4800    2.4202     29.00     75.00    151.00    831.00      0.00      80.2340    1.9097     18.00     54.00    114.00    665.00      0.00       8.2545    0.2146      0.00      3.00     15.00     46.00      0.00
  1.0000   0.0200      156.3720    3.4491     43.00    111.00    215.00    995.00      0.00     139.4530    3.1874     37.00     97.00    192.00    969.00      0.00       3.4755    0.1603      0.00      0.00      2.00     43.00      0.00
  0.8000   0.2000       12.1025    0.2212      5.00      9.00     16.00    167.00      0.00       2.5230    0.0594      1.00      1.00      3.00     29.00      0.00      23.2125    0.2807     14.00     21.00     30.00     86.00      0.00
  0.8000   0.1800       13.6130    0.2691      6.00     10.00     17.00    118.00      0.00       2.9565    0.0745      1.00      2.00      4.00     38.00      0.00      22.5660    0.2812     14.00     21.00     29.00     84.00      0.00
  0.8000   0.1600       15.8390    0.3145      7.00     12.00     21.00    133.00      0.00       3.6280    0.0965      1.00      2.00      4.00     57.00      0.00      22.4305    0.2686     14.00     21.00     29.00     94.00      0.00
  0.8000   0.1400       20.3105    0.4687      7.00     14.00     25.00    213.00      0.00       4.8100    0.1634      1.00      2.00      5.00     92.00      0.00      22.1330    0.2825     14.00     21.00     29.00     77.00      0.00
  0.8000   0.1200       25.7195    0.5819      9.00     17.00     33.00    279.00      0.00       7.3545    0.2569      1.00      4.00      8.00    131.00      0.00      20.5175    0.2758     12.00     20.00     27.00     87.00      0.00
  0.8000   0.1000       33.2035    0.7409     11.00     23.00     44.00    330.00      0.00      11.4845    0.3775      2.00      5.00     14.00    204.00      0.00      19.6680    0.2920     11.00     19.00     28.00     85.00      0.00
  0.8000   0.0800       51.0490    1.1659     15.00     33.00     71.00    439.00      0.00      21.5150    0.6217      3.00     10.00     29.00    242.00      0.00      18.5875    0.3090      8.00     17.00     27.00     75.00      0.00
  0.8000   0.0600       74.6025    1.7230     20.00     51.00    102.00    754.00      0.00      40.2115    1.0744      7.00     23.00     55.00    422.00      0.00      15.3000    0.3174      1.00     13.00     25.00     85.00      0.00
  0.8000   0.0400      114.1060    2.5516     31.00     80.00    157.00    930.00      0.00      78.2375    1.8363     17.00     52.00    112.00    539.00      0.00       9.9915    0.2943      0.00      2.00     18.00     84.00      0.00
  0.8000   0.0200      168.8195    3.6741     52.00    126.00    233.00   1481.00      0.00     142.1860    3.1654     41.00    102.00    200.00   1250.00      0.00       4.4975    0.2251      0.00      0.00      2.00     76.00      0.00
  0.6000   0.2000       18.2050    0.3509      8.00     14.00     23.00    174.00      0.00       2.4435    0.0625      1.00      1.00      3.00     63.00      0.00      36.2500    0.4847     21.00     33.00     48.00    166.00      0.00
  0.6000   0.1800       20.3675    0.4155      9.00     15.00     26.00    291.00      0.00       2.8735    0.0765      1.00      2.00      4.00     55.00      0.00      34.3425    0.4718     20.00     31.00     46.00    172.00      0.00
  0.6000   0.1600       24.4965    0.5062     10.00     18.00     32.00    261.00      0.00       3.5980    0.1116      1.00      2.00      4.00    105.00      0.00      33.2710    0.4573     19.00     31.00     45.00    126.00      0.00
  0.6000   0.1400       28.0070    0.5707     11.00     21.00     36.00    251.00      0.00       4.7960    0.1503      1.00      3.00      6.00     71.00      0.00      32.4275    0.4884     16.00     29.00     45.00    148.00      0.00
  0.6000   0.1200       35.0555    0.7360     13.00     26.00     46.00    298.00      0.00       7.6075    0.2871      1.00      3.00      8.00    206.00      0.00      30.8850    0.4836     15.00     28.00     43.00    142.00      0.00
  0.6000   0.1000       46.7435    0.9921     16.00     33.00     63.00    421.00      0.00      11.6275    0.3800      2.00      6.00     14.00    183.00      0.00      28.9940    0.4885     12.00     27.00     42.00    133.00      0.00
  0.6000   0.0800       64.6420    1.4439     20.00     44.00     87.00    532.00      0.00      20.7205    0.6537      3.00     10.00     26.00    342.00      0.00      25.9565    0.4993      5.00     23.00     41.00    140.00      0.00
  0.6000   0.0600       91.1465    2.0294     26.00     63.00    122.00    685.00      0.00      40.7305    1.1345      6.00     22.00     57.00    501.00      0.00      20.7585    0.4873      1.00     16.00     34.00    119.00      0.00
  0.6000   0.0400      136.9350    2.9027     40.00     96.00    189.00    913.00      0.00      80.1850    1.8767     18.00     54.00    112.00    566.00      0.00      13.2170    0.4475      0.00      2.00     21.00    130.00      0.00
  0.6000   0.0200      181.8115    4.0622     53.00    126.00    251.00   1375.00      0.00     142.3775    3.2722     39.00     97.00    198.00   1239.00      0.00       5.1015    0.2882      0.00      0.00      2.00    105.00      0.00
  0.4000   0.2000       33.3290    0.6475     14.00     25.00     43.00    286.00      0.00       2.5595    0.0600      1.00      1.00      3.00     39.00      0.00      64.3215    1.0595     31.00     56.00     87.00    406.00      0.00
  0.4000   0.1800       38.1535    0.7437     15.00     29.00     50.00    345.00      0.00       2.8930    0.0732      1.00      2.00      3.00     35.00      0.00      63.9815    1.0597     30.00     56.00     87.00    385.00      0.00
  0.4000   0.1600       42.0905    0.8563     17.00     31.00     55.00    321.00      0.00       3.5835    0.1007      1.00      2.00      4.00     71.00      0.00      60.2160    1.0393     27.00     51.00     83.00    317.00      0.00
  0.4000   0.1400       51.3095    1.0245     19.00     38.00     69.00    366.00      0.00       4.7430    0.1632      1.00      3.00      5.00    162.00      0.00      58.6095    1.0459     23.00     50.00     82.00    344.00      0.00
  0.4000   0.1200       63.4740    1.3717     22.00     46.00     83.00    563.00      0.00       6.8750    0.2320      1.00      4.00      8.00    149.00      0.00      53.7990    1.0361     17.00     44.00     79.00    260.00      0.00
  0.4000   0.1000       75.7430    1.6339     26.00     53.00     99.00    605.00      0.00      11.3650    0.3682      2.00      5.00     14.00    160.00      0.00      49.6590    1.0132     12.00     41.00     73.00    299.00      0.00
  0.4000   0.0800       96.9690    2.0369     31.00     69.00    135.00    670.00      0.00      21.2785    0.6168      3.00     11.00     28.00    230.00      0.00      40.5860    0.9901      5.00     28.00     62.00    373.00      0.00
  0.4000   0.0600      128.8170    2.8839     39.00     88.00    183.00   1118.00      0.00      41.0155    1.0999      6.00     24.00     57.00    533.00      0.00      30.1100    0.9032      1.00     11.00     46.00    305.00      0.00
  0.4000   0.0400      153.4505    3.5608     44.00    105.00    213.00   1515.00      0.00      77.5740    1.9509     17.00     49.00    107.00    722.00      0.00      17.4040    0.7406      0.00      2.00     19.00    257.00      0.00
  0.4000   0.0200      196.9175    4.4264     56.00    133.00    270.00   1629.00      0.00     140.8475    3.3173     39.00     97.00    189.00   1127.00      0.00       6.2400    0.4327      0.00      0.00      2.00    206.00      0.00
  0.2000   0.2000      107.5240    2.3112     33.00     74.00    150.00    651.00      0.00       2.5850    0.0690      1.00      1.00      3.00     35.00      0.00     167.6075    3.7801     47.00    118.00    234.00   1158.00      0.00
  0.2000   0.1800      116.3060    2.5267     36.00     81.00    161.00    879.00      0.00       2.9415    0.0790      1.00      2.00      4.00     44.00      0.00     153.9005    3.5820     39.00    103.00    212.00   1425.00      0.00
  0.2000   0.1600      126.1795    2.7390     39.00     86.00    176.00    964.00      0.00       3.4495    0.0958      1.00      2.00      4.00     59.00      0.00     139.5005    3.2587     35.00     93.00    197.00   1240.00      0.00
  0.2000   0.1400      139.7455    2.9830     42.00     99.00    192.00    836.00      0.00       4.9465    0.1528      1.00      3.00      6.00     74.00      0.00     117.5210    2.8322     24.00     80.00    164.00    976.00      0.00
  0.2000   0.1200      148.9875    3.2833     44.00    105.00    202.00   1165.00      0.00       7.0240    0.2668      1.00      3.00      8.00    155.00      0.00      96.2020    2.5179     16.00     58.00    136.00   1064.00      0.00
  0.2000   0.1000      159.0720    3.6514     49.00    108.00    211.00   1490.00      0.00      10.7660    0.3691      2.00      5.00     12.00    228.00      0.00      74.0440    2.0956      9.00     41.00    102.00    769.00      0.00
  0.2000   0.0800      178.2060    3.9087     50.00    125.00    256.00   1508.00      0.00      21.1605    0.6363      3.00     11.00     28.00    289.00      0.00      51.7335    1.6428      4.00     23.00     68.00    537.00      0.00
  0.2000   0.0600      185.3675    4.1656     53.00    135.00    255.00   1471.00      0.00      39.7195    1.1403      6.00     21.00     53.00    476.00      0.00      32.6275    1.2825      1.00      8.00     37.00    480.00      0.00
  0.2000   0.0400      196.4735    4.4376     55.00    136.00    274.00   1513.00      0.00      76.5985    1.9481     15.00     48.00    109.00    645.00      0.00      16.7315    0.8995      0.00      2.00     12.00    445.00      0.00
  0.2000   0.0200      204.9980    4.6935     60.00    142.00    274.00   1727.00      0.00     139.6345    3.1976     36.00     97.00    196.00   1222.00      0.00       4.1510    0.3336      0.00      0.00      1.00    190.00      0.00
