Amp Radius  OC_Mean OC_Std OC_Q1 OC_Med OC_Q3 OC_Max OC_Min  Exp_Mean Exp_Std Exp_Q1 Exp_Med Exp_Q3 Exp_Max Exp_Min  Num_Mean Num_Std Num_Q1 Num_Med Num_Q3 Num_Max Num_Min
  2.0000   0.2000        6.8375    0.0866      4.00      6.00      9.00     24.00      0.00       1.3435    0.0141      1.00      1.00      2.00      6.00      0.00       8.2495    0.1069      5.00      8.00     11.00     28.00      0.00
  2.0000   0.1800        7.6845    0.0973      4.00      7.00     10.00     29.00      0.00       1.4275    0.0157      1.00      1.00      2.00      6.00      0.00       7.7565    0.1001      4.00      7.00     10.00     37.00      0.00
  2.0000   0.1600        8.3730    0.1073      5.00      8.00     11.00     29.00      0.00       1.6045    0.0196      1.00      1.00      2.00      7.00      0.00       6.9990    0.0923      4.00      6.00      9.00     30.00      0.00
  2.0000   0.1400        9.5945    0.1186      6.00      9.00     13.00     32.00      0.00       1.8130    0.0231      1.00      2.00      2.00     12.00      0.00       6.5825    0.0835      4.00      6.00      9.00     24.00      0.00
  2.0000   0.1200       11.1585    0.1536      6.00     10.00     15.00     62.00      0.00       2.1650    0.0299      1.00      2.00      3.00     16.00      0.00       5.8890    0.0792      3.00      5.00      8.00     24.00      0.00
  2.0000   0.1000       13.2055    0.1802      7.00     12.00     18.00     65.00      0.00       2.6745    0.0394      1.00      2.00      4.00     13.00      0.00       5.2395    0.0690      3.00      5.00      7.00     19.00      0.00
  2.0000   0.0800       16.6615    0.2479      9.00     15.00     22.00    101.00      0.00       3.8890    0.0776      2.00      3.00      5.00     88.00      0.00       4.5530    0.0624      3.00      4.00      6.00     20.00      0.00
  2.0000   0.0600       22.5355    0.3503     11.00     19.00     30.00    120.00      0.00       6.3940    0.1218      3.00      5.00      8.00     50.00      0.00       4.0230    0.0556      2.00      4.00      5.00     19.00      0.00
  2.0000   0.0400       39.8310    0.7629     17.00     30.00     53.00    325.00      0.00      17.5295    0.4113      5.00     11.00     23.00    164.00      0.00       3.6520    0.0565      2.00      3.00      5.00     20.00      0.00
  2.0000   0.0200       91.9750    1.9712     30.00     67.00    125.00    628.00      0.00      60.7195    1.4115     16.00     40.00     84.00    594.00      0.00       2.2905    0.0522      0.00      2.00      4.00     17.00      0.00
  1.8000   0.2000        8.3345    0.1065      5.00      8.00     11.00     36.00      0.00       1.3200    0.0137      1.00      1.00      2.00      5.00      0.00      10.0860    0.1328      6.00      9.00     14.00     47.00      0.00
  1.8000   0.1800        9.2360    0.1188      6.00      8.00     12.00     42.00      0.00       1.4470    0.0163      1.00      1.00      2.00      6.00      0.00       9.3270    0.1218      5.00      9.00     12.00     48.00      0.00
  1.8000   0.1600       10.5230    0.1378      6.00     10.00     14.00     46.00      0.00       1.6325    0.0202      1.00      1.00      2.00      7.00      0.00       8.7620    0.1149      5.00      8.00     12.00     37.00      0.00
  1.8000   0.1400       11.4845    0.1492      7.00     11.00     15.00     45.00      0.00       1.8620    0.0236      1.00      2.00      2.00      8.00      0.00       7.7230    0.1045      4.00      7.00     10.00     30.00      0.00
  1.8000   0.1200       13.4940    0.1867      7.00     12.00     18.00     66.00      0.00       2.2230    0.0311      1.00      2.00      3.00     12.00      0.00       7.0390    0.0969      4.00      6.00     10.00     36.00      0.00
  1.8000   0.1000       16.2765    0.2400      9.00     14.00     21.00     88.00      0.00       2.7690    0.0406      1.00      2.00      4.00     18.00      0.00       6.2385    0.0862      3.00      6.00      8.00     34.00      0.00
  1.8000   0.0800       20.6415    0.3347     11.00     17.00     27.00    134.00      0.00       3.8255    0.0627      2.00      3.00      5.00     29.00      0.00       5.5300    0.0800      3.00      5.00      7.00     30.00      0.00
  1.8000   0.0600       28.0040    0.4844     13.00     23.00     37.00    209.00      0.00       6.3020    0.1267      3.00      5.00      8.00     72.00      0.00       4.9005    0.0733      3.00      4.00      7.00     24.00      0.00
  1.8000   0.0400       47.1170    0.8914     20.00     36.00     63.00    418.00      0.00      17.5150    0.4249      5.00     11.00     24.00    303.00      0.00       4.2715    0.0695      2.00      4.00      6.00     23.00      0.00
  1.8000   0.0200      107.5025    2.3352     35.00     74.00    145.00    837.00      0.00      63.2750    1.4632     18.00     42.00     87.00    479.00      0.00       2.6615    0.0661      0.00      2.00      4.00     30.00      0.00
  1.6000   0.2000       10.6005    0.1409      6.00     10.00     14.00     46.00      0.00       1.3405    0.0141      1.00      1.00      2.00      5.00      0.00      12.6150    0.1709      7.00     11.00     17.00     54.00      0.00
  1.6000   0.1800       11.6050    0.1565      7.00     11.00     16.00     53.00      0.00       1.4430    0.0157      1.00      1.00      2.00      5.00      0.00      11.5635    0.1558      6.00     11.00     16.00     44.00      0.00
  1.6000   0.1600       13.0845    0.1837      7.00     12.00     17.00     53.00      0.00       1.6005    0.0193      1.00      1.00      2.00      6.00      0.00      10.7585    0.1499      6.00     10.00     15.00     43.00      0.00
  1.6000   0.1400       15.1720    0.2170      8.00     13.00     20.00     94.00      0.00       1.8175    0.0234      1.00      2.00      2.00      8.00      0.00      10.0370    0.1450      5.00      9.00     13.00     41.00      0.00
  1.6000   0.1200       17.2720    0.2530      9.00     15.00     23.00     96.00      0.00       2.1980    0.0301      1.00      2.00      3.00     13.00      0.00       8.9355    0.1334      5.00      8.00     12.00     39.00      0.00
  1.6000   0.1000       20.4215    0.3038     11.00     18.00     27.00    127.00      0.00       2.6620    0.0365      1.00      2.00      4.00     13.00      0.00       7.9940    0.1178      4.00      7.00     11.00     37.00      0.00
  1.6000   0.0800       26.2990    0.4267     13.00     22.00     35.00    147.00      0.00       3.7835    0.0609      2.00      3.00      5.00     33.00      0.00       6.9760    0.1073      4.00      6.00      9.00     30.00      0.00
  1.6000   0.0600       35.3720    0.6165     16.00     29.00     47.00    203.00      0.00       6.7740    0.1609      3.00      5.00      9.00    177.00      0.00       5.9265    0.0974      3.00      5.00      8.00     33.00      0.00
  1.6000   0.0400       58.1860    1.1542     23.00     43.00     78.00    488.00      0.00      16.2465    0.3704      5.00     11.00     22.00    115.00      0.00       5.3495    0.0963      2.00      5.00      7.00     31.00      0.00
  1.6000   0.0200      124.2595    2.6755     40.00     87.00    174.00    935.00      0.00      60.8400    1.3687     17.00     41.00     84.00    493.00      0.00       3.1070    0.0777      0.00      2.00      5.00     31.00      0.00
  1.4000   0.2000       14.2985    0.1975      8.00     13.00     19.00     62.00      0.00       1.3290    0.0135      1.00      1.00      2.00      5.00      0.00      16.8235    0.2322      9.00     15.00     22.00     67.00      0.00
  1.4000   0.1800       15.9545    0.2414      9.00     14.00     20.00    154.00      0.00       1.4505    0.0165      1.00      1.00      2.00      6.00      0.00      15.9015    0.2320      8.00     14.00     21.00     79.00      0.00
  1.4000   0.1600       17.6695    0.2530      9.00     16.00     23.00     88.00      0.00       1.5895    0.0194      1.00      1.00      2.00      7.00      0.00      14.6370    0.2090      7.00     13.00     20.00     59.00      0.00
  1.4000   0.1400       19.9040    0.2948     11.00     17.00     26.00    140.00      0.00       1.8640    0.0232      1.00      2.00      2.00      7.00      0.00      13.1970    0.1952      7.00     11.00     18.00     64.00      0.00
  1.4000   0.1200       23.5910    0.3894     12.00     20.00     30.00    154.00      0.00       2.1420    0.0296      1.00      2.00      3.00     18.00      0.00      12.0165    0.1899      6.00     10.00     16.00     70.00      0.00
  1.4000   0.1000       29.4580    0.4711     14.00     25.00     39.00    179.00      0.00       2.7450    0.0432      1.00      2.00      4.00     33.00      0.00      11.0995    0.1757      5.00      9.00     15.00     66.00      0.00
  1.4000   0.0800       38.3435    0.6896     17.00     30.00     50.00    301.00      0.00       3.7705    0.0623      2.00      3.00      5.00     29.00      0.00       9.8935    0.1692      4.00      8.00     13.00     51.00      0.00
  1.4000   0.0600       50.7250    0.9567     21.00     40.00     67.00    399.00      0.00       6.3970    0.1202      3.00      5.00      8.00     50.00      0.00       8.0690    0.1396      4.00      7.00     11.00     47.00      0.00
  1.4000   0.0400       78.4225    1.5538     29.00     58.00    110.00    714.00      0.00      16.7400    0.3863      5.00     11.00     23.00    189.00      0.00       6.5475    0.1281      2.00      5.00      9.00     43.00      0.00
  1.4000   0.0200      135.7455    2.9492     43.00    100.00    179.00    991.00      0.00      63.1705    1.4837     17.00     43.00     88.00    553.00      0.00       3.2410    0.0862      0.00      2.00      5.00     29.00      0.00
  1.2000   0.2000       19.9270    0.3354     10.00     17.00     26.00    243.00      0.00       1.3220    0.0143      1.00      1.00      2.00      7.00      0.00      23.3735    0.3793     12.00     20.00     31.00    133.00      0.00
  1.2000   0.1800       22.1850    0.3570     11.00     19.00     29.00    139.00      0.00       1.4445    0.0163      1.00      1.00      2.00      5.00      0.00      21.6770    0.3404     11.00     18.00     29.00    103.00      0.00
  1.2000   0.1600       24.6130    0.3944     12.00     21.00     33.00    138.00      0.00       1.5895    0.0188      1.00      1.00      2.00      7.00      0.00      20.0830    0.3252     10.00     17.00     27.00    106.00      0.00
  1.2000   0.1400       29.5420    0.5027     14.00     24.00     39.00    222.00      0.00       1.8550    0.0241      1.00      2.00      2.00     13.00      0.00      19.0885    0.3224      9.00     16.00     26.00    122.00      0.00
  1.2000   0.1200       33.6350    0.5998     16.00     27.00     45.00    360.00      0.00       2.1635    0.0288      1.00      2.00      3.00     11.00      0.00      16.5300    0.2789      8.00     14.00     22.00    126.00      0.00
  1.2000   0.1000       41.5865    0.7412     19.00     34.00     53.00    283.00      0.00       2.7410    0.0383      1.00      2.00      4.00     16.00      0.00      14.9755    0.2604      7.00     12.00     20.00    106.00      0.00
  1.2000   0.0800       54.8165    1.0901     22.00     42.00     73.00    540.00      0.00       3.8140    0.0613      2.00      3.00      5.00     37.00      0.00      13.4910    0.2546      5.00     11.00     18.00    140.00      0.00
  1.2000   0.0600       75.7225    1.5241     28.00     56.00    105.00    590.00      0.00       6.6870    0.1362      3.00      5.00      8.00     80.00      0.00      11.0435    0.2148      4.00      8.00     15.00     75.00      0.00
  1.2000   0.0400      106.3935    2.2414     36.00     73.00    146.00    666.00      0.00      16.2070    0.3667      5.00     11.00     21.00    146.00      0.00       8.3700    0.1767      3.00      6.00     12.00     59.00      0.00
  1.2000   0.0200      155.4715    3.4603     43.00    105.00    221.00   1305.00      0.00      62.2620    1.4530     17.00     42.00     85.00    513.00      0.00       3.3140    0.0982      0.00      2.00      5.00     34.00      0.00
  1.0000   0.2000       31.7720    0.5725     14.00     26.00     42.00    273.00      0.00       1.3350    0.0145      1.00      1.00      2.00      5.00      0.00      36.3850    0.6305     16.00     30.00     49.00    226.00      0.00
  1.0000   0.1800       35.4740    0.6412     16.00     29.00     47.00    281.00      0.00       1.4500    0.0163      1.00      1.00      2.00      6.00      0.00      33.7430    0.5874     16.00     27.00     46.00    224.00      0.00
  1.0000   0.1600       39.6580    0.7627     16.00     31.00     52.00    405.00      0.00       1.6255    0.0197      1.00      1.00      2.00      6.00      0.00      31.0325    0.5598     13.00     25.00     42.00    198.00      0.00
  1.0000   0.1400       45.8125    0.8614     19.00     35.00     62.00    388.00      0.00       1.8285    0.0235      1.00      2.00      2.00      9.00      0.00      28.4380    0.5261     12.00     22.00     39.00    217.00      0.00
  1.0000   0.1200       56.3810    1.1004     23.00     43.00     75.00    447.00      0.00       2.1810    0.0289      1.00      2.00      3.00      9.00      0.00      26.5040    0.5116     10.00     21.00     36.00    228.00      0.00
  1.0000   0.1000       63.3820    1.1986     24.00     49.00     88.00    362.00      0.00       2.7525    0.0389      1.00      2.00      4.00     15.00      0.00      21.7990    0.4134      8.00     17.00     30.00    134.00      0.00
  1.0000   0.0800       85.9965    1.7995     29.00     63.00    116.00    757.00      0.00       3.7300    0.0606      2.00      3.00      5.00     42.00      0.00      19.5185    0.3981      7.00     14.00     26.00    126.00      0.00
  1.0000   0.0600      112.0140    2.4121     36.00     80.00    155.00    985.00      0.00       6.5390    0.1292      3.00      5.00      8.00     75.00      0.00      15.1085    0.3201      5.00     11.00     21.00    107.00      0.00
  1.0000   0.0400      137.6430    3.0029     42.00     99.00    184.00    967.00      0.00      16.7175    0.3819      5.00     11.00     23.00    177.00      0.00       9.5190    0.2167      3.00      7.00     13.00     77.00      0.00
  1.0000   0.0200      180.9630    3.9571     54.00    125.00    249.00   1199.00      0.00      60.3460    1.3790     17.00     43.00     82.00    425.00      0.00       3.5390    0.1055      0.00      2.00      5.00     41.00      0.00
  0.8000   0.2000       53.7105    1.1011     19.00     39.00     73.00    342.00      0.00       1.3135    0.0139      1.00      1.00      2.00      5.00      0.00      59.6410    1.2120     22.00     44.00     80.00    393.00      0.00
  0.8000   0.1800       60.2565    1.2364     22.00     43.00     83.00    446.00      0.00       1.4705    0.0169      1.00      1.00      2.00      6.00      0.00      55.9430    1.1298     20.00     41.00     77.00    455.00      0.00
  0.8000   0.1600       70.0330    1.4710     25.00     51.00     94.00    523.00      0.00       1.6595    0.0207      1.00      1.00      2.00      8.00      0.00      52.1845    1.0959     20.00     39.00     71.00    460.00      0.00
  0.8000   0.1400       79.8805    1.6532     28.00     57.00    109.00    540.00      0.00       1.8355    0.0237      1.00      2.00      2.00      8.00      0.00      47.2665    0.9625     16.00     34.00     65.00    346.00      0.00
  0.8000   0.1200       92.8020    1.9918     31.00     65.00    125.00    795.00      0.00       2.1445    0.0302      1.00      2.00      3.00     17.00      0.00      41.3250    0.8746     14.00     30.00     57.00    400.00      0.00
  0.8000   0.1000      105.5960    2.2941     32.00     74.00    148.00    628.00      0.00       2.7250    0.0415      1.00      2.00      4.00     24.00      0.00      33.8905    0.7320     10.00     24.00     47.00    212.00      0.00
  0.8000   0.0800      124.4375    2.6345     42.00     90.00    168.00    854.00      0.00       3.9320    0.0643      2.00      3.00      5.00     31.00      0.00      26.4900    0.5597      9.00     19.00     35.00    173.00      0.00
  0.8000   0.0600      145.8790    3.3287     44.00    102.00    200.00   1256.00      0.00       6.6440    0.1355      3.00      5.00      9.00     64.00      0.00      18.2780    0.4275      5.00     12.00     25.00    157.00      0.00
  0.8000   0.0400      177.2410    3.9433     56.00    119.00    245.00   1397.00      0.00      16.5355    0.3756      5.00     11.00     22.00    147.00      0.00      10.7895    0.2509      3.00      7.00     15.00     84.00      0.00
  0.8000   0.0200      192.6995    4.2298     55.00    137.00    265.00   1543.00      0.00      66.0280    1.4947     17.00     44.00     91.00    442.00      0.00       3.0780    0.0929      0.00      2.00      4.00     37.00      0.00
  0.6000   0.2000       96.2070    2.1574     28.00     66.00    129.00    690.00      0.00       1.3510    0.0149      1.00      1.00      2.00      7.00      0.00     102.1590    2.2780     30.00     71.00    137.00    914.00      0.00
  0.6000   0.1800      106.0550    2.3109     33.00     75.00    144.00    881.00      0.00       1.4515    0.0167      1.00      1.00      2.00      8.00      0.00      94.9420    2.0328     30.00     66.00    133.00    685.00      0.00
  0.6000   0.1600      116.0935    2.5473     34.00     80.00    160.00   1342.00      0.00       1.6360    0.0197      1.00      1.00      2.00      7.00      0.00      84.6195    1.8594     25.00     58.00    116.00    768.00      0.00
  0.6000   0.1400      124.6385    2.8217     37.00     85.00    171.00   1518.00      0.00       1.8465    0.0233      1.00      2.00      2.00      7.00      0.00      70.4995    1.5878     21.00     47.00     99.00    534.00      0.00
  0.6000   0.1200      143.0100    3.1053     42.00    100.00    203.00    979.00      0.00       2.2450    0.0304      1.00      2.00      3.00     13.00      0.00      61.2760    1.3735     18.00     42.00     86.00    461.00      0.00
  0.6000   0.1000      148.2370    3.3240     45.00    101.00    202.00   1265.00      0.00       2.7640    0.0396      1.00      2.00      4.00     15.00      0.00      45.7700    1.0568     13.00     30.00     63.00    430.00      0.00
  0.6000   0.0800      165.6070    3.7080     50.00    119.00    235.00   1266.00      0.00       3.7590    0.0608      2.00      3.00      5.00     43.00      0.00      33.3865    0.7500      9.00     23.00     47.00    267.00      0.00
  0.6000   0.0600      177.2835    3.9626     51.00    122.00    252.00   1398.00      0.00       6.4690    0.1389      3.00      5.00      8.00    109.00      0.00      20.5745    0.4684      6.00     14.00     29.00    173.00      0.00
  0.6000   0.0400      187.2425    4.2093     54.00    126.00    263.00   1339.00      0.00      16.9555    0.4010      5.00     11.00     23.00    219.00      0.00      10.2345    0.2395      2.00      7.00     14.00     71.00      0.00
  0.6000   0.0200      201.0235    4.4581     53.00    139.00    283.00   1222.00      0.00      62.5035    1.4091     17.00     43.00     88.00    535.00      0.00       2.9255    0.0841      0.00      2.00      4.00     30.00      0.00
  0.4000   0.2000      150.6545    3.3973     42.00    102.00    211.00   1051.00      0.00       1.3655    0.0153      1.00      1.00      2.00      6.00      0.00     159.9125    3.7370     43.00    105.00    223.00   1340.00      0.00
  0.4000   0.1800      160.8845    3.5792     48.00    110.00    217.00   1016.00      0.00       1.4395    0.0160      1.00      1.00      2.00      5.00      0.00     140.1970    3.1664     41.00     94.00    194.00    887.00      0.00
  0.4000   0.1600      160.1340    3.6771     46.00    107.00    223.00   1207.00      0.00       1.6160    0.0199      1.00      1.00      2.00      6.00      0.00     112.5630    2.6375     31.00     75.00    155.00    836.00      0.00
  0.4000   0.1400      172.6575    3.9327     52.00    121.00    235.00   1495.00      0.00       1.8505    0.0240      1.00      2.00      2.00      8.00      0.00      96.0790    2.2952     27.00     64.00    128.00    754.00      0.00
  0.4000   0.1200      173.5670    3.8085     49.00    122.00    245.00   1275.00      0.00       2.1665    0.0301      1.00      2.00      3.00     13.00      0.00      73.3540    1.6694     20.00     50.00    101.00    593.00      0.00
  0.4000   0.1000      183.3090    4.0128     53.00    129.00    257.00   1556.00      0.00       2.7870    0.0412      1.00      2.00      4.00     16.00      0.00      54.3990    1.2409     15.00     37.00     75.00    503.00      0.00
  0.4000   0.0800      185.2385    4.0668     53.00    131.00    261.00   1812.00      0.00       3.7735    0.0636      2.00      3.00      5.00     42.00      0.00      35.5570    0.8005     10.00     25.00     50.00    355.00      0.00
  0.4000   0.0600      195.7320    4.5316     53.00    135.00    267.00   1452.00      0.00       6.6245    0.1342      3.00      5.00      9.00     70.00      0.00      21.9290    0.5221      6.00     15.00     30.00    174.00      0.00
  0.4000   0.0400      194.7670    4.2864     58.00    136.00    272.00   1167.00      0.00      16.9380    0.4031      5.00     11.00     22.00    160.00      0.00      10.0025    0.2337      3.00      7.00     14.00     72.00      0.00
  0.4000   0.0200      190.4815    4.4710     54.00    124.00    262.00   1571.00      0.00      61.5795    1.4670     16.00     41.00     85.00    521.00      0.00       2.4290    0.0712      0.00      1.00      3.00     29.00      0.00
  0.2000   0.2000      193.0785    4.4269     57.00    132.00    258.00   1406.00      0.00       1.3400    0.0148      1.00      1.00      2.00      7.00      0.00     203.8055    4.8591     58.00    136.00    278.00   1797.00      0.00
  0.2000   0.1800      184.3570    4.1854     52.00    128.00    256.00   1591.00      0.00       1.4530    0.0164      1.00      1.00      2.00      7.00      0.00     162.8930    3.9152     44.00    108.00    224.00   1642.00      0.00
  0.2000   0.1600      190.6235    4.2261     55.00    130.00    266.00   1319.00      0.00       1.6270    0.0199      1.00      1.00      2.00     10.00      0.00     133.3480    3.0391     37.00     88.00    186.00   1033.00      0.00
  0.2000   0.1400      188.5365    4.1675     55.00    133.00    265.00   1378.00      0.00       1.8465    0.0247      1.00      2.00      2.00     13.00      0.00     102.8650    2.3724     28.00     70.00    139.00    840.00      0.00
  0.2000   0.1200      202.1895    4.8560     53.00    134.00    279.00   2000.00      0.00       2.1455    0.0290      1.00      2.00      3.00      9.00      0.00      83.3710    2.0903     20.00     54.00    111.00    915.00      0.00
  0.2000   0.1000      189.1105    4.0988     56.00    135.00    260.00   1279.00      0.00       2.7420    0.0396      1.00      2.00      4.00     19.00      0.00      55.0030    1.2218     16.00     38.00     75.00    358.00      0.00
  0.2000   0.0800      198.8290    4.6526     53.00    135.00    280.00   1607.00      0.00       3.8230    0.0613      2.00      3.00      5.00     22.00      0.00      37.6025    0.9105     10.00     24.00     51.00    326.00      0.00
  0.2000   0.0600      195.8780    4.5439     52.00    133.00    267.00   1673.00      0.00       6.6650    0.1387      3.00      5.00      8.00     63.00      0.00      21.1115    0.5058      5.00     14.00     29.00    184.00      0.00
  0.2000   0.0400      201.1815    4.3531     61.00    140.00    278.00   1354.00      0.00      17.6880    0.4248      5.00     12.00     23.00    198.00      0.00       9.8000    0.2206      3.00      7.00     14.00     69.00      0.00
  0.2000   0.0200      195.0720    4.4958     54.00    133.00    268.00   1577.00      0.00      61.9415    1.4335     16.00     40.00     87.00    568.00      0.00       2.4635    0.0680      0.00      1.00      4.00     20.00      0.00
