Amp Radius  OC_Mean OC_Std OC_Q1 OC_Med OC_Q3 OC_Max OC_Min  Exp_Mean Exp_Std Exp_Q1 Exp_Med Exp_Q3 Exp_Max Exp_Min  Num_Mean Num_Std Num_Q1 Num_Med Num_Q3 Num_Max Num_Min
  2.0000   0.2000        4.7345    0.0801      2.00      4.00      6.00     40.00      0.00       2.7105    0.0584      1.00      2.00      3.00     19.00      0.00       9.1670    0.0791      7.00     10.00     11.00     23.00      0.00
  2.0000   0.1800        5.3165    0.0936      2.00      4.00      7.00     40.00      0.00       3.0690    0.0668      1.00      2.00      4.00     23.00      0.00       9.2280    0.0770      7.00     10.00     11.00     21.00      0.00
  2.0000   0.1600        6.5985    0.1281      3.00      5.00      9.00     63.00      0.00       3.9170    0.0881      1.00      2.00      5.00     29.00      0.00       8.9840    0.0769      7.00     10.00     11.00     23.00      0.00
  2.0000   0.1400        7.4390    0.1437      3.00      6.00     10.00     90.00      0.00       4.5220    0.0975      1.00      3.00      6.00     41.00      0.00       8.7290    0.0770      7.00     10.00     11.00     20.00      0.00
  2.0000   0.1200        9.1610    0.1763      3.00      7.00     12.00     58.00      0.00       5.8390    0.1284      1.00      4.00      8.00     56.00      0.00       8.6410    0.0783      7.00     10.00     11.00     23.00      0.00
  2.0000   0.1000       12.0920    0.2522      4.00      9.00     16.00    119.00      0.00       8.1770    0.1928      2.00      5.00     12.00    118.00      0.00       8.2130    0.0806      6.00     10.00     11.00     20.00      0.00
  2.0000   0.0800       17.2190    0.3832      6.00     13.00     23.00    327.00      0.00      12.2880    0.3199      3.00      9.00     17.00    327.00      0.00       7.8560    0.0823      6.00      9.00     10.00     21.00      0.00
  2.0000   0.0600       29.4450    0.6717      9.00     20.00     40.00    304.00      0.00      22.8485    0.5504      6.00     15.00     31.00    218.00      0.00       7.1280    0.0891      5.00      8.00     10.00     19.00      0.00
  2.0000   0.0400       60.0990    1.3737     17.00     41.00     83.00    667.00      0.00      51.3485    1.1839     14.00     34.00     72.00    385.00      0.00       5.7650    0.0966      0.00      6.00     10.00     18.00      0.00
  2.0000   0.0200      128.6685    2.7573     39.00     90.00    182.00    975.00      0.00     120.7620    2.6645     34.00     84.00    170.00    921.00      0.00       2.6785    0.0836      0.00      0.00      6.00     16.00      0.00
  1.8000   0.2000        5.0435    0.0880      2.00      4.00      6.00     30.00      0.00       2.6630    0.0585      1.00      2.00      3.00     22.00      0.00       9.6015    0.0849      7.00     10.00     12.00     27.00      0.00
  1.8000   0.1800        5.7845    0.1018      3.00      4.00      7.00     35.00      0.00       3.0725    0.0683      1.00      2.00      4.00     28.00      0.00       9.6870    0.0808      7.00     10.00     12.00     22.00      0.00
  1.8000   0.1600        6.9035    0.1248      3.00      5.00      9.00     60.00      0.00       3.8300    0.0844      1.00      2.00      5.00     30.00      0.00       9.5605    0.0809      8.00     10.00     12.00     24.00      0.00
  1.8000   0.1400        8.1330    0.1479      3.00      6.00     11.00     53.00      0.00       4.5610    0.0998      1.00      3.00      6.00     50.00      0.00       9.3830    0.0782      7.00     10.00     11.00     25.00      0.00
  1.8000   0.1200        9.8035    0.1967      4.00      7.00     13.00     72.00      0.00       5.7550    0.1294      2.00      4.00      8.00     48.00      0.00       9.0490    0.0789      7.00     10.00     11.00     22.00      0.00
  1.8000   0.1000       13.2750    0.2647      5.00     10.00     18.00    103.00      0.00       8.0230    0.1774      2.00      6.00     11.00    102.00      0.00       8.8110    0.0836      7.00     10.00     11.00     22.00      0.00
  1.8000   0.0800       19.3235    0.4151      7.00     14.00     26.00    161.00      0.00      12.4655    0.3080      3.00      9.00     17.00    153.00      0.00       8.4290    0.0871      6.00     10.00     11.00     22.00      0.00
  1.8000   0.0600       31.3650    0.6907     10.00     22.00     42.00    270.00      0.00      22.6560    0.5213      6.00     16.00     31.00    184.00      0.00       7.5615    0.0932      6.00      9.00     10.00     19.00      0.00
  1.8000   0.0400       61.7110    1.4255     17.00     41.00     86.00    690.00      0.00      50.6330    1.1894     13.00     33.00     71.00    465.00      0.00       6.1140    0.1053      0.00      7.00     10.00     24.00      0.00
  1.8000   0.0200      123.6090    2.8340     32.00     86.00    174.00   1161.00      0.00     114.9070    2.6513     30.00     78.00    164.00    899.00      0.00       2.7785    0.0900      0.00      0.00      6.00     18.00      0.00
  1.6000   0.2000        5.8010    0.1106      3.00      4.00      7.00     59.00      0.00       2.6790    0.0638      1.00      1.00      3.00     33.00      0.00      10.7060    0.0958      8.00     11.00     13.00     31.00      0.00
  1.6000   0.1800        6.5700    0.1182      3.00      5.00      9.00     58.00      0.00       3.2745    0.0778      1.00      2.00      4.00     53.00      0.00      10.4010    0.0936      8.00     11.00     12.00     28.00      0.00
  1.6000   0.1600        7.5015    0.1327      3.00      6.00     10.00     63.00      0.00       3.6730    0.0813      1.00      2.00      5.00     34.00      0.00      10.3415    0.0899      8.00     11.00     12.00     28.00      0.00
  1.6000   0.1400        9.2845    0.1922      4.00      7.00     12.00    135.00      0.00       4.6955    0.1060      1.00      3.00      6.00     46.00      0.00      10.0055    0.0924      8.00     10.00     12.00     28.00      0.00
  1.6000   0.1200       11.3835    0.2393      4.00      8.00     15.00     97.00      0.00       5.8455    0.1333      2.00      4.00      8.00     76.00      0.00       9.8255    0.0898      8.00     10.00     12.00     26.00      0.00
  1.6000   0.1000       14.8260    0.3153      5.00     11.00     19.00    130.00      0.00       7.7725    0.1723      2.00      5.00     11.00     65.00      0.00       9.4900    0.0946      7.00     10.00     12.00     26.00      0.00
  1.6000   0.0800       21.4245    0.4590      7.00     15.00     29.00    207.00      0.00      12.3185    0.2967      3.00      8.00     17.00    205.00      0.00       9.2055    0.0970      7.00     10.00     11.00     28.00      0.00
  1.6000   0.0600       34.7370    0.7783     11.00     25.00     47.00    335.00      0.00      23.6170    0.5594      6.00     16.00     34.00    242.00      0.00       8.2550    0.1058      6.00      9.00     11.00     22.00      0.00
  1.6000   0.0400       66.4215    1.4441     20.00     47.00     92.00    451.00      0.00      50.5735    1.1334     14.00     35.00     73.00    405.00      0.00       6.5380    0.1165      1.00      7.00     10.00     24.00      0.00
  1.6000   0.0200      131.8905    3.0648     39.00     91.00    181.00   1283.00      0.00     117.9785    2.6971     35.00     82.00    159.00   1139.00      0.00       3.1130    0.1022      0.00      0.00      7.00     24.00      0.00
  1.4000   0.2000        6.7045    0.1173      3.00      5.00      9.00     38.00      0.00       2.8835    0.0636      1.00      2.00      4.00     26.00      0.00      11.7620    0.1114      9.00     11.00     14.00     35.00      0.00
  1.4000   0.1800        7.5355    0.1370      3.00      6.00     10.00     56.00      0.00       3.2165    0.0736      1.00      2.00      4.00     27.00      0.00      11.6950    0.1107      9.00     11.00     14.00     36.00      0.00
  1.4000   0.1600        8.7160    0.1630      4.00      7.00     12.00     80.00      0.00       3.7375    0.0826      1.00      2.00      5.00     35.00      0.00      11.4845    0.1083      9.00     11.00     14.00     35.00      0.00
  1.4000   0.1400       10.5090    0.2062      4.00      8.00     14.00     97.00      0.00       4.3345    0.0911      1.00      3.00      6.00     25.00      0.00      11.5005    0.1090      9.00     11.00     14.00     40.00      0.00
  1.4000   0.1200       12.7235    0.2637      5.00      9.00     17.00    171.00      0.00       5.8885    0.1282      2.00      4.00      8.00     62.00      0.00      10.9760    0.1114      9.00     11.00     13.00     32.00      0.00
  1.4000   0.1000       16.4165    0.3449      6.00     12.00     22.00    204.00      0.00       7.8900    0.1884      2.00      5.00     11.00    106.00      0.00      10.5630    0.1152      8.00     11.00     13.00     39.00      0.00
  1.4000   0.0800       25.1055    0.5513      8.00     18.00     33.00    215.00      0.00      12.5915    0.3020      3.00      8.00     17.00    150.00      0.00      10.0700    0.1168      7.00     10.00     13.00     31.00      0.00
  1.4000   0.0600       38.1720    0.8215     12.00     27.00     52.00    278.00      0.00      22.3960    0.5397      6.00     15.00     31.00    196.00      0.00       9.2115    0.1255      6.00     10.00     12.00     30.00      0.00
  1.4000   0.0400       72.9260    1.6420     20.00     50.00    101.00    686.00      0.00      50.1555    1.1291     12.00     35.00     72.00    365.00      0.00       7.0470    0.1412      0.00      7.00     11.00     33.00      0.00
  1.4000   0.0200      132.6505    2.9105     39.00     93.00    183.00   1121.00      0.00     116.2225    2.5672     32.00     82.00    163.00    929.00      0.00       3.2940    0.1212      0.00      0.00      6.00     27.00      0.00
  1.2000   0.2000        7.5655    0.1393      3.00      6.00     10.00     62.00      0.00       2.6715    0.0630      1.00      1.00      3.00     38.00      0.00      13.9555    0.1370     10.00     13.00     18.00     37.00      0.00
  1.2000   0.1800        8.9040    0.1697      4.00      7.00     12.00     58.00      0.00       3.1240    0.0693      1.00      2.00      4.00     22.00      0.00      13.8845    0.1423     10.00     13.00     18.00     45.00      0.00
  1.2000   0.1600       10.4505    0.2023      4.00      8.00     14.00    106.00      0.00       3.8385    0.0869      1.00      2.00      5.00     29.00      0.00      13.5330    0.1413     10.00     13.00     17.00     42.00      0.00
  1.2000   0.1400       12.5060    0.2536      5.00      9.00     16.00    156.00      0.00       4.5590    0.1012      1.00      3.00      6.00     31.00      0.00      13.2040    0.1371     10.00     12.00     17.00     41.00      0.00
  1.2000   0.1200       14.9930    0.3146      6.00     11.00     20.00    142.00      0.00       5.5865    0.1268      2.00      4.00      8.00     74.00      0.00      12.5620    0.1433      9.00     12.00     16.00     40.00      0.00
  1.2000   0.1000       20.4605    0.4302      7.00     15.00     27.00    181.00      0.00       8.0140    0.1884      2.00      5.00     11.00     90.00      0.00      12.6360    0.1454      9.00     12.00     17.00     39.00      0.00
  1.2000   0.0800       29.1085    0.6364     10.00     21.00     39.00    238.00      0.00      12.5180    0.3165      3.00      8.00     17.00    181.00      0.00      11.7970    0.1503      8.00     11.00     16.00     38.00      0.00
  1.2000   0.0600       42.7025    0.9751     13.00     30.00     58.00    454.00      0.00      22.9165    0.5444      6.00     16.00     31.00    211.00      0.00      10.5210    0.1613      6.00     11.00     15.00     39.00      0.00
  1.2000   0.0400       79.6090    1.7631     24.00     56.00    107.00    671.00      0.00      52.2230    1.2368     14.00     36.00     71.00    455.00      0.00       8.0350    0.1673      0.00      8.00     13.00     43.00      0.00
  1.2000   0.0200      140.1775    3.1265     38.00     95.00    195.00    983.00      0.00     114.6795    2.6178     31.00     76.00    161.00    983.00      0.00       3.5930    0.1402      0.00      0.00      6.00     37.00      0.00
  1.0000   0.2000        9.2685    0.1693      4.00      7.00     12.00     76.00      0.00       2.6120    0.0568      1.00      2.00      3.00     18.00      0.00      17.4795    0.1964     12.00     16.00     22.00     81.00      0.00
  1.0000   0.1800       10.7020    0.2033      5.00      8.00     14.00     90.00      0.00       3.1175    0.0692      1.00      2.00      4.00     30.00      0.00      17.0610    0.1892     11.00     16.00     22.00     63.00      0.00
  1.0000   0.1600       13.1475    0.2562      5.00     10.00     17.00    120.00      0.00       3.8065    0.0906      1.00      2.00      5.00     50.00      0.00      16.7295    0.1907     11.00     16.00     22.00     56.00      0.00
  1.0000   0.1400       15.7430    0.3193      6.00     12.00     20.00    148.00      0.00       4.5700    0.1013      1.00      3.00      6.00     46.00      0.00      16.3490    0.1883     11.00     15.00     21.00     55.00      0.00
  1.0000   0.1200       18.9385    0.3897      7.00     14.00     25.00    142.00      0.00       5.5455    0.1294      2.00      4.00      8.00     99.00      0.00      15.9610    0.1962     11.00     15.00     21.00     60.00      0.00
  1.0000   0.1000       24.8465    0.5316      8.00     18.00     33.00    216.00      0.00       8.0190    0.1833      2.00      6.00     11.00    101.00      0.00      15.1945    0.1985     10.00     14.00     21.00     52.00      0.00
  1.0000   0.0800       35.5810    0.7913     12.00     25.00     47.00    389.00      0.00      12.6755    0.3084      3.00      9.00     17.00    150.00      0.00      14.2235    0.2035      9.00     14.00     20.00     52.00      0.00
  1.0000   0.0600       53.5970    1.1601     17.00     38.00     72.00    336.00      0.00      22.2790    0.5250      6.00     15.00     30.00    201.00      0.00      12.5310    0.2168      3.00     12.00     19.00     52.00      0.00
  1.0000   0.0400       90.7350    2.0229     27.00     64.00    123.00    828.00      0.00      51.1965    1.1863     13.00     35.00     72.00    592.00      0.00       9.2505    0.2105      0.00      8.00     16.00     47.00      0.00
  1.0000   0.0200      148.4155    3.3468     43.00    101.00    204.00   1390.00      0.00     117.9240    2.6867     33.00     82.00    161.00   1102.00      0.00       4.1860    0.1750      0.00      0.00      4.00     54.00      0.00
  0.8000   0.2000       12.8955    0.2431      6.00     10.00     17.00    108.00      0.00       2.7530    0.0615      1.00      2.00      4.00     24.00      0.00      23.5500    0.2831     15.00     22.00     31.00     76.00      0.00
  0.8000   0.1800       14.4230    0.2801      6.00     11.00     19.00    101.00      0.00       3.0350    0.0645      1.00      2.00      4.00     28.00      0.00      23.1150    0.2822     14.00     22.00     31.00     72.00      0.00
  0.8000   0.1600       16.8225    0.3280      7.00     13.00     22.00    132.00      0.00       3.8710    0.0893      1.00      2.00      5.00     40.00      0.00      22.3610    0.2858     13.00     21.00     30.00     77.00      0.00
  0.8000   0.1400       20.1345    0.3997      8.00     15.00     27.00    139.00      0.00       4.6425    0.0987      1.00      3.00      6.00     31.00      0.00      21.4860    0.2845     12.00     20.00     29.00     91.00      0.00
  0.8000   0.1200       25.7630    0.5343      9.00     19.00     34.00    208.00      0.00       5.6910    0.1312      2.00      4.00      8.00     75.00      0.00      21.3855    0.2993     12.00     20.00     29.00     93.00      0.00
  0.8000   0.1000       32.9345    0.7711     11.00     23.00     43.00    539.00      0.00       7.9580    0.1789      2.00      6.00     11.00     90.00      0.00      19.8985    0.2954     11.00     19.00     28.00     82.00      0.00
  0.8000   0.0800       45.9610    1.0740     14.00     32.00     61.00    600.00      0.00      12.2335    0.3113      3.00      8.00     17.00    161.00      0.00      18.5665    0.3043      9.00     18.00     26.00     80.00      0.00
  0.8000   0.0600       65.7190    1.4447     21.00     46.00     90.00    536.00      0.00      23.2095    0.5594      6.00     16.00     32.00    275.00      0.00      15.7045    0.3065      2.00     14.00     25.00     71.00      0.00
  0.8000   0.0400      106.2060    2.4435     30.00     73.00    146.00    686.00      0.00      52.2530    1.2578     13.00     35.00     73.00    536.00      0.00      11.1390    0.2876      0.00      6.00     19.00     64.00      0.00
  0.8000   0.0200      161.0180    3.6178     45.00    111.00    228.00   1601.00      0.00     118.2185    2.7424     31.00     78.00    160.00    887.00      0.00       4.7300    0.2235      0.00      0.00      2.00     77.00      0.00
  0.6000   0.2000       18.6655    0.3700      8.00     14.00     24.00    178.00      0.00       2.6515    0.0573      1.00      2.00      3.00     20.00      0.00      35.7840    0.4837     21.00     33.00     47.00    139.00      0.00
  0.6000   0.1800       21.1175    0.3927      9.00     16.00     29.00    123.00      0.00       3.0145    0.0696      1.00      2.00      4.00     44.00      0.00      35.3075    0.4743     20.00     32.00     47.00    149.00      0.00
  0.6000   0.1600       24.6315    0.4796     10.00     18.00     33.00    166.00      0.00       3.7645    0.0816      1.00      2.00      5.00     29.00      0.00      35.4875    0.4992     20.00     32.00     49.00    132.00      0.00
  0.6000   0.1400       29.9610    0.5921     12.00     22.00     39.00    205.00      0.00       4.6325    0.0985      1.00      3.00      6.00     44.00      0.00      32.7185    0.4748     17.00     30.00     45.00    153.00      0.00
  0.6000   0.1200       37.6845    0.8076     13.00     26.00     50.00    316.00      0.00       5.7535    0.1281      2.00      4.00      8.00     54.00      0.00      32.1315    0.5024     16.00     29.00     45.00    160.00      0.00
  0.6000   0.1000       46.2750    0.9833     16.00     33.00     62.00    410.00      0.00       8.1810    0.1828      2.00      6.00     11.00     82.00      0.00      28.5690    0.4856     11.00     26.00     41.00    119.00      0.00
  0.6000   0.0800       62.4340    1.3644     21.00     45.00     83.00    617.00      0.00      12.5275    0.3075      3.00      8.00     17.00    179.00      0.00      26.9470    0.5166      6.00     24.00     41.00    165.00      0.00
  0.6000   0.0600       87.4110    1.9321     27.00     61.00    123.00    660.00      0.00      22.6450    0.5189      6.00     16.00     31.00    161.00      0.00      22.0675    0.5012      3.00     16.00     35.00    136.00      0.00
  0.6000   0.0400      122.6835    2.8377     34.00     82.00    168.00   1312.00      0.00      52.0125    1.2894     12.00     33.00     72.00    492.00      0.00      14.4175    0.4556      0.00      3.00     24.00    151.00      0.00
  0.6000   0.0200      174.4720    3.6929     53.00    125.00    247.00   1114.00      0.00     118.6275    2.7046     34.00     81.00    162.00    857.00      0.00       5.6265    0.3068      0.00      0.00      2.00     97.00      0.00
  0.4000   0.2000       32.6180    0.6221     13.00     24.00     45.00    211.00      0.00       2.6735    0.0589      1.00      2.00      3.00     22.00      0.00      66.0795    1.0624     31.00     55.00     91.00    339.00      0.00
  0.4000   0.1800       37.1060    0.7283     15.00     28.00     49.00    293.00      0.00       3.1240    0.0708      1.00      2.00      4.00     29.00      0.00      63.5385    1.0635     30.00     55.00     87.00    366.00      0.00
  0.4000   0.1600       45.0940    0.9125     17.00     32.00     60.00    287.00      0.00       3.8495    0.0842      1.00      2.00      5.00     32.00      0.00      61.2465    1.0793     26.00     52.00     86.00    361.00      0.00
  0.4000   0.1400       51.1130    1.0704     19.00     37.00     69.00    410.00      0.00       4.5705    0.1017      1.00      3.00      6.00     39.00      0.00      56.5255    1.0501     21.00     47.00     80.00    360.00      0.00
  0.4000   0.1200       62.5030    1.3205     22.00     44.00     85.00    554.00      0.00       6.1770    0.1447      2.00      4.00      9.00     66.00      0.00      53.8815    1.0086     18.00     45.00     79.00    341.00      0.00
  0.4000   0.1000       75.9385    1.6087     24.00     54.00    105.00    670.00      0.00       7.9160    0.1800      2.00      5.00     11.00     76.00      0.00      49.5205    1.0369     11.00     39.00     75.00    327.00      0.00
  0.4000   0.0800       98.8390    2.1366     31.00     68.00    136.00    665.00      0.00      12.3820    0.2760      3.00      9.00     17.00    116.00      0.00      42.5415    1.0016      6.00     28.00     66.00    285.00      0.00
  0.4000   0.0600      121.7025    2.7688     36.00     86.00    163.00   1390.00      0.00      22.5260    0.5483      6.00     15.00     31.00    344.00      0.00      31.7330    0.9117      2.00     13.00     49.00    305.00      0.00
  0.4000   0.0400      162.2165    3.5922     48.00    114.00    222.00   1304.00      0.00      53.1990    1.2735     14.00     36.00     73.00    444.00      0.00      17.2550    0.7214      0.00      3.00     17.00    266.00      0.00
  0.4000   0.0200      191.9605    4.1964     56.00    138.00    265.00   1436.00      0.00     119.7615    2.6795     33.00     82.00    167.00    964.00      0.00       5.5250    0.4050      0.00      0.00      2.00    212.00      0.00
  0.2000   0.2000      102.5750    2.2107     32.00     73.00    142.00    737.00      0.00       2.6260    0.0579      1.00      2.00      3.00     20.00      0.00     158.0870    3.5660     44.00    112.00    216.00   1356.00      0.00
  0.2000   0.1800      109.0965    2.3728     37.00     76.00    147.00    880.00      0.00       3.1250    0.0741      1.00      2.00      4.00     47.00      0.00     147.6300    3.4328     39.00    101.00    208.00   1390.00      0.00
  0.2000   0.1600      120.1260    2.5769     39.00     85.00    165.00    891.00      0.00       3.7575    0.0834      1.00      2.00      5.00     28.00      0.00     131.8235    3.0856     29.00     88.00    190.00   1027.00      0.00
  0.2000   0.1400      132.3485    2.8739     42.00     94.00    182.00    907.00      0.00       4.3570    0.0942      1.00      3.00      6.00     36.00      0.00     112.5645    2.8960     21.00     72.00    157.00   1194.00      0.00
  0.2000   0.1200      150.5810    3.2447     46.00    102.00    216.00   1239.00      0.00       5.6545    0.1278      2.00      4.00      8.00     49.00      0.00      99.2915    2.5024     16.00     60.00    143.00    813.00      0.00
  0.2000   0.1000      154.9505    3.4153     46.00    106.00    211.00   1180.00      0.00       8.1100    0.1875      2.00      6.00     11.00     84.00      0.00      74.6990    2.1230      8.00     40.00    103.00    735.00      0.00
  0.2000   0.0800      171.8705    3.7477     53.00    119.00    243.00   1224.00      0.00      12.2635    0.3014      3.00      9.00     16.00    143.00      0.00      52.7345    1.6454      5.00     23.00     73.00    709.00      0.00
  0.2000   0.0600      186.7270    4.2009     54.00    132.00    248.00   1415.00      0.00      23.6050    0.5631      6.00     16.00     33.00    204.00      0.00      32.0915    1.2657      2.00      9.00     36.00    518.00      0.00
  0.2000   0.0400      190.3790    4.2575     54.00    133.00    266.00   1448.00      0.00      52.2140    1.2459     13.00     34.00     71.00    425.00      0.00      15.1860    0.7585      0.00      3.00     12.00    335.00      0.00
  0.2000   0.0200      203.7665    4.5975     55.00    142.00    280.00   1620.00      0.00     123.0140    2.8685     31.00     82.00    173.00   1058.00      0.00       3.8835    0.3535      0.00      0.00      2.00    386.00      0.00
