Amp Radius  OC_Mean OC_Std OC_Q1 OC_Med OC_Q3 OC_Max OC_Min  Exp_Mean Exp_Std Exp_Q1 Exp_Med Exp_Q3 Exp_Max Exp_Min  Num_Mean Num_Std Num_Q1 Num_Med Num_Q3 Num_Max Num_Min
  2.0000   0.2000        4.0695    0.0459      3.00      4.00      5.00     18.00      0.00       1.4695    0.0189      1.00      1.00      2.00      8.00      0.00       9.2975    0.1047      6.00      9.00     13.00     24.00      0.00
  2.0000   0.1800        4.4745    0.0533      3.00      4.00      6.00     25.00      0.00       1.5780    0.0204      1.00      1.00      2.00      9.00      0.00       9.2635    0.1052      5.00     10.00     13.00     24.00      0.00
  2.0000   0.1600        4.9400    0.0611      3.00      4.00      6.00     25.00      0.00       1.7630    0.0258      1.00      1.00      2.00     10.00      0.00       8.8710    0.1036      5.00     10.00     12.00     23.00      0.00
  2.0000   0.1400        5.6655    0.0733      3.00      5.00      7.00     27.00      0.00       2.1230    0.0321      1.00      2.00      3.00     10.00      0.00       8.5685    0.0999      5.00      9.00     12.00     24.00      0.00
  2.0000   0.1200        6.4355    0.0842      4.00      6.00      8.00     28.00      0.00       2.6125    0.0436      1.00      2.00      3.00     21.00      0.00       8.0715    0.0990      4.00      8.00     12.00     20.00      0.00
  2.0000   0.1000        7.7565    0.1078      4.00      7.00     10.00     48.00      0.00       3.1975    0.0535      1.00      3.00      4.00     26.00      0.00       7.9620    0.0963      4.00      8.00     11.00     20.00      0.00
  2.0000   0.0800       10.2830    0.1661      5.00      9.00     13.00     74.00      0.00       4.6485    0.0904      2.00      4.00      6.00     37.00      0.00       7.6455    0.0949      3.00      8.00     11.00     18.00      0.00
  2.0000   0.0600       15.6170    0.3134      7.00     12.00     20.00    227.00      0.00       8.3135    0.2029      3.00      6.00     11.00    163.00      0.00       7.2390    0.0961      3.00      8.00     11.00     18.00      0.00
  2.0000   0.0400       32.9150    0.6948     11.00     24.00     45.00    220.00      0.00      23.5315    0.5499      6.00     16.00     33.00    198.00      0.00       6.1845    0.0968      2.00      6.00     10.00     20.00      0.00
  2.0000   0.0200       96.8860    2.0906     27.00     69.00    135.00    623.00      0.00      85.5230    1.9125     22.00     59.00    120.00    619.00      0.00       3.4185    0.0878      0.00      2.00      7.00     17.00      0.00
  1.8000   0.2000        4.6385    0.0529      3.00      4.00      6.00     17.00      0.00       1.3870    0.0165      1.00      1.00      2.00      6.00      0.00      10.5625    0.1148      7.00     11.00     14.00     30.00      0.00
  1.8000   0.1800        5.1735    0.0644      3.00      5.00      6.00     30.00      0.00       1.6290    0.0224      1.00      1.00      2.00      8.00      0.00      10.2750    0.1088      7.00     11.00     14.00     28.00      0.00
  1.8000   0.1600        5.6955    0.0722      3.00      5.00      7.00     25.00      0.00       1.7750    0.0251      1.00      1.00      2.00     10.00      0.00       9.8420    0.1100      6.00     10.00     13.00     27.00      0.00
  1.8000   0.1400        6.3930    0.0855      4.00      6.00      8.00     36.00      0.00       2.1035    0.0309      1.00      2.00      3.00     12.00      0.00       9.4615    0.1060      6.00     10.00     13.00     27.00      0.00
  1.8000   0.1200        7.3305    0.1013      4.00      6.00      9.00     45.00      0.00       2.4805    0.0383      1.00      2.00      3.00     13.00      0.00       9.1375    0.1024      5.00     10.00     12.00     26.00      0.00
  1.8000   0.1000        9.2425    0.1364      5.00      8.00     12.00     46.00      0.00       3.3415    0.0562      1.00      3.00      5.00     23.00      0.00       8.9130    0.1020      5.00     10.00     12.00     23.00      0.00
  1.8000   0.0800       12.1115    0.2003      6.00     10.00     16.00    110.00      0.00       4.8855    0.1017      2.00      4.00      6.00     60.00      0.00       8.4775    0.0998      5.00      9.00     12.00     22.00      0.00
  1.8000   0.0600       17.9225    0.3385      8.00     14.00     23.00    124.00      0.00       8.7730    0.2214      3.00      6.00     11.00    107.00      0.00       7.6920    0.0980      4.00      8.00     11.00     19.00      0.00
  1.8000   0.0400       37.5545    0.8081     13.00     27.00     50.00    292.00      0.00      24.8730    0.6281      6.00     16.00     34.00    273.00      0.00       6.5240    0.1005      2.00      7.00     10.00     19.00      0.00
  1.8000   0.0200      104.2510    2.2463     30.00     76.00    149.00    850.00      0.00      86.3605    1.9980     22.00     60.00    121.00    797.00      0.00       3.7890    0.0955      0.00      2.00      8.00     22.00      0.00
  1.6000   0.2000        5.3705    0.0655      3.00      5.00      7.00     29.00      0.00       1.4130    0.0169      1.00      1.00      2.00      6.00      0.00      12.0650    0.1250      8.00     12.00     16.00     34.00      0.00
  1.6000   0.1800        5.9180    0.0720      4.00      5.00      8.00     23.00      0.00       1.5900    0.0215      1.00      1.00      2.00      8.00      0.00      11.6120    0.1191      8.00     12.00     15.00     33.00      0.00
  1.6000   0.1600        6.4580    0.0841      4.00      6.00      8.00     33.00      0.00       1.8050    0.0261      1.00      1.00      2.00     11.00      0.00      10.9760    0.1148      7.00     12.00     14.00     31.00      0.00
  1.6000   0.1400        7.5835    0.1007      4.00      7.00     10.00     42.00      0.00       2.0935    0.0308      1.00      2.00      3.00      9.00      0.00      10.7700    0.1115      7.00     11.00     14.00     31.00      0.00
  1.6000   0.1200        8.5250    0.1203      5.00      7.00     11.00     53.00      0.00       2.5210    0.0409      1.00      2.00      3.00     24.00      0.00       9.9990    0.1101      6.00     11.00     13.00     26.00      0.00
  1.6000   0.1000       10.7675    0.1615      6.00      9.00     14.00     69.00      0.00       3.3155    0.0567      1.00      3.00      4.00     22.00      0.00       9.8450    0.1053      6.00     11.00     13.00     29.00      0.00
  1.6000   0.0800       14.4915    0.2677      7.00     12.00     18.00    273.00      0.00       4.9720    0.1065      2.00      4.00      7.00     76.00      0.00       9.3510    0.1048      6.00     10.00     13.00     27.00      0.00
  1.6000   0.0600       20.5150    0.3621      9.00     16.00     27.00    246.00      0.00       8.6035    0.2042      3.00      6.00     11.00    154.00      0.00       8.6675    0.1046      5.00     10.00     12.00     21.00      0.00
  1.6000   0.0400       40.2785    0.8394     15.00     29.00     53.00    341.00      0.00      24.1140    0.6029      6.00     15.00     33.00    241.00      0.00       7.4470    0.1107      3.00      8.00     11.00     21.00      0.00
  1.6000   0.0200      101.4665    2.1964     30.00     70.00    141.00    642.00      0.00      81.5655    1.8776     21.00     55.00    114.00    595.00      0.00       3.9355    0.1029      0.00      1.00      8.00     22.00      0.00
  1.4000   0.2000        6.4550    0.0786      4.00      6.00      8.00     26.00      0.00       1.4360    0.0178      1.00      1.00      2.00      6.00      0.00      13.6655    0.1380     10.00     14.00     17.00     40.00      0.00
  1.4000   0.1800        7.1525    0.0944      4.00      6.00      9.00     38.00      0.00       1.5365    0.0205      1.00      1.00      2.00      7.00      0.00      13.2845    0.1328     10.00     13.00     17.00     37.00      0.00
  1.4000   0.1600        7.7950    0.1074      4.00      7.00     10.00     45.00      0.00       1.7985    0.0254      1.00      1.00      2.00      9.00      0.00      12.5490    0.1310      9.00     13.00     16.00     35.00      0.00
  1.4000   0.1400        8.9415    0.1227      5.00      8.00     12.00     42.00      0.00       2.0145    0.0295      1.00      2.00      3.00     11.00      0.00      12.1165    0.1236      9.00     12.00     15.00     34.00      0.00
  1.4000   0.1200       11.0155    0.1637      6.00      9.00     15.00     64.00      0.00       2.5080    0.0392      1.00      2.00      3.00     11.00      0.00      11.7895    0.1254      8.00     12.00     15.00     32.00      0.00
  1.4000   0.1000       13.1785    0.2002      7.00     11.00     17.00     81.00      0.00       3.2320    0.0529      1.00      3.00      4.00     16.00      0.00      11.1160    0.1183      8.00     12.00     14.00     38.00      0.00
  1.4000   0.0800       17.4090    0.3004      8.00     14.00     23.00    105.00      0.00       4.7325    0.0918      2.00      4.00      6.00     45.00      0.00      10.6915    0.1146      7.00     11.00     14.00     30.00      0.00
  1.4000   0.0600       25.1270    0.4603     11.00     19.00     34.00    174.00      0.00       8.9100    0.2184      3.00      6.00     11.00    138.00      0.00       9.7350    0.1176      6.00     11.00     13.00     33.00      0.00
  1.4000   0.0400       47.5460    0.9999     17.00     34.00     65.00    371.00      0.00      24.4160    0.6214      6.00     14.00     33.00    269.00      0.00       8.3220    0.1265      3.00      9.00     13.00     28.00      0.00
  1.4000   0.0200      112.0360    2.5816     33.00     76.00    151.00   1065.00      0.00      83.6845    2.0199     23.00     57.00    111.00    728.00      0.00       4.3225    0.1172      0.00      1.00      9.00     25.00      0.00
  1.2000   0.2000        8.1715    0.1082      5.00      7.00     11.00     45.00      0.00       1.4375    0.0179      1.00      1.00      2.00      7.00      0.00      16.3350    0.1767     11.00     16.00     21.00     56.00      0.00
  1.2000   0.1800        8.8370    0.1174      5.00      8.00     11.00     45.00      0.00       1.5600    0.0213      1.00      1.00      2.00      9.00      0.00      15.5220    0.1647     11.00     15.00     20.00     61.00      0.00
  1.2000   0.1600        9.9415    0.1434      5.00      9.00     13.00     62.00      0.00       1.7995    0.0285      1.00      1.00      2.00     22.00      0.00      14.9955    0.1628     10.00     15.00     19.00     44.00      0.00
  1.2000   0.1400       11.3175    0.1715      6.00     10.00     15.00     75.00      0.00       2.0720    0.0320      1.00      2.00      3.00     16.00      0.00      14.3580    0.1552     10.00     14.00     18.00     48.00      0.00
  1.2000   0.1200       13.8505    0.2080      7.00     12.00     18.00    105.00      0.00       2.6260    0.0428      1.00      2.00      3.00     18.00      0.00      13.9385    0.1465     10.00     14.00     18.00     42.00      0.00
  1.2000   0.1000       16.6645    0.2605      8.00     14.00     22.00     96.00      0.00       3.1580    0.0540      1.00      3.00      4.00     26.00      0.00      13.1620    0.1446      9.00     13.00     17.00     46.00      0.00
  1.2000   0.0800       22.4955    0.3963     10.00     18.00     29.00    141.00      0.00       4.8495    0.1061      2.00      4.00      6.00     69.00      0.00      12.2310    0.1424      8.00     13.00     16.00     42.00      0.00
  1.2000   0.0600       32.3620    0.6278     13.00     25.00     43.00    344.00      0.00       8.7050    0.2073      3.00      6.00     11.00    128.00      0.00      11.4195    0.1448      7.00     12.00     15.00     39.00      0.00
  1.2000   0.0400       59.8990    1.2071     21.00     45.00     81.00    380.00      0.00      24.7885    0.6101      6.00     15.00     35.00    278.00      0.00       9.4195    0.1498      3.00     10.00     14.00     33.00      0.00
  1.2000   0.0200      125.3925    2.8192     39.00     86.00    171.00    885.00      0.00      85.9635    1.9740     24.00     58.00    118.00    706.00      0.00       4.6060    0.1363      0.00      1.00      9.00     31.00      0.00
  1.0000   0.2000       10.7730    0.1479      6.00     10.00     14.00     55.00      0.00       1.4285    0.0173      1.00      1.00      2.00      6.00      0.00      20.3750    0.2353     13.00     19.00     26.00    102.00      0.00
  1.0000   0.1800       12.1660    0.1754      6.00     10.00     16.00     55.00      0.00       1.6100    0.0219      1.00      1.00      2.00      8.00      0.00      19.8305    0.2225     13.00     19.00     25.00     72.00      0.00
  1.0000   0.1600       13.7645    0.2011      7.00     12.00     18.00     72.00      0.00       1.8085    0.0263      1.00      1.00      2.00     11.00      0.00      18.9645    0.2132     13.00     18.00     25.00     66.00      0.00
  1.0000   0.1400       15.1210    0.2267      8.00     13.00     20.00    101.00      0.00       2.0770    0.0329      1.00      2.00      3.00     13.00      0.00      17.7445    0.2016     12.00     17.00     23.00     54.00      0.00
  1.0000   0.1200       19.3560    0.3157     10.00     16.00     25.00    105.00      0.00       2.5135    0.0376      1.00      2.00      3.00     14.00      0.00      17.4060    0.1978     12.00     17.00     22.00     59.00      0.00
  1.0000   0.1000       22.6800    0.3818     11.00     19.00     30.00    164.00      0.00       3.2120    0.0529      1.00      3.00      4.00     23.00      0.00      15.9755    0.1957     11.00     15.00     21.00     57.00      0.00
  1.0000   0.0800       31.6205    0.5742     14.00     25.00     42.00    252.00      0.00       4.8625    0.0997      2.00      4.00      6.00     47.00      0.00      15.2295    0.1969     10.00     15.00     20.00     62.00      0.00
  1.0000   0.0600       44.1625    0.8456     18.00     33.00     59.00    300.00      0.00       8.9180    0.2200      3.00      6.00     11.00    113.00      0.00      13.5730    0.1905      7.00     13.00     19.00     53.00      0.00
  1.0000   0.0400       75.7440    1.6203     25.00     54.00    101.00    638.00      0.00      24.5635    0.6149      6.00     15.00     33.00    283.00      0.00      11.0210    0.2028      3.00     11.00     17.00     58.00      0.00
  1.0000   0.0200      139.2300    3.0346     45.00     97.00    192.00   1097.00      0.00      83.0725    1.9485     20.00     56.00    116.00    670.00      0.00       5.1425    0.1676      0.00      1.00      9.00     48.00      0.00
  0.8000   0.2000       16.3050    0.2478      8.00     14.00     22.00    106.00      0.00       1.4265    0.0178      1.00      1.00      2.00      8.00      0.00      28.7145    0.3855     17.00     26.00     37.00    139.00      0.00
  0.8000   0.1800       18.0890    0.2991      9.00     15.00     23.00    175.00      0.00       1.5805    0.0209      1.00      1.00      2.00     10.00      0.00      27.7435    0.3641     16.00     25.00     36.00    127.00      0.00
  0.8000   0.1600       20.7205    0.3349     10.00     17.00     28.00    134.00      0.00       1.7965    0.0252      1.00      1.00      2.00      8.00      0.00      26.3800    0.3470     16.00     24.00     35.00    107.00      0.00
  0.8000   0.1400       23.2390    0.3894     11.00     19.00     31.00    188.00      0.00       2.0695    0.0312      1.00      2.00      3.00     12.00      0.00      24.4960    0.3346     14.00     22.00     32.00    135.00      0.00
  0.8000   0.1200       29.2115    0.5031     14.00     24.00     39.00    227.00      0.00       2.5165    0.0422      1.00      2.00      3.00     18.00      0.00      24.1040    0.3361     14.00     21.00     31.00    103.00      0.00
  0.8000   0.1000       36.0280    0.6428     16.00     28.00     49.00    266.00      0.00       3.3565    0.0658      1.00      3.00      4.00     46.00      0.00      22.5035    0.3217     13.00     20.00     30.00     85.00      0.00
  0.8000   0.0800       45.7100    0.9102     18.00     34.00     60.00    458.00      0.00       4.6615    0.0917      2.00      4.00      6.00     74.00      0.00      19.6465    0.3113     10.00     18.00     27.00    108.00      0.00
  0.8000   0.0600       66.8720    1.3784     25.00     48.00     89.00    634.00      0.00       8.6945    0.2228      3.00      6.00     11.00    146.00      0.00      17.5705    0.3069      7.00     16.00     24.00     97.00      0.00
  0.8000   0.0400       98.9570    2.0673     33.00     72.00    136.00    783.00      0.00      24.8200    0.6002      6.00     15.00     36.00    177.00      0.00      13.3520    0.2880      2.00     11.00     20.00    110.00      0.00
  0.8000   0.0200      162.0860    3.6186     49.00    111.00    227.00   1568.00      0.00      84.8365    1.9151     24.00     59.00    118.00    697.00      0.00       5.1875    0.1972      0.00      1.00      6.00     59.00      0.00
  0.6000   0.2000       28.9060    0.5141     13.00     23.00     37.00    196.00      0.00       1.4075    0.0164      1.00      1.00      2.00      7.00      0.00      46.0450    0.7143     23.00     40.00     60.00    258.00      0.00
  0.6000   0.1800       31.7735    0.5839     15.00     25.00     42.00    274.00      0.00       1.5870    0.0223      1.00      1.00      2.00      9.00      0.00      43.3530    0.7087     22.00     36.00     57.00    249.00      0.00
  0.6000   0.1600       36.2650    0.6799     16.00     28.00     47.00    344.00      0.00       1.8030    0.0265      1.00      1.00      2.00     20.00      0.00      41.8305    0.6684     21.00     35.00     55.00    204.00      0.00
  0.6000   0.1400       43.2205    0.8445     17.00     33.00     57.00    352.00      0.00       2.0785    0.0319      1.00      2.00      3.00     15.00      0.00      40.1195    0.6845     19.00     34.00     54.00    243.00      0.00
  0.6000   0.1200       52.1045    1.0046     20.00     40.00     70.00    463.00      0.00       2.5915    0.0412      1.00      2.00      3.00     16.00      0.00      36.4020    0.5920     17.00     31.00     50.00    210.00      0.00
  0.6000   0.1000       61.3560    1.2252     23.00     47.00     81.00    539.00      0.00       3.1805    0.0518      1.00      3.00      4.00     19.00      0.00      32.2230    0.5624     14.00     27.00     44.00    211.00      0.00
  0.6000   0.0800       82.7540    1.7613     30.00     60.00    112.00    848.00      0.00       4.7425    0.0963      2.00      4.00      6.00     41.00      0.00      28.7970    0.5275     12.00     23.00     41.00    169.00      0.00
  0.6000   0.0600      106.1490    2.2492     35.00     75.00    145.00    618.00      0.00       8.5675    0.2110      3.00      6.00     11.00    152.00      0.00      22.6030    0.4722      6.00     17.00     33.00    161.00      0.00
  0.6000   0.0400      145.6485    3.0750     45.00    107.00    198.00   1014.00      0.00      24.6140    0.6163      6.00     15.00     34.00    249.00      0.00      14.7380    0.3798      2.00     10.00     22.00    209.00      0.00
  0.6000   0.0200      188.5700    4.3464     54.00    129.00    257.00   1514.00      0.00      82.0270    1.9849     22.00     55.00    113.00    789.00      0.00       4.6760    0.1917      0.00      1.00      5.00     76.00      0.00
  0.4000   0.2000       70.8715    1.4532     26.00     51.00     96.00    569.00      0.00       1.4255    0.0177      1.00      1.00      2.00      8.00      0.00      96.8110    1.9113     37.00     70.00    131.00    639.00      0.00
  0.4000   0.1800       76.3240    1.5568     29.00     56.00    103.00    460.00      0.00       1.5825    0.0212      1.00      1.00      2.00     10.00      0.00      87.6715    1.6836     34.00     66.00    120.00    460.00      0.00
  0.4000   0.1600       87.1535    1.8370     29.00     62.00    118.00    665.00      0.00       1.8220    0.0260      1.00      1.00      2.00     14.00      0.00      81.2125    1.6368     30.00     61.00    111.00    662.00      0.00
  0.4000   0.1400       97.0120    2.1610     32.00     69.00    129.00    857.00      0.00       2.1015    0.0318      1.00      2.00      3.00     12.00      0.00      72.0700    1.5610     25.00     52.00     96.00    613.00      0.00
  0.4000   0.1200      117.2285    2.5589     37.00     81.00    161.00    940.00      0.00       2.5360    0.0396      1.00      2.00      3.00     13.00      0.00      65.4245    1.3684     22.00     46.00     90.00    459.00      0.00
  0.4000   0.1000      132.1270    2.9011     41.00     94.00    181.00   1130.00      0.00       3.4185    0.0649      1.00      3.00      4.00     37.00      0.00      53.2670    1.1783     16.00     39.00     74.00    440.00      0.00
  0.4000   0.0800      145.0465    3.1292     43.00    100.00    205.00    979.00      0.00       4.6870    0.0989      2.00      4.00      6.00     72.00      0.00      38.6870    0.8788     10.00     27.00     54.00    320.00      0.00
  0.4000   0.0600      166.6400    3.7109     50.00    117.00    228.00   1474.00      0.00       8.7375    0.2056      3.00      6.00     11.00    128.00      0.00      26.0000    0.6310      6.00     17.00     36.00    195.00      0.00
  0.4000   0.0400      179.5705    4.0587     48.00    124.00    246.00   1673.00      0.00      24.0735    0.6110      6.00     14.00     33.00    257.00      0.00      13.6185    0.4091      2.00      7.00     18.00    155.00      0.00
  0.4000   0.0200      190.6675    4.3810     53.00    129.00    263.00   1483.00      0.00      84.5895    2.0278     23.00     56.00    115.00    795.00      0.00       3.3740    0.1555      0.00      1.00      4.00     78.00      0.00
  0.2000   0.2000      161.9720    3.5774     49.00    112.00    224.00   1558.00      0.00       1.4610    0.0188      1.00      1.00      2.00      7.00      0.00     184.1775    4.1886     52.00    124.00    257.00   1931.00      0.00
  0.2000   0.1800      157.6775    3.4753     45.00    110.00    225.00   1792.00      0.00       1.5375    0.0193      1.00      1.00      2.00      7.00      0.00     148.8430    3.3726     41.00    104.00    210.00   1203.00      0.00
  0.2000   0.1600      166.2540    3.7314     50.00    115.00    226.00   1365.00      0.00       1.8530    0.0276      1.00      1.00      2.00     16.00      0.00     124.1325    2.8475     37.00     84.00    170.00   1033.00      0.00
  0.2000   0.1400      178.1790    4.0247     49.00    124.00    245.00   1457.00      0.00       2.1140    0.0318      1.00      2.00      3.00     11.00      0.00     105.4515    2.4813     28.00     70.00    146.00    849.00      0.00
  0.2000   0.1200      188.6165    4.2697     55.00    128.00    262.00   1760.00      0.00       2.5515    0.0411      1.00      2.00      3.00     14.00      0.00      82.5850    1.9214     22.00     54.00    113.00    859.00      0.00
  0.2000   0.1000      185.8620    4.1305     50.00    128.00    265.00   1925.00      0.00       3.2550    0.0583      1.00      3.00      4.00     24.00      0.00      58.5710    1.3639     15.00     38.00     83.00    687.00      0.00
  0.2000   0.0800      189.0060    4.2117     57.00    130.00    260.00   1589.00      0.00       4.8885    0.0986      2.00      4.00      6.00     44.00      0.00      38.4340    0.9218     10.00     25.00     52.00    356.00      0.00
  0.2000   0.0600      184.4950    4.0519     52.00    132.00    257.00   1321.00      0.00       8.0705    0.1798      3.00      6.00     10.00     87.00      0.00      21.9655    0.5191      5.00     15.00     31.00    154.00      0.00
  0.2000   0.0400      194.4800    4.2920     59.00    133.00    270.00   1372.00      0.00      24.9005    0.6180      6.00     15.00     34.00    244.00      0.00      10.4920    0.2815      2.00      6.00     15.00    122.00      0.00
  0.2000   0.0200      210.1130    4.6434     63.00    144.00    296.00   1910.00      0.00      88.1760    1.9911     24.00     62.00    120.00    673.00      0.00       2.7910    0.1028      0.00      1.00      4.00     43.00      0.00
