Amp Radius  OC_Mean OC_Std OC_Q1 OC_Med OC_Q3 OC_Max OC_Min  Exp_Mean Exp_Std Exp_Q1 Exp_Med Exp_Q3 Exp_Max Exp_Min  Num_Mean Num_Std Num_Q1 Num_Med Num_Q3 Num_Max Num_Min
  2.0000   0.2000        3.9855    0.0467      3.00      4.00      5.00     15.00      0.00       1.4445    0.0185      1.00      1.00      2.00      7.00      0.00       9.5210    0.1052      6.00     10.00     13.00     24.00      0.00
  2.0000   0.1800        4.4910    0.0563      3.00      4.00      6.00     29.00      0.00       1.6290    0.0226      1.00      1.00      2.00      8.00      0.00       9.3895    0.1058      6.00     10.00     13.00     28.00      0.00
  2.0000   0.1600        4.8485    0.0590      3.00      4.00      6.00     24.00      0.00       1.7820    0.0247      1.00      1.00      2.00     10.00      0.00       9.0565    0.1010      5.00     10.00     12.00     22.00      0.00
  2.0000   0.1400        5.6475    0.0781      3.00      5.00      7.00     39.00      0.00       2.1245    0.0324      1.00      2.00      3.00     10.00      0.00       8.6185    0.1025      4.00      9.00     12.00     23.00      0.00
  2.0000   0.1200        6.2960    0.0887      4.00      5.00      8.00     36.00      0.00       2.4950    0.0388      1.00      2.00      3.00     15.00      0.00       8.3340    0.0982      4.00      9.00     12.00     25.00      0.00
  2.0000   0.1000        7.9020    0.1163      4.00      7.00     10.00     42.00      0.00       3.3240    0.0571      1.00      3.00      4.00     26.00      0.00       8.1155    0.0967      4.00      9.00     12.00     21.00      0.00
  2.0000   0.0800       10.4690    0.1714      5.00      9.00     14.00     82.00      0.00       4.7640    0.0961      2.00      4.00      7.00     64.00      0.00       7.8695    0.0932      4.00      9.00     11.00     18.00      0.00
  2.0000   0.0600       15.4465    0.2850      7.00     12.00     20.00    176.00      0.00       8.3895    0.2017      3.00      6.00     11.00    175.00      0.00       7.2210    0.0947      3.00      8.00     11.00     18.00      0.00
  2.0000   0.0400       32.1065    0.6872     11.00     22.00     43.00    312.00      0.00      23.4875    0.5995      6.00     14.00     33.00    304.00      0.00       6.1600    0.0943      2.00      6.00     10.00     16.00      0.00
  2.0000   0.0200       93.0405    2.1162     25.00     63.00    124.00    679.00      0.00      81.0710    1.9261     20.00     54.00    111.00    540.00      0.00       3.4050    0.0880      0.00      1.00      7.00     16.00      0.00
  1.8000   0.2000        4.5310    0.0540      3.00      4.00      6.00     21.00      0.00       1.4455    0.0184      1.00      1.00      2.00      8.00      0.00      10.5370    0.1073      7.00     11.00     14.00     25.00      0.00
  1.8000   0.1800        4.9660    0.0619      3.00      4.00      6.00     26.00      0.00       1.6060    0.0221      1.00      1.00      2.00      9.00      0.00      10.1930    0.1072      7.00     11.00     13.00     30.00      0.00
  1.8000   0.1600        5.6730    0.0751      3.00      5.00      7.00     43.00      0.00       1.8305    0.0270      1.00      1.00      2.00     12.00      0.00       9.8890    0.1071      6.00     11.00     13.00     26.00      0.00
  1.8000   0.1400        6.3655    0.0846      4.00      6.00      8.00     45.00      0.00       2.1710    0.0339      1.00      2.00      3.00     15.00      0.00       9.5715    0.1032      6.00     10.00     13.00     25.00      0.00
  1.8000   0.1200        7.3715    0.1029      4.00      6.00     10.00     49.00      0.00       2.6430    0.0419      1.00      2.00      4.00     20.00      0.00       9.2760    0.1005      6.00     10.00     12.00     22.00      0.00
  1.8000   0.1000        9.0040    0.1334      5.00      8.00     12.00     49.00      0.00       3.3420    0.0608      1.00      3.00      4.00     38.00      0.00       8.7715    0.0976      5.00     10.00     12.00     24.00      0.00
  1.8000   0.0800       11.9055    0.1937      6.00     10.00     16.00     83.00      0.00       4.7705    0.0912      2.00      4.00      6.00     58.00      0.00       8.3960    0.0989      4.00      9.00     12.00     23.00      0.00
  1.8000   0.0600       17.0285    0.3146      8.00     14.00     22.00    176.00      0.00       8.2420    0.1892      3.00      6.00     11.00    125.00      0.00       7.9810    0.0994      4.00      9.00     12.00     22.00      0.00
  1.8000   0.0400       36.1880    0.7326     13.00     26.00     50.00    262.00      0.00      23.8420    0.5723      6.00     15.00     32.00    259.00      0.00       6.9830    0.1018      3.00      7.00     11.00     20.00      0.00
  1.8000   0.0200       96.0915    2.0905     28.00     68.00    136.00    784.00      0.00      78.9825    1.8176     20.00     54.00    114.00    776.00      0.00       3.9395    0.0954      0.00      2.00      8.00     17.00      0.00
  1.6000   0.2000        5.3580    0.0654      3.00      5.00      7.00     19.00      0.00       1.4710    0.0186      1.00      1.00      2.00      8.00      0.00      11.9920    0.1214      8.00     12.00     15.00     34.00      0.00
  1.6000   0.1800        5.8695    0.0773      3.00      5.00      7.00     33.00      0.00       1.6235    0.0226      1.00      1.00      2.00     10.00      0.00      11.3865    0.1154      8.00     12.00     15.00     31.00      0.00
  1.6000   0.1600        6.5170    0.0898      4.00      6.00      8.00     55.00      0.00       1.8260    0.0255      1.00      1.00      2.00      9.00      0.00      11.1695    0.1127      8.00     12.00     14.00     31.00      0.00
  1.6000   0.1400        7.5140    0.1015      4.00      7.00     10.00     29.00      0.00       2.1605    0.0332      1.00      2.00      3.00     12.00      0.00      10.6870    0.1110      7.00     11.00     14.00     33.00      0.00
  1.6000   0.1200        8.6495    0.1228      5.00      8.00     11.00     76.00      0.00       2.5175    0.0406      1.00      2.00      3.00     26.00      0.00      10.1650    0.1073      7.00     11.00     14.00     30.00      0.00
  1.6000   0.1000       10.5160    0.1643      5.00      9.00     14.00     70.00      0.00       3.1925    0.0597      1.00      2.00      4.00     40.00      0.00       9.8860    0.1036      7.00     11.00     13.00     31.00      0.00
  1.6000   0.0800       13.6865    0.2236      7.00     11.00     18.00     81.00      0.00       4.6020    0.0870      2.00      4.00      6.00     50.00      0.00       9.2975    0.1006      6.00     10.00     12.00     24.00      0.00
  1.6000   0.0600       21.0830    0.4311      9.00     16.00     27.00    276.00      0.00       8.9605    0.2539      3.00      6.00     11.00    208.00      0.00       8.7375    0.1037      5.00     10.00     12.00     25.00      0.00
  1.6000   0.0400       40.3640    0.8476     14.00     29.00     54.00    384.00      0.00      24.1695    0.5968      6.00     15.00     33.00    249.00      0.00       7.3740    0.1072      3.00      8.00     11.00     25.00      0.00
  1.6000   0.0200      103.9860    2.3300     31.00     70.00    147.00   1067.00      0.00      83.5405    1.9460     21.00     54.00    117.00    748.00      0.00       4.1435    0.1051      0.00      2.00      8.00     20.00      0.00
  1.4000   0.2000        6.2810    0.0813      4.00      6.00      8.00     34.00      0.00       1.4320    0.0176      1.00      1.00      2.00      8.00      0.00      13.4840    0.1344     10.00     14.00     17.00     41.00      0.00
  1.4000   0.1800        6.9160    0.0920      4.00      6.00      9.00     34.00      0.00       1.6235    0.0218      1.00      1.00      2.00      8.00      0.00      13.0575    0.1325      9.00     13.00     17.00     39.00      0.00
  1.4000   0.1600        8.1030    0.1120      4.00      7.00     11.00     53.00      0.00       1.8335    0.0272      1.00      1.00      2.00     11.00      0.00      12.8395    0.1277      9.00     13.00     16.00     35.00      0.00
  1.4000   0.1400        9.0820    0.1270      5.00      8.00     12.00     48.00      0.00       2.1340    0.0327      1.00      2.00      3.00     18.00      0.00      12.1935    0.1259      9.00     12.00     16.00     37.00      0.00
  1.4000   0.1200       10.5455    0.1592      6.00      9.00     14.00     65.00      0.00       2.5370    0.0397      1.00      2.00      3.00     13.00      0.00      11.6890    0.1203      8.00     12.00     15.00     33.00      0.00
  1.4000   0.1000       13.3640    0.2074      7.00     11.00     17.00     74.00      0.00       3.4165    0.0590      1.00      3.00      5.00     23.00      0.00      11.3550    0.1178      8.00     12.00     14.00     35.00      0.00
  1.4000   0.0800       17.0455    0.2841      8.00     14.00     22.00    115.00      0.00       4.7720    0.0882      2.00      4.00      6.00     62.00      0.00      10.5820    0.1130      7.00     11.00     14.00     30.00      0.00
  1.4000   0.0600       25.2345    0.4983     10.00     19.00     33.00    216.00      0.00       8.3340    0.1852      3.00      6.00     11.00     95.00      0.00       9.8065    0.1155      6.00     11.00     13.00     33.00      0.00
  1.4000   0.0400       46.4095    1.0120     16.00     33.00     61.00    438.00      0.00      22.2705    0.5531      6.00     14.00     32.00    298.00      0.00       8.2155    0.1226      3.00      9.00     12.00     31.00      0.00
  1.4000   0.0200      110.8570    2.4480     36.00     77.00    149.00    862.00      0.00      81.0360    1.8251     22.00     56.00    112.00    636.00      0.00       4.4340    0.1188      0.00      1.00      9.00     29.00      0.00
  1.2000   0.2000        8.0080    0.1044      5.00      7.00     10.00     36.00      0.00       1.4905    0.0195      1.00      1.00      2.00      7.00      0.00      16.1415    0.1673     11.00     16.00     20.00     52.00      0.00
  1.2000   0.1800        8.7885    0.1189      5.00      8.00     11.00     48.00      0.00       1.6060    0.0215      1.00      1.00      2.00      8.00      0.00      15.5555    0.1593     11.00     15.00     19.00     49.00      0.00
  1.2000   0.1600        9.8315    0.1460      5.00      8.00     13.00     76.00      0.00       1.8240    0.0264      1.00      1.00      2.00      8.00      0.00      14.8925    0.1582     11.00     15.00     19.00     42.00      0.00
  1.2000   0.1400       11.1890    0.1620      6.00     10.00     15.00     69.00      0.00       2.1485    0.0334      1.00      2.00      3.00     11.00      0.00      14.3385    0.1539     10.00     14.00     18.00     45.00      0.00
  1.2000   0.1200       13.3630    0.2132      7.00     11.00     17.00     81.00      0.00       2.5275    0.0398      1.00      2.00      3.00     15.00      0.00      13.7620    0.1511     10.00     14.00     17.00     47.00      0.00
  1.2000   0.1000       16.7565    0.2834      8.00     14.00     22.00    147.00      0.00       3.3830    0.0639      1.00      3.00      5.00     57.00      0.00      13.2670    0.1433      9.00     13.00     17.00     46.00      0.00
  1.2000   0.0800       22.5545    0.3842     11.00     19.00     29.00    229.00      0.00       4.7150    0.0895      2.00      4.00      6.00     57.00      0.00      12.5245    0.1391      9.00     13.00     16.00     42.00      0.00
  1.2000   0.0600       33.4805    0.6102     14.00     26.00     45.00    235.00      0.00       8.5595    0.1959      3.00      6.00     11.00    118.00      0.00      11.3550    0.1410      7.00     12.00     15.00     37.00      0.00
  1.2000   0.0400       56.5700    1.1065     21.00     42.00     76.00    389.00      0.00      22.8660    0.5422      6.00     15.00     32.00    208.00      0.00       9.2715    0.1509      3.00     10.00     14.00     44.00      0.00
  1.2000   0.0200      121.3245    2.7262     37.00     83.00    163.00   1145.00      0.00      79.7520    1.8369     21.00     55.00    108.00    618.00      0.00       4.5725    0.1345      0.00      1.00      9.00     32.00      0.00
  1.0000   0.2000       10.7760    0.1533      6.00      9.00     14.00     57.00      0.00       1.4405    0.0185      1.00      1.00      2.00      9.00      0.00      20.4790    0.2351     14.00     19.00     26.00     79.00      0.00
  1.0000   0.1800       11.7035    0.1695      6.00     10.00     15.00     53.00      0.00       1.6350    0.0234      1.00      1.00      2.00     11.00      0.00      19.3340    0.2159     13.00     18.00     25.00     62.00      0.00
  1.0000   0.1600       13.5320    0.2027      7.00     12.00     18.00     74.00      0.00       1.8175    0.0260      1.00      1.00      2.00      9.00      0.00      18.8845    0.2170     13.00     18.00     24.00     73.00      0.00
  1.0000   0.1400       15.3885    0.2448      8.00     13.00     20.00    109.00      0.00       2.1375    0.0319      1.00      2.00      3.00     10.00      0.00      17.7860    0.2059     12.00     17.00     23.00     58.00      0.00
  1.0000   0.1200       18.0015    0.2967      9.00     15.00     24.00    119.00      0.00       2.5455    0.0408      1.00      2.00      3.00     15.00      0.00      16.8525    0.2032     11.00     16.00     22.00     68.00      0.00
  1.0000   0.1000       22.9250    0.4042     11.00     18.00     30.00    179.00      0.00       3.2650    0.0552      1.00      3.00      4.00     30.00      0.00      16.5150    0.1960     11.00     16.00     21.00     61.00      0.00
  1.0000   0.0800       30.6400    0.5671     13.00     24.00     40.00    239.00      0.00       4.8440    0.0980      2.00      4.00      7.00     56.00      0.00      14.9750    0.1878     10.00     14.00     20.00     66.00      0.00
  1.0000   0.0600       45.8425    0.9018     18.00     35.00     62.00    320.00      0.00       8.6750    0.1984      3.00      6.00     11.00     80.00      0.00      13.6360    0.1974      7.00     13.00     19.00     65.00      0.00
  1.0000   0.0400       72.2105    1.4849     25.00     53.00    100.00    621.00      0.00      23.5240    0.5745      6.00     15.00     32.00    181.00      0.00      10.2720    0.1915      2.00     10.00     16.00     50.00      0.00
  1.0000   0.0200      140.4670    3.1374     42.00     98.00    192.00   1134.00      0.00      82.9155    2.0295     22.00     54.00    112.00    840.00      0.00       4.9815    0.1620      0.00      1.00      9.00     49.00      0.00
  0.8000   0.2000       15.1145    0.2428      8.00     13.00     20.00    116.00      0.00       1.4530    0.0179      1.00      1.00      2.00      8.00      0.00      27.0770    0.3588     17.00     24.00     35.00    140.00      0.00
  0.8000   0.1800       17.3620    0.2739      9.00     15.00     23.00    100.00      0.00       1.5680    0.0205      1.00      1.00      2.00      8.00      0.00      26.7000    0.3416     16.00     24.00     35.00    111.00      0.00
  0.8000   0.1600       19.6235    0.3292      9.00     16.00     26.00    120.00      0.00       1.8065    0.0256      1.00      1.00      2.00      9.00      0.00      25.5945    0.3480     15.00     23.00     33.00    137.00      0.00
  0.8000   0.1400       23.3980    0.4004     11.00     19.00     31.00    122.00      0.00       2.1795    0.0334      1.00      2.00      3.00     13.00      0.00      24.9700    0.3397     15.00     22.00     33.00    103.00      0.00
  0.8000   0.1200       27.7150    0.4918     13.00     22.00     36.00    227.00      0.00       2.5940    0.0428      1.00      2.00      3.00     26.00      0.00      23.3925    0.3313     14.00     21.00     30.00    116.00      0.00
  0.8000   0.1000       35.8875    0.6866     15.00     27.00     47.00    307.00      0.00       3.3710    0.0562      1.00      3.00      5.00     22.00      0.00      22.3005    0.3187     12.00     20.00     29.00     97.00      0.00
  0.8000   0.0800       44.7790    0.8437     18.00     34.00     60.00    279.00      0.00       4.8240    0.0949      2.00      4.00      6.00     54.00      0.00      19.3650    0.3002     11.00     17.00     26.00     96.00      0.00
  0.8000   0.0600       65.0740    1.3004     24.00     47.00     90.00    534.00      0.00       8.4300    0.1803      3.00      6.00     11.00     76.00      0.00      16.8390    0.2819      7.00     15.00     24.00     96.00      0.00
  0.8000   0.0400       99.1105    2.0732     34.00     70.00    137.00    944.00      0.00      23.3480    0.5912      6.00     15.00     32.00    329.00      0.00      12.8580    0.2705      2.00     11.00     19.00    100.00      0.00
  0.8000   0.0200      155.6760    3.4183     47.00    112.00    213.00   1242.00      0.00      81.7915    1.8050     21.00     56.00    117.00    607.00      0.00       5.0470    0.1966      0.00      1.00      6.00     65.00      0.00
  0.6000   0.2000       27.3955    0.4975     12.00     22.00     36.00    285.00      0.00       1.4640    0.0185      1.00      1.00      2.00      6.00      0.00      44.2030    0.6692     23.00     38.00     59.00    224.00      0.00
  0.6000   0.1800       31.0590    0.5678     14.00     25.00     40.00    219.00      0.00       1.5915    0.0211      1.00      1.00      2.00      7.00      0.00      42.7915    0.6935     21.00     36.00     56.00    217.00      0.00
  0.6000   0.1600       35.6335    0.6602     15.00     27.00     48.00    212.00      0.00       1.7900    0.0257      1.00      1.00      2.00      8.00      0.00      40.6285    0.6440     20.00     34.00     55.00    211.00      0.00
  0.6000   0.1400       41.3240    0.8117     16.00     31.00     55.00    373.00      0.00       2.1285    0.0311      1.00      2.00      3.00     10.00      0.00      38.5020    0.6407     18.00     33.00     51.00    216.00      0.00
  0.6000   0.1200       50.1770    0.9717     20.00     38.00     67.00    361.00      0.00       2.6350    0.0408      1.00      2.00      4.00     16.00      0.00      36.5025    0.6120     17.00     31.00     50.00    207.00      0.00
  0.6000   0.1000       60.8630    1.2453     22.00     44.00     81.00    512.00      0.00       3.3025    0.0543      1.00      3.00      5.00     20.00      0.00      31.7570    0.5585     14.00     26.00     44.00    163.00      0.00
  0.6000   0.0800       76.5855    1.5532     27.00     56.00    103.00    512.00      0.00       4.7655    0.0913      2.00      4.00      6.00     45.00      0.00      27.9320    0.5198     11.00     23.00     39.00    182.00      0.00
  0.6000   0.0600      100.4110    2.1535     32.00     70.00    140.00    851.00      0.00       8.5410    0.2016      3.00      6.00     11.00    104.00      0.00      21.0655    0.4418      6.00     16.00     30.00    142.00      0.00
  0.6000   0.0400      138.2220    2.9620     43.00    102.00    194.00   1286.00      0.00      24.0260    0.5738      6.00     16.00     33.00    214.00      0.00      14.0930    0.3603      2.00      9.00     21.00    128.00      0.00
  0.6000   0.0200      173.2640    3.8991     52.00    120.00    234.00   1410.00      0.00      78.7680    1.7247     21.00     55.00    111.00    535.00      0.00       4.8200    0.2288      0.00      1.00      4.00     94.00      0.00
  0.4000   0.2000       66.2740    1.4210     22.00     47.00     89.00    560.00      0.00       1.4335    0.0173      1.00      1.00      2.00      6.00      0.00      91.0185    1.8078     35.00     69.00    124.00    633.00      0.00
  0.4000   0.1800       74.9710    1.6003     26.00     54.00    103.00    590.00      0.00       1.6110    0.0227      1.00      1.00      2.00      9.00      0.00      86.4705    1.7651     30.00     64.00    119.00    681.00      0.00
  0.4000   0.1600       83.1530    1.7372     29.00     59.00    115.00    645.00      0.00       1.8350    0.0264      1.00      1.00      2.00      9.00      0.00      79.3595    1.5971     30.00     59.00    110.00    452.00      0.00
  0.4000   0.1400       94.5265    2.0080     32.00     67.00    128.00    665.00      0.00       2.1645    0.0324      1.00      2.00      3.00     11.00      0.00      71.5955    1.4847     24.00     54.00     97.00    499.00      0.00
  0.4000   0.1200      105.2725    2.1815     35.00     75.00    148.00    760.00      0.00       2.5645    0.0401      1.00      2.00      3.00     15.00      0.00      60.6530    1.2765     21.00     44.00     83.00    544.00      0.00
  0.4000   0.1000      120.8390    2.6196     40.00     87.00    164.00    921.00      0.00       3.2130    0.0559      1.00      3.00      4.00     32.00      0.00      50.1415    1.1148     16.00     37.00     69.00    536.00      0.00
  0.4000   0.0800      134.2185    2.9719     38.00     94.00    186.00    920.00      0.00       4.8425    0.0942      2.00      4.00      6.00     56.00      0.00      36.9010    0.8258     10.00     26.00     52.00    303.00      0.00
  0.4000   0.0600      156.7275    3.3822     47.00    111.00    223.00   1136.00      0.00       8.4810    0.2003      3.00      6.00     11.00     98.00      0.00      24.0695    0.5840      5.00     15.00     34.00    212.00      0.00
  0.4000   0.0400      174.1100    3.8097     51.00    120.00    239.00   1261.00      0.00      23.3555    0.5457      6.00     15.00     32.00    176.00      0.00      12.3240    0.3538      2.00      6.00     17.00    129.00      0.00
  0.4000   0.0200      192.2045    4.3300     55.00    131.00    265.00   1531.00      0.00      82.4335    1.8968     22.00     57.00    114.00    614.00      0.00       3.3300    0.1501      0.00      1.00      4.00     83.00      0.00
  0.2000   0.2000      155.2915    3.5967     43.00    106.00    211.00   1420.00      0.00       1.4755    0.0190      1.00      1.00      2.00      7.00      0.00     174.6380    4.2759     47.00    115.00    233.00   2003.00      0.00
  0.2000   0.1800      163.0765    3.6439     49.00    113.00    222.00   1526.00      0.00       1.6030    0.0211      1.00      1.00      2.00      8.00      0.00     154.4860    3.5623     44.00    103.00    213.00   1348.00      0.00
  0.2000   0.1600      167.0080    3.6601     50.00    114.00    236.00   1216.00      0.00       1.8495    0.0267      1.00      1.00      2.00      9.00      0.00     127.9900    2.8777     34.00     87.00    177.00    921.00      0.00
  0.2000   0.1400      169.2410    3.9181     48.00    115.00    235.00   1747.00      0.00       2.2100    0.0359      1.00      2.00      3.00     21.00      0.00      99.4120    2.4162     27.00     65.00    134.00   1166.00      0.00
  0.2000   0.1200      177.1525    3.9308     47.00    124.00    250.00   1270.00      0.00       2.6225    0.0428      1.00      2.00      3.00     15.00      0.00      79.5045    1.8253     20.00     54.00    110.00    593.00      0.00
  0.2000   0.1000      181.8005    4.0883     54.00    125.00    252.00   1481.00      0.00       3.2585    0.0551      1.00      3.00      4.00     23.00      0.00      56.7565    1.3493     16.00     37.00     78.00    512.00      0.00
  0.2000   0.0800      190.4240    4.3355     50.00    128.00    265.00   1366.00      0.00       4.7520    0.0919      2.00      4.00      6.00     48.00      0.00      39.2900    0.9276      9.00     26.00     54.00    340.00      0.00
  0.2000   0.0600      192.9050    4.1781     53.00    139.00    278.00   1436.00      0.00       8.3360    0.1860      3.00      6.00     11.00    101.00      0.00      22.7685    0.5369      5.00     15.00     33.00    169.00      0.00
  0.2000   0.0400      193.0100    4.3353     55.00    132.00    268.00   1592.00      0.00      22.7435    0.5630      6.00     14.00     30.00    228.00      0.00      10.2490    0.2789      2.00      6.00     14.00    115.00      0.00
  0.2000   0.0200      202.0285    4.6234     57.00    137.00    275.00   2000.00      0.00      79.3035    1.8359     20.00     54.00    111.00    622.00      0.00       2.8790    0.1207      0.00      1.00      4.00     69.00      0.00
