Amp Radius  OC_Mean OC_Std OC_Q1 OC_Med OC_Q3 OC_Max OC_Min  Exp_Mean Exp_Std Exp_Q1 Exp_Med Exp_Q3 Exp_Max Exp_Min  Num_Mean Num_Std Num_Q1 Num_Med Num_Q3 Num_Max Num_Min
  2.0000   0.2000        5.3005    0.1049      2.00      4.00      7.00     45.00      0.00       3.1925    0.0811      1.00      2.00      4.00     39.00      0.00       9.0885    0.0791      7.00     10.00     11.00     24.00      0.00
  2.0000   0.1800        6.1335    0.1221      3.00      4.00      8.00     60.00      0.00       3.8215    0.0955      1.00      2.00      5.00     59.00      0.00       8.8995    0.0777      7.00     10.00     11.00     22.00      0.00
  2.0000   0.1600        7.1245    0.1536      3.00      5.00      9.00    147.00      0.00       4.6290    0.1124      1.00      3.00      6.00     73.00      0.00       8.7690    0.0794      7.00     10.00     11.00     20.00      0.00
  2.0000   0.1400        8.8485    0.2083      3.00      6.00     11.00    172.00      0.00       5.9560    0.1781      1.00      4.00      8.00    170.00      0.00       8.5860    0.0760      6.00     10.00     11.00     20.00      0.00
  2.0000   0.1200       11.8560    0.2730      4.00      8.00     15.00    132.00      0.00       8.1640    0.2155      2.00      5.00     11.00     86.00      0.00       8.3500    0.0790      6.00      9.00     11.00     21.00      0.00
  2.0000   0.1000       15.3620    0.3711      5.00     10.00     19.00    160.00      0.00      11.3280    0.3184      2.00      7.00     14.00    158.00      0.00       7.9740    0.0809      6.00      9.00     10.00     24.00      0.00
  2.0000   0.0800       24.3115    0.6051      6.00     16.00     33.00    387.00      0.00      19.8945    0.5528      4.00     12.00     27.00    387.00      0.00       7.5730    0.0873      6.00      9.00     10.00     21.00      0.00
  2.0000   0.0600       41.2995    0.9691     11.00     27.00     57.00    334.00      0.00      35.9370    0.8941      8.00     22.00     50.00    334.00      0.00       6.5140    0.0940      2.00      7.00     10.00     18.00      0.00
  2.0000   0.0400       82.1475    1.8237     22.00     57.00    117.00    547.00      0.00      74.9755    1.7053     19.00     51.00    107.00    482.00      0.00       4.6835    0.0992      0.00      5.00      9.00     17.00      0.00
  2.0000   0.0200      149.4675    3.2889     43.00    104.00    213.00   1243.00      0.00     145.2695    3.2275     42.00    101.00    206.00   1243.00      0.00       1.9445    0.0769      0.00      0.00      3.00     16.00      0.00
  1.8000   0.2000        5.6865    0.1085      2.00      4.00      7.00     49.00      0.00       3.1900    0.0784      1.00      2.00      4.00     38.00      0.00       9.6700    0.0811      8.00     10.00     12.00     24.00      0.00
  1.8000   0.1800        6.5945    0.1296      3.00      5.00      9.00     53.00      0.00       3.9375    0.1001      1.00      2.00      5.00     51.00      0.00       9.3730    0.0845      7.00     10.00     11.00     26.00      0.00
  1.8000   0.1600        7.7295    0.1534      3.00      6.00     10.00     56.00      0.00       4.7400    0.1160      1.00      3.00      6.00     48.00      0.00       9.3090    0.0844      7.00     10.00     11.00     28.00      0.00
  1.8000   0.1400        9.2395    0.2039      3.00      6.00     12.00     94.00      0.00       5.7445    0.1427      1.00      4.00      8.00     94.00      0.00       8.9315    0.0844      7.00     10.00     11.00     23.00      0.00
  1.8000   0.1200       12.1195    0.2813      4.00      8.00     16.00    173.00      0.00       7.9465    0.2088      2.00      5.00     11.00    100.00      0.00       8.7570    0.0871      7.00     10.00     11.00     25.00      0.00
  1.8000   0.1000       16.7480    0.3820      5.00     11.00     22.00    134.00      0.00      11.7960    0.3129      3.00      7.00     16.00    127.00      0.00       8.5110    0.0877      6.00     10.00     11.00     21.00      0.00
  1.8000   0.0800       25.9430    0.6385      7.00     17.00     35.00    274.00      0.00      19.2720    0.5172      4.00     12.00     26.00    274.00      0.00       8.0235    0.0903      6.00      9.00     10.00     24.00      0.00
  1.8000   0.0600       45.6980    1.0746     12.00     30.00     62.00    374.00      0.00      37.2965    0.9220      9.00     24.00     51.00    374.00      0.00       6.9125    0.1012      3.00      8.00     10.00     22.00      0.00
  1.8000   0.0400       80.8130    1.8886     21.00     54.00    113.00    639.00      0.00      71.5080    1.7181     17.00     47.00    101.00    637.00      0.00       4.9895    0.1058      0.00      6.00      9.00     25.00      0.00
  1.8000   0.0200      142.1815    3.1678     40.00     99.00    192.00   1147.00      0.00     135.5700    3.0631     36.00     94.00    183.00   1146.00      0.00       2.3110    0.0849      0.00      0.00      5.00     17.00      0.00
  1.6000   0.2000        6.3050    0.1242      3.00      4.00      8.00     49.00      0.00       3.2255    0.0834      1.00      2.00      4.00     39.00      0.00      10.5130    0.0927      8.00     11.00     12.00     29.00      0.00
  1.6000   0.1800        7.3445    0.1476      3.00      5.00     10.00     56.00      0.00       3.8230    0.0973      1.00      2.00      5.00     39.00      0.00      10.3090    0.0920      8.00     10.00     12.00     27.00      0.00
  1.6000   0.1600        8.4385    0.1706      3.00      6.00     11.00     64.00      0.00       4.5600    0.1112      1.00      3.00      6.00     54.00      0.00      10.1070    0.0961      8.00     10.00     12.00     36.00      0.00
  1.6000   0.1400       10.8905    0.2408      4.00      8.00     14.00     83.00      0.00       5.8265    0.1521      1.00      4.00      8.00     69.00      0.00       9.9080    0.0906      8.00     10.00     12.00     26.00      0.00
  1.6000   0.1200       13.6605    0.3331      5.00     10.00     17.00    279.00      0.00       7.9775    0.2147      2.00      5.00     11.00    127.00      0.00       9.6360    0.0953      7.00     10.00     12.00     25.00      0.00
  1.6000   0.1000       19.0190    0.4453      6.00     13.00     25.00    234.00      0.00      11.9260    0.3176      3.00      7.00     16.00    138.00      0.00       9.3065    0.0970      7.00     10.00     11.00     25.00      0.00
  1.6000   0.0800       28.8920    0.7152      8.00     19.00     38.00    282.00      0.00      20.1340    0.5530      4.00     11.00     27.00    280.00      0.00       8.4820    0.1037      6.00     10.00     11.00     27.00      0.00
  1.6000   0.0600       47.7630    1.1448     13.00     32.00     66.00    497.00      0.00      36.4325    0.9432      8.00     23.00     50.00    380.00      0.00       7.6955    0.1122      4.00      9.00     11.00     24.00      0.00
  1.6000   0.0400       89.7500    2.0866     25.00     62.00    125.00    921.00      0.00      76.6930    1.8127     20.00     53.00    107.00    807.00      0.00       5.4910    0.1197      0.00      6.00     10.00     24.00      0.00
  1.6000   0.0200      149.1430    3.5047     39.00    100.00    207.00   1465.00      0.00     137.3910    3.2563     37.00     90.00    188.00   1461.00      0.00       2.3725    0.0927      0.00      0.00      4.00     20.00      0.00
  1.4000   0.2000        7.2115    0.1438      3.00      5.00      9.00     59.00      0.00       3.2625    0.0814      1.00      2.00      4.00     32.00      0.00      11.6240    0.1065      9.00     11.00     14.00     29.00      0.00
  1.4000   0.1800        8.4205    0.1770      3.00      6.00     11.00     71.00      0.00       3.9215    0.1008      1.00      2.00      5.00     51.00      0.00      11.5285    0.1101      9.00     11.00     14.00     34.00      0.00
  1.4000   0.1600        9.9985    0.2061      4.00      7.00     13.00     85.00      0.00       4.7080    0.1171      1.00      3.00      6.00     51.00      0.00      11.1610    0.1100      9.00     11.00     14.00     33.00      0.00
  1.4000   0.1400       11.7895    0.2479      4.00      9.00     15.00    113.00      0.00       5.7490    0.1439      1.00      4.00      8.00     71.00      0.00      10.9635    0.1079      8.00     11.00     13.00     29.00      0.00
  1.4000   0.1200       15.5845    0.3392      5.00     11.00     21.00    147.00      0.00       8.0180    0.2050      2.00      5.00     11.00    117.00      0.00      10.6090    0.1144      8.00     11.00     13.00     37.00      0.00
  1.4000   0.1000       20.3175    0.4555      7.00     14.00     26.00    167.00      0.00      11.3790    0.3034      3.00      7.00     15.00    166.00      0.00      10.2775    0.1153      7.00     10.00     13.00     30.00      0.00
  1.4000   0.0800       31.2975    0.7149      9.00     21.00     43.00    261.00      0.00      19.9310    0.5291      5.00     13.00     26.00    261.00      0.00       9.5300    0.1278      6.00     10.00     12.00     33.00      0.00
  1.4000   0.0600       51.7740    1.1590     14.00     36.00     72.00    409.00      0.00      38.1585    0.9374      8.00     24.00     54.00    407.00      0.00       8.2500    0.1320      2.00      9.00     12.00     34.00      0.00
  1.4000   0.0400       89.5520    2.0566     25.00     62.00    121.00    775.00      0.00      70.9695    1.6833     17.00     48.00     98.00    749.00      0.00       6.0635    0.1374      0.00      6.00     11.00     29.00      0.00
  1.4000   0.0200      149.8830    3.2880     44.00    107.00    206.00   1273.00      0.00     138.5615    3.1344     39.00     97.00    192.00   1273.00      0.00       2.8990    0.1159      0.00      0.00      5.00     35.00      0.00
  1.2000   0.2000        8.6860    0.1851      3.00      6.00     11.00     90.00      0.00       3.3245    0.0844      1.00      2.00      4.00     65.00      0.00      13.8540    0.1373     10.00     13.00     18.00     43.00      0.00
  1.2000   0.1800        9.8850    0.2060      4.00      7.00     12.00     83.00      0.00       3.6110    0.0901      1.00      2.00      5.00     36.00      0.00      13.4945    0.1444     10.00     13.00     17.00     43.00      0.00
  1.2000   0.1600       11.7510    0.2631      4.00      8.00     15.00    112.00      0.00       4.4625    0.1227      1.00      3.00      6.00    100.00      0.00      13.3130    0.1442     10.00     13.00     17.00     41.00      0.00
  1.2000   0.1400       13.9695    0.3335      5.00      9.00     18.00    239.00      0.00       5.7955    0.1517      1.00      3.00      8.00     74.00      0.00      12.9620    0.1404     10.00     12.00     17.00     42.00      0.00
  1.2000   0.1200       18.2800    0.3938      6.00     13.00     25.00    126.00      0.00       8.3075    0.2287      2.00      5.00     11.00    112.00      0.00      12.2840    0.1423      9.00     12.00     16.00     36.00      0.00
  1.2000   0.1000       24.2955    0.5470      8.00     16.00     32.00    189.00      0.00      12.1230    0.3477      3.00      7.00     15.00    188.00      0.00      11.9670    0.1504      8.00     11.00     16.00     40.00      0.00
  1.2000   0.0800       35.6235    0.8178     10.00     24.00     49.00    316.00      0.00      19.8400    0.5362      4.00     12.00     27.00    211.00      0.00      11.0910    0.1576      7.00     11.00     15.00     40.00      0.00
  1.2000   0.0600       57.4755    1.3103     16.00     38.00     79.00    510.00      0.00      36.9220    0.8973      8.00     24.00     51.00    386.00      0.00       9.5825    0.1696      1.00     10.00     14.00     45.00      0.00
  1.2000   0.0400       96.2740    2.2285     26.00     64.00    137.00   1032.00      0.00      72.2265    1.7141     17.00     46.00    101.00    627.00      0.00       6.8135    0.1600      0.00      6.00     12.00     35.00      0.00
  1.2000   0.0200      150.2025    3.3671     43.00    109.00    210.00   1072.00      0.00     134.4990    3.0649     37.00     95.00    185.00   1072.00      0.00       3.1225    0.1347      0.00      0.00      2.00     39.00      0.00
  1.0000   0.2000       10.1670    0.2117      4.00      8.00     13.00    112.00      0.00       3.2865    0.0804      1.00      2.00      4.00     41.00      0.00      17.0090    0.1898     11.00     16.00     22.00     69.00      0.00
  1.0000   0.1800       12.2160    0.2521      5.00      9.00     16.00     85.00      0.00       3.9320    0.0998      1.00      2.00      5.00     42.00      0.00      16.9520    0.1886     11.00     16.00     22.00     58.00      0.00
  1.0000   0.1600       14.0035    0.2977      5.00     10.00     18.00    182.00      0.00       4.4585    0.1054      1.00      3.00      6.00     39.00      0.00      16.2820    0.1882     11.00     15.00     21.00     64.00      0.00
  1.0000   0.1400       16.4825    0.3732      6.00     11.00     21.00    226.00      0.00       5.7320    0.1538      1.00      3.00      8.00     75.00      0.00      15.9450    0.1930     10.00     15.00     21.00     50.00      0.00
  1.0000   0.1200       22.1350    0.4752      8.00     16.00     29.00    189.00      0.00       7.8300    0.1987      2.00      5.00     11.00     98.00      0.00      15.6660    0.2077     10.00     15.00     21.00     59.00      0.00
  1.0000   0.1000       27.9965    0.6373      8.00     18.00     38.00    253.00      0.00      11.0165    0.2978      2.00      7.00     15.00    157.00      0.00      14.5475    0.2003      9.00     14.00     20.00     63.00      0.00
  1.0000   0.0800       42.9030    0.9999     13.00     28.00     57.00    424.00      0.00      19.5335    0.5235      4.00     12.00     26.00    231.00      0.00      13.8315    0.2096      7.00     13.00     20.00     61.00      0.00
  1.0000   0.0600       67.5590    1.5220     18.00     46.00     95.00    536.00      0.00      37.1660    0.9419      7.00     23.00     52.00    296.00      0.00      12.1325    0.2206      2.00     12.00     19.00     46.00      0.00
  1.0000   0.0400      110.3375    2.5308     30.00     74.00    153.00    865.00      0.00      78.0740    1.9382     17.00     50.00    109.00    842.00      0.00       8.2975    0.2183      0.00      3.00     15.00     60.00      0.00
  1.0000   0.0200      155.1590    3.4315     43.00    111.00    217.00   1162.00      0.00     135.2685    3.0490     36.00     95.00    194.00   1162.00      0.00       3.8360    0.1712      0.00      0.00      2.00     49.00      0.00
  0.8000   0.2000       13.1780    0.2583      6.00     10.00     17.00     91.00      0.00       3.2920    0.0802      1.00      2.00      4.00     28.00      0.00      23.3735    0.2784     15.00     22.00     31.00     85.00      0.00
  0.8000   0.1800       15.9195    0.3343      6.00     12.00     20.00    168.00      0.00       3.6895    0.0921      1.00      2.00      5.00     44.00      0.00      23.4475    0.2863     15.00     22.00     31.00     99.00      0.00
  0.8000   0.1600       18.3850    0.3931      7.00     13.00     25.00    276.00      0.00       4.4510    0.1097      1.00      2.00      6.00     39.00      0.00      22.1870    0.2870     13.00     21.00     30.00     92.00      0.00
  0.8000   0.1400       22.8470    0.4879      8.00     16.00     31.00    195.00      0.00       5.8540    0.1608      1.00      4.00      8.00    158.00      0.00      21.9930    0.2937     13.00     21.00     29.00     80.00      0.00
  0.8000   0.1200       27.9205    0.5947     10.00     20.00     37.00    207.00      0.00       7.9195    0.2060      2.00      5.00     11.00    109.00      0.00      20.8145    0.2989     11.00     20.00     29.00     81.00      0.00
  0.8000   0.1000       38.1540    0.8435     12.00     26.00     52.00    305.00      0.00      11.4905    0.3455      3.00      7.00     15.00    299.00      0.00      19.8135    0.2985     10.00     19.00     28.00     79.00      0.00
  0.8000   0.0800       52.2630    1.2092     16.00     36.00     71.00    509.00      0.00      18.9570    0.4715      5.00     12.00     25.00    204.00      0.00      18.5065    0.3006      8.00     18.00     27.00     69.00      0.00
  0.8000   0.0600       77.9285    1.6780     23.00     54.00    110.00    600.00      0.00      37.3990    0.9135      8.00     25.00     51.00    290.00      0.00      14.7650    0.3083      1.00     13.00     24.00     69.00      0.00
  0.8000   0.0400      115.9345    2.6678     32.00     81.00    160.00   1151.00      0.00      70.4815    1.6568     17.00     47.00    100.00    577.00      0.00       9.5130    0.2871      0.00      2.00     17.00     75.00      0.00
  0.8000   0.0200      163.0445    3.6369     46.00    110.00    225.00   1159.00      0.00     135.3165    3.1373     36.00     93.00    188.00   1084.00      0.00       4.4060    0.2246      0.00      0.00      1.00     76.00      0.00
  0.6000   0.2000       19.2480    0.3773      8.00     14.00     25.00    144.00      0.00       3.2400    0.0794      1.00      2.00      4.00     38.00      0.00      35.5360    0.4814     21.00     32.00     47.00    184.00      0.00
  0.6000   0.1800       22.2240    0.4475      9.00     16.00     29.00    196.00      0.00       3.7350    0.0896      1.00      2.00      5.00     36.00      0.00      35.3425    0.4853     20.00     32.00     47.00    135.00      0.00
  0.6000   0.1600       25.6525    0.5107     10.00     19.00     34.00    164.00      0.00       4.6945    0.1181      1.00      3.00      6.00     46.00      0.00      34.1605    0.4845     19.00     32.00     46.00    151.00      0.00
  0.6000   0.1400       30.6410    0.6679     11.00     21.00     40.00    330.00      0.00       5.8560    0.1535      1.00      3.00      8.00     82.00      0.00      32.0925    0.4745     17.00     29.00     44.00    138.00      0.00
  0.6000   0.1200       38.6045    0.8073     13.00     27.00     52.00    281.00      0.00       7.7860    0.2061      2.00      5.00     11.00    122.00      0.00      30.1770    0.4890     14.00     27.00     42.00    131.00      0.00
  0.6000   0.1000       52.3905    1.1381     17.00     37.00     70.00    491.00      0.00      12.0165    0.3285      3.00      8.00     16.00    185.00      0.00      29.0395    0.5036     11.00     27.00     42.00    128.00      0.00
  0.6000   0.0800       68.9695    1.5865     21.00     46.00     95.00    682.00      0.00      20.0035    0.5258      4.00     13.00     27.00    265.00      0.00      25.3045    0.5115      4.00     22.00     40.00    137.00      0.00
  0.6000   0.0600       94.3480    2.0852     28.00     66.00    128.00    735.00      0.00      37.2655    0.9408      9.00     24.00     51.00    494.00      0.00      20.4445    0.4931      1.00     14.00     34.00    133.00      0.00
  0.6000   0.0400      134.5095    2.9371     39.00     93.00    186.00    921.00      0.00      72.3805    1.7114     17.00     47.00    105.00    534.00      0.00      13.4700    0.4447      0.00      2.00     23.00    136.00      0.00
  0.6000   0.0200      171.8990    3.7205     51.00    121.00    242.00   1188.00      0.00     133.9255    3.1084     37.00     91.00    181.00   1141.00      0.00       5.4430    0.3206      0.00      0.00      1.00    112.00      0.00
  0.4000   0.2000       32.4150    0.6219     14.00     25.00     43.00    280.00      0.00       3.2915    0.0837      1.00      2.00      4.00     31.00      0.00      65.6205    1.1060     30.00     56.00     91.00    318.00      0.00
  0.4000   0.1800       39.2690    0.8135     15.00     29.00     51.00    296.00      0.00       3.8555    0.0979      1.00      2.00      5.00     72.00      0.00      64.7540    1.1102     29.00     55.00     90.00    310.00      0.00
  0.4000   0.1600       43.3625    0.8794     16.00     32.00     58.00    280.00      0.00       4.6235    0.1165      1.00      3.00      6.00     62.00      0.00      60.0615    1.0697     25.00     51.00     84.00    304.00      0.00
  0.4000   0.1400       52.2785    1.1084     18.00     38.00     70.00    482.00      0.00       5.9250    0.1580      1.00      3.00      8.00     74.00      0.00      57.5045    1.0333     23.00     49.00     81.00    314.00      0.00
  0.4000   0.1200       61.4775    1.2628     22.00     44.00     83.00    399.00      0.00       7.8810    0.2248      2.00      5.00     10.00    112.00      0.00      52.6430    1.0205     17.00     44.00     77.00    314.00      0.00
  0.4000   0.1000       79.7635    1.7796     26.00     56.00    106.00    679.00      0.00      11.9475    0.3121      3.00      7.00     16.00    163.00      0.00      47.1360    1.0239      9.00     36.00     72.00    377.00      0.00
  0.4000   0.0800       95.8365    2.1025     30.00     68.00    130.00    717.00      0.00      18.9900    0.5223      4.00     11.00     25.00    315.00      0.00      38.7975    0.9708      4.00     25.00     60.00    277.00      0.00
  0.4000   0.0600      132.1320    2.8865     41.00     94.00    183.00   1093.00      0.00      39.6170    0.9914      9.00     25.00     55.00    318.00      0.00      30.5890    0.9289      1.00      9.00     50.00    326.00      0.00
  0.4000   0.0400      157.3505    3.3719     47.00    110.00    221.00   1115.00      0.00      74.3775    1.7183     19.00     50.00    105.00    506.00      0.00      17.4455    0.7633      0.00      2.00     17.00    266.00      0.00
  0.4000   0.0200      196.5215    4.3018     58.00    138.00    277.00   1441.00      0.00     141.9415    3.1648     40.00     98.00    196.00   1337.00      0.00       6.0250    0.4669      0.00      0.00      1.00    254.00      0.00
  0.2000   0.2000       97.4730    2.1185     32.00     69.00    134.00    875.00      0.00       3.3040    0.0808      1.00      2.00      4.00     34.00      0.00     166.9160    3.7653     43.00    113.00    240.00   1206.00      0.00
  0.2000   0.1800      109.8070    2.3468     35.00     80.00    149.00    986.00      0.00       3.8110    0.0907      1.00      2.00      5.00     37.00      0.00     156.2550    3.6439     35.00    104.00    222.00   1201.00      0.00
  0.2000   0.1600      118.5765    2.5914     39.00     84.00    160.00   1120.00      0.00       4.6085    0.1190      1.00      3.00      6.00     85.00      0.00     137.5940    3.4238     30.00     93.00    190.00   1642.00      0.00
  0.2000   0.1400      130.1860    2.9114     42.00     92.00    171.00    927.00      0.00       5.8415    0.1680      1.00      3.00      8.00    153.00      0.00     122.4400    3.1227     22.00     76.00    174.00   1233.00      0.00
  0.2000   0.1200      144.5255    3.1607     43.00    102.00    203.00   1064.00      0.00       7.8075    0.1924      2.00      5.00     11.00     66.00      0.00     100.8630    2.7251     12.00     57.00    142.00    964.00      0.00
  0.2000   0.1000      161.4470    3.6098     47.00    108.00    228.00   1792.00      0.00      11.9885    0.3083      3.00      8.00     16.00    157.00      0.00      79.6215    2.3597      7.00     42.00    116.00   1129.00      0.00
  0.2000   0.0800      169.3255    3.8738     50.00    115.00    229.00   1520.00      0.00      20.0105    0.5231      4.00     12.00     27.00    229.00      0.00      54.9685    1.9257      3.00     17.00     70.00    887.00      0.00
  0.2000   0.0600      172.1860    3.8596     50.00    120.00    239.00   1525.00      0.00      34.5660    0.8632      7.00     22.00     49.00    300.00      0.00      31.6685    1.4308      1.00      7.00     32.00    617.00      0.00
  0.2000   0.0400      192.0015    4.3042     55.00    131.00    267.00   1398.00      0.00      71.4625    1.7197     17.00     47.00     98.00    577.00      0.00      17.0825    1.0413      0.00      2.00     11.00    630.00      0.00
  0.2000   0.0200      211.4265    4.7433     60.00    145.00    291.00   1843.00      0.00     142.6500    3.2924     39.00     96.00    200.00   1646.00      0.00       4.0985    0.4318      0.00      0.00      1.00    489.00      0.00
