Amp Radius  OC_Mean OC_Std OC_Q1 OC_Med OC_Q3 OC_Max OC_Min  Exp_Mean Exp_Std Exp_Q1 Exp_Med Exp_Q3 Exp_Max Exp_Min  Num_Mean Num_Std Num_Q1 Num_Med Num_Q3 Num_Max Num_Min
  2.0000   0.2000        4.1305    0.0445      3.00      4.00      5.00     19.00      0.00       1.3250    0.0156      1.00      1.00      2.00     13.00      0.00       7.4440    0.0934      4.00      7.00     10.00     27.00      0.00
  2.0000   0.1800        4.4350    0.0488      3.00      4.00      5.00     20.00      0.00       1.4575    0.0193      1.00      1.00      2.00     11.00      0.00       6.9365    0.0924      4.00      6.00      9.00     23.00      0.00
  2.0000   0.1600        4.9670    0.0642      3.00      4.00      6.00     35.00      0.00       1.6720    0.0346      1.00      1.00      2.00     33.00      0.00       6.7665    0.0921      4.00      6.00      9.00     24.00      0.00
  2.0000   0.1400        5.4250    0.0741      3.00      5.00      7.00     43.00      0.00       1.9905    0.0465      1.00      1.00      2.00     43.00      0.00       6.0605    0.0849      3.00      5.00      8.00     22.00      0.00
  2.0000   0.1200        6.7535    0.1097      4.00      6.00      8.00     55.00      0.00       2.7545    0.0775      1.00      2.00      3.00     49.00      0.00       5.9500    0.0845      3.00      5.00      8.00     19.00      0.00
  2.0000   0.1000        8.8745    0.1729      4.00      7.00     10.00     96.00      0.00       4.3745    0.1443      1.00      2.00      4.00     92.00      0.00       5.8665    0.0854      3.00      5.00      8.00     19.00      0.00
  2.0000   0.0800       13.1390    0.3020      5.00      9.00     16.00    162.00      0.00       8.4560    0.2720      2.00      4.00     10.00    158.00      0.00       5.4465    0.0836      3.00      4.00      8.00     20.00      0.00
  2.0000   0.0600       24.1105    0.5516      8.00     15.00     32.00    212.00      0.00      18.1445    0.4993      3.00      9.00     24.00    177.00      0.00       5.2615    0.0861      3.00      4.00      7.00     19.00      0.00
  2.0000   0.0400       48.8490    1.1087     14.00     33.00     67.00    480.00      0.00      41.5450    1.0133      9.00     27.00     59.00    395.00      0.00       4.3125    0.0860      1.00      3.00      7.00     19.00      0.00
  2.0000   0.0200      113.1180    2.5216     31.00     79.00    155.00    813.00      0.00     106.0030    2.4022     27.00     75.00    144.00    724.00      0.00       2.2480    0.0714      0.00      0.00      4.00     16.00      0.00
  1.8000   0.2000        4.7475    0.0510      3.00      4.00      6.00     17.00      0.00       1.3040    0.0169      1.00      1.00      1.00     13.00      0.00       8.7195    0.1034      5.00      8.00     12.00     26.00      0.00
  1.8000   0.1800        5.2695    0.0607      3.00      5.00      7.00     28.00      0.00       1.4785    0.0226      1.00      1.00      2.00     18.00      0.00       8.3325    0.1035      5.00      7.00     12.00     42.00      0.00
  1.8000   0.1600        5.8330    0.0845      4.00      5.00      7.00     67.00      0.00       1.6975    0.0353      1.00      1.00      2.00     39.00      0.00       7.7280    0.1023      4.00      7.00     11.00     26.00      0.00
  1.8000   0.1400        6.6240    0.0911      4.00      6.00      8.00     46.00      0.00       2.0200    0.0406      1.00      1.00      2.00     28.00      0.00       7.3085    0.0948      4.00      7.00     10.00     25.00      0.00
  1.8000   0.1200        7.6305    0.1179      4.00      7.00      9.00     96.00      0.00       2.7365    0.0780      1.00      2.00      3.00     81.00      0.00       6.9440    0.0910      4.00      6.00     10.00     21.00      0.00
  1.8000   0.1000        9.6505    0.1912      5.00      8.00     11.00    148.00      0.00       4.3215    0.1421      1.00      2.00      4.00     84.00      0.00       6.5300    0.0903      3.00      6.00      9.00     20.00      0.00
  1.8000   0.0800       14.8390    0.3328      6.00     10.00     18.00    165.00      0.00       8.5945    0.2809      2.00      4.00     10.00    149.00      0.00       6.3915    0.0938      3.00      6.00      9.00     22.00      0.00
  1.8000   0.0600       24.9180    0.5698      8.00     16.00     33.00    207.00      0.00      17.5390    0.4806      3.00     10.00     24.00    206.00      0.00       5.8100    0.0921      3.00      5.00      8.00     20.00      0.00
  1.8000   0.0400       51.6050    1.1515     15.00     36.00     70.00    442.00      0.00      42.8235    1.0582      9.00     28.00     58.00    442.00      0.00       4.8195    0.0935      1.00      4.00      8.00     19.00      0.00
  1.8000   0.0200      116.8125    2.6246     35.00     80.00    159.00   1147.00      0.00     106.9315    2.4657     30.00     73.00    146.00   1147.00      0.00       2.5810    0.0804      0.00      0.00      5.00     20.00      0.00
  1.6000   0.2000        5.5000    0.0613      4.00      5.00      7.00     44.00      0.00       1.3025    0.0150      1.00      1.00      1.00     13.00      0.00      10.0365    0.1184      6.00      9.00     13.00     40.00      0.00
  1.6000   0.1800        6.0500    0.0684      4.00      5.00      8.00     25.00      0.00       1.4345    0.0188      1.00      1.00      2.00     13.00      0.00       9.5960    0.1172      5.00      9.00     13.00     32.00      0.00
  1.6000   0.1600        6.7600    0.0849      4.00      6.00      8.00     58.00      0.00       1.6715    0.0412      1.00      1.00      2.00     49.00      0.00       9.2835    0.1091      5.00      9.00     13.00     29.00      0.00
  1.6000   0.1400        7.5375    0.1051      4.00      7.00      9.00     53.00      0.00       2.1630    0.0559      1.00      2.00      2.00     33.00      0.00       8.3760    0.1059      5.00      8.00     12.00     27.00      0.00
  1.6000   0.1200        8.9730    0.1332      5.00      8.00     11.00     90.00      0.00       2.7390    0.0697      1.00      2.00      3.00     44.00      0.00       8.2125    0.1066      4.00      8.00     12.00     25.00      0.00
  1.6000   0.1000       11.7220    0.2169      6.00      9.00     14.00    118.00      0.00       4.4420    0.1470      1.00      2.00      5.00    111.00      0.00       8.0330    0.1037      4.00      7.00     12.00     27.00      0.00
  1.6000   0.0800       16.8565    0.3539      7.00     12.00     21.00    141.00      0.00       8.5165    0.2661      2.00      4.00     10.00    127.00      0.00       7.3570    0.1001      4.00      7.00     11.00     23.00      0.00
  1.6000   0.0600       29.1845    0.6552     10.00     20.00     38.00    333.00      0.00      18.8445    0.5090      3.00     10.00     26.00    159.00      0.00       7.0530    0.1061      3.00      6.00     11.00     23.00      0.00
  1.6000   0.0400       53.3830    1.2087     15.00     37.00     73.00    512.00      0.00      40.5195    1.0495      8.00     25.00     56.00    512.00      0.00       5.6915    0.1082      1.00      5.00      9.00     25.00      0.00
  1.6000   0.0200      117.5035    2.6499     33.00     82.00    159.00    910.00      0.00     102.7055    2.3534     27.00     71.00    143.00    910.00      0.00       3.0705    0.0927      0.00      0.00      6.00     21.00      0.00
  1.4000   0.2000        6.7665    0.0801      4.00      6.00      8.00     34.00      0.00       1.3255    0.0164      1.00      1.00      2.00     17.00      0.00      12.1035    0.1429      7.00     11.00     16.00     41.00      0.00
  1.4000   0.1800        7.2295    0.0848      5.00      7.00      9.00     31.00      0.00       1.4115    0.0200      1.00      1.00      2.00     13.00      0.00      11.5605    0.1369      7.00     11.00     15.00     36.00      0.00
  1.4000   0.1600        8.0920    0.1004      5.00      7.00     10.00     44.00      0.00       1.6360    0.0287      1.00      1.00      2.00     22.00      0.00      10.9860    0.1316      7.00     10.00     14.00     38.00      0.00
  1.4000   0.1400        9.3150    0.1308      5.00      8.00     12.00     55.00      0.00       2.0785    0.0508      1.00      2.00      2.00     48.00      0.00      10.2770    0.1281      6.00     10.00     14.00     34.00      0.00
  1.4000   0.1200       10.9010    0.1595      6.00      9.00     14.00     90.00      0.00       2.7735    0.0735      1.00      2.00      3.00     48.00      0.00       9.7325    0.1186      6.00      9.00     13.00     37.00      0.00
  1.4000   0.1000       13.2520    0.2199      7.00     11.00     17.00    105.00      0.00       4.2100    0.1293      1.00      3.00      4.00     72.00      0.00       9.1285    0.1140      5.00      9.00     13.00     28.00      0.00
  1.4000   0.0800       19.7635    0.4022      9.00     14.00     24.00    160.00      0.00       8.3870    0.2668      2.00      4.00     10.00    132.00      0.00       8.9240    0.1163      5.00      9.00     12.00     29.00      0.00
  1.4000   0.0600       32.6745    0.7056     12.00     22.00     43.00    282.00      0.00      18.3560    0.5049      3.00     10.00     25.00    193.00      0.00       8.1965    0.1226      4.00      8.00     12.00     31.00      0.00
  1.4000   0.0400       60.1480    1.2740     19.00     43.00     83.00    514.00      0.00      42.1665    1.0297      8.00     28.00     60.00    379.00      0.00       6.6345    0.1266      1.00      6.00     11.00     27.00      0.00
  1.4000   0.0200      128.9000    2.7721     39.00     92.00    181.00    971.00      0.00     106.0765    2.3698     30.00     73.00    150.00    898.00      0.00       3.5345    0.1087      0.00      0.00      6.00     22.00      0.00
  1.2000   0.2000        8.3615    0.1015      5.00      8.00     11.00     40.00      0.00       1.3210    0.0153      1.00      1.00      2.00      9.00      0.00      14.9295    0.1750      9.00     14.00     19.00     49.00      0.00
  1.2000   0.1800        9.3365    0.1160      6.00      8.00     12.00     49.00      0.00       1.4480    0.0188      1.00      1.00      2.00     12.00      0.00      14.4345    0.1760      9.00     14.00     19.00     57.00      0.00
  1.2000   0.1600       10.3195    0.1320      6.00      9.00     13.00     46.00      0.00       1.6925    0.0302      1.00      1.00      2.00     35.00      0.00      13.7105    0.1669      8.00     13.00     18.00     52.00      0.00
  1.2000   0.1400       11.5460    0.1588      7.00     10.00     15.00     68.00      0.00       2.0550    0.0514      1.00      1.00      2.00     47.00      0.00      12.6825    0.1567      7.00     12.00     17.00     43.00      0.00
  1.2000   0.1200       13.7210    0.2276      7.00     11.00     17.00    125.00      0.00       2.7610    0.0862      1.00      2.00      3.00     72.00      0.00      11.9225    0.1498      7.00     12.00     16.00     49.00      0.00
  1.2000   0.1000       16.9430    0.2952      9.00     14.00     22.00    185.00      0.00       4.4835    0.1552      1.00      3.00      4.00    125.00      0.00      11.2470    0.1452      6.00     11.00     15.00     52.00      0.00
  1.2000   0.0800       23.1580    0.4368     10.00     18.00     30.00    235.00      0.00       8.3060    0.2438      2.00      4.00     10.00    129.00      0.00      10.6840    0.1469      5.00     11.00     15.00     43.00      0.00
  1.2000   0.0600       37.6345    0.7851     14.00     28.00     52.00    402.00      0.00      18.4335    0.4983      3.00      9.00     26.00    176.00      0.00       9.8850    0.1499      4.00     10.00     14.00     40.00      0.00
  1.2000   0.0400       68.8245    1.5150     21.00     47.00     95.00    500.00      0.00      42.5090    1.0474      9.00     27.00     60.00    389.00      0.00       7.7820    0.1521      1.00      7.00     13.00     38.00      0.00
  1.2000   0.0200      135.4765    2.9588     40.00     96.00    188.00   1113.00      0.00     105.5650    2.4461     28.00     71.00    149.00    997.00      0.00       4.1250    0.1368      0.00      0.00      8.00     38.00      0.00
  1.0000   0.2000       11.6105    0.1459      7.00     11.00     15.00     50.00      0.00       1.3205    0.0154      1.00      1.00      1.00      9.00      0.00      20.2080    0.2528     12.00     19.00     26.00     67.00      0.00
  1.0000   0.1800       12.2505    0.1609      7.00     11.00     16.00     56.00      0.00       1.4555    0.0236      1.00      1.00      2.00     33.00      0.00      18.4475    0.2292     11.00     17.00     24.00     73.00      0.00
  1.0000   0.1600       13.7265    0.1887      8.00     12.00     18.00     69.00      0.00       1.7315    0.0303      1.00      1.00      2.00     21.00      0.00      17.4085    0.2252     10.00     16.00     23.00     80.00      0.00
  1.0000   0.1400       15.8715    0.2274      9.00     14.00     21.00     90.00      0.00       2.0880    0.0554      1.00      2.00      2.00     48.00      0.00      16.6110    0.2112     10.00     16.00     22.00     63.00      0.00
  1.0000   0.1200       18.2955    0.2808      9.00     15.00     24.00    137.00      0.00       2.6125    0.0695      1.00      2.00      3.00     53.00      0.00      15.5660    0.2012      9.00     15.00     20.00     56.00      0.00
  1.0000   0.1000       22.4910    0.3667     11.00     18.00     29.00    142.00      0.00       4.1340    0.1389      1.00      2.00      4.00     96.00      0.00      14.8470    0.1980      9.00     14.00     20.00     62.00      0.00
  1.0000   0.0800       29.1785    0.5258     13.00     23.00     39.00    220.00      0.00       8.2295    0.2467      2.00      4.00     10.00    105.00      0.00      13.5755    0.1924      7.00     13.00     18.00     60.00      0.00
  1.0000   0.0600       45.2975    0.9048     17.00     33.00     61.00    293.00      0.00      18.1015    0.5258      3.00      9.00     24.00    226.00      0.00      12.4720    0.1988      5.00     12.00     18.00     50.00      0.00
  1.0000   0.0400       80.9035    1.7518     26.00     57.00    107.00    558.00      0.00      41.5775    1.0298      8.00     26.00     58.00    364.00      0.00       9.9245    0.2061      1.00      9.00     16.00     54.00      0.00
  1.0000   0.0200      146.2990    3.2479     45.00    102.00    199.00   1138.00      0.00     108.4965    2.5321     30.00     73.00    152.00   1138.00      0.00       4.7820    0.1765      0.00      0.00      8.00     68.00      0.00
  0.8000   0.2000       16.5240    0.2239      9.00     15.00     21.00     80.00      0.00       1.3180    0.0146      1.00      1.00      2.00      9.00      0.00      27.6195    0.3688     16.00     25.00     37.00    111.00      0.00
  0.8000   0.1800       17.9655    0.2552     10.00     16.00     23.00     92.00      0.00       1.4160    0.0186      1.00      1.00      2.00     13.00      0.00      26.0495    0.3654     15.00     23.00     34.00    128.00      0.00
  0.8000   0.1600       20.2150    0.3089     11.00     17.00     27.00    123.00      0.00       1.6805    0.0314      1.00      1.00      2.00     29.00      0.00      24.5720    0.3524     14.00     22.00     32.00    104.00      0.00
  0.8000   0.1400       23.9065    0.3725     12.00     20.00     31.00    128.00      0.00       2.0825    0.0440      1.00      2.00      2.00     30.00      0.00      23.3180    0.3364     13.00     21.00     30.00    108.00      0.00
  0.8000   0.1200       28.6460    0.4747     14.00     23.00     38.00    175.00      0.00       2.8255    0.0834      1.00      2.00      3.00     67.00      0.00      22.4935    0.3328     13.00     20.00     29.00    131.00      0.00
  0.8000   0.1000       33.4685    0.5617     16.00     27.00     44.00    182.00      0.00       4.4055    0.1414      1.00      3.00      4.00     96.00      0.00      20.3470    0.3058     11.00     18.00     27.00    114.00      0.00
  0.8000   0.0800       44.1260    0.7842     19.00     35.00     60.00    243.00      0.00       8.4895    0.2810      2.00      4.00      9.00    138.00      0.00      18.6880    0.2968      9.00     17.00     26.00     93.00      0.00
  0.8000   0.0600       64.6285    1.2532     26.00     49.00     88.00    496.00      0.00      18.8035    0.5403      3.00     10.00     26.00    321.00      0.00      16.8435    0.3051      6.00     15.00     24.00     97.00      0.00
  0.8000   0.0400       96.1620    2.0661     31.00     69.00    133.00    685.00      0.00      41.6695    1.0260      8.00     26.00     58.00    315.00      0.00      12.7560    0.3078      1.00      9.00     20.00     99.00      0.00
  0.8000   0.0200      158.3360    3.4902     47.00    111.00    220.00   1267.00      0.00     103.9605    2.3963     27.00     72.00    141.00    902.00      0.00       5.4320    0.2273      0.00      0.00      5.00     77.00      0.00
  0.6000   0.2000       29.3330    0.4916     14.00     24.00     38.00    154.00      0.00       1.3095    0.0155      1.00      1.00      1.00     11.00      0.00      46.0300    0.7612     22.00     37.00     61.00    296.00      0.00
  0.6000   0.1800       33.1385    0.5559     16.00     27.00     45.00    193.00      0.00       1.4745    0.0265      1.00      1.00      2.00     27.00      0.00      44.1950    0.7330     21.00     36.00     61.00    248.00      0.00
  0.6000   0.1600       37.0030    0.6237     18.00     30.00     48.00    201.00      0.00       1.7080    0.0328      1.00      1.00      2.00     32.00      0.00      41.0170    0.6784     20.00     34.00     55.00    227.00      0.00
  0.6000   0.1400       43.9215    0.8119     19.00     34.00     59.00    322.00      0.00       2.0660    0.0560      1.00      2.00      2.00     71.00      0.00      37.9870    0.6495     17.00     31.00     52.00    211.00      0.00
  0.6000   0.1200       50.0760    0.9628     20.00     38.00     67.00    355.00      0.00       2.6760    0.0771      1.00      2.00      3.00     46.00      0.00      35.4865    0.6663     15.00     28.00     48.00    320.00      0.00
  0.6000   0.1000       60.7955    1.2477     23.00     44.00     81.00    450.00      0.00       4.2685    0.1319      1.00      2.00      4.00     71.00      0.00      31.9435    0.6246     13.00     25.00     44.00    287.00      0.00
  0.6000   0.0800       76.0370    1.4705     30.00     58.00    102.00    521.00      0.00       8.6420    0.2843      2.00      4.00     10.00    203.00      0.00      29.7690    0.5743     11.00     24.00     42.00    187.00      0.00
  0.6000   0.0600       96.6080    2.0202     33.00     72.00    131.00    872.00      0.00      18.1975    0.5205      3.00      9.00     24.00    188.00      0.00      23.9345    0.5435      5.00     18.00     35.00    210.00      0.00
  0.6000   0.0400      133.6265    2.8720     42.00     96.00    182.00    874.00      0.00      42.1440    1.0663      8.00     26.00     57.00    399.00      0.00      15.6795    0.4687      1.00      7.00     24.00    151.00      0.00
  0.6000   0.0200      176.2035    3.9390     53.00    121.00    243.00   1415.00      0.00     103.8360    2.3737     28.00     72.00    145.00    745.00      0.00       5.2515    0.2602      0.00      0.00      4.00    112.00      0.00
  0.4000   0.2000       71.1140    1.4530     26.00     51.00     96.00    521.00      0.00       1.3515    0.0188      1.00      1.00      2.00     22.00      0.00      97.6335    2.0225     34.00     70.00    132.00    765.00      0.00
  0.4000   0.1800       77.2515    1.6208     27.00     56.00    106.00    649.00      0.00       1.4475    0.0184      1.00      1.00      2.00      9.00      0.00      88.4390    1.8752     29.00     63.00    122.00    614.00      0.00
  0.4000   0.1600       86.4695    1.7907     29.00     63.00    119.00    808.00      0.00       1.6965    0.0341      1.00      1.00      2.00     44.00      0.00      80.8155    1.6590     28.00     61.00    110.00    586.00      0.00
  0.4000   0.1400       96.4050    2.0532     33.00     67.00    130.00    807.00      0.00       2.0230    0.0458      1.00      1.00      2.00     43.00      0.00      72.9175    1.6073     24.00     51.00    100.00    656.00      0.00
  0.4000   0.1200      112.6500    2.3676     38.00     80.00    154.00    742.00      0.00       2.6200    0.0616      1.00      2.00      3.00     33.00      0.00      63.6275    1.3605     20.00     44.00     89.00    387.00      0.00
  0.4000   0.1000      121.5560    2.6201     39.00     88.00    166.00    945.00      0.00       4.4850    0.1457      1.00      3.00      5.00     89.00      0.00      50.9830    1.1492     16.00     38.00     69.00    488.00      0.00
  0.4000   0.0800      146.7525    3.1430     47.00    106.00    202.00   1493.00      0.00       9.5770    0.3211      2.00      4.00     11.00    154.00      0.00      41.9015    0.9734     11.00     29.00     59.00    419.00      0.00
  0.4000   0.0600      156.5590    3.3566     47.00    113.00    217.00    950.00      0.00      18.5550    0.5033      3.00     10.00     25.00    174.00      0.00      27.5945    0.7203      4.00     16.00     40.00    211.00      0.00
  0.4000   0.0400      178.1160    3.9744     49.00    123.00    246.00   1505.00      0.00      41.7945    1.0170      9.00     27.00     59.00    357.00      0.00      15.2385    0.5029      1.00      6.00     21.00    169.00      0.00
  0.4000   0.0200      202.4160    4.6143     58.00    139.00    272.00   2000.00      0.00     106.4860    2.4329     29.00     71.00    146.00    885.00      0.00       4.6665    0.2530      0.00      0.00      3.00    147.00      0.00
  0.2000   0.2000      169.9055    3.7809     48.00    117.00    238.00   1495.00      0.00       1.2965    0.0147      1.00      1.00      1.00      6.00      0.00     193.6440    4.4649     52.00    133.00    268.00   1945.00      0.00
  0.2000   0.1800      168.2150    3.8851     46.00    112.00    233.00   1322.00      0.00       1.4345    0.0189      1.00      1.00      2.00     12.00      0.00     158.0895    3.8367     41.00    102.00    215.00   1501.00      0.00
  0.2000   0.1600      178.4130    3.9574     52.00    127.00    243.00   1655.00      0.00       1.6985    0.0315      1.00      1.00      2.00     31.00      0.00     135.8540    3.1647     36.00     92.00    188.00   1512.00      0.00
  0.2000   0.1400      181.4145    3.8687     57.00    133.00    253.00   1408.00      0.00       2.0875    0.0538      1.00      1.00      2.00     45.00      0.00     107.1260    2.3542     32.00     75.00    147.00    802.00      0.00
  0.2000   0.1200      178.2955    3.9671     52.00    121.00    243.00   1520.00      0.00       2.6920    0.0752      1.00      2.00      3.00     56.00      0.00      79.0750    1.8151     22.00     53.00    109.00    721.00      0.00
  0.2000   0.1000      190.0130    4.1564     53.00    128.00    269.00   1424.00      0.00       4.3750    0.1485      1.00      2.00      4.00     77.00      0.00      61.1015    1.3669     16.00     42.00     87.00    480.00      0.00
  0.2000   0.0800      188.8160    4.2030     57.00    136.00    259.00   1945.00      0.00       8.7880    0.2871      2.00      4.00     10.00    150.00      0.00      39.2340    0.9538     10.00     27.00     55.00    457.00      0.00
  0.2000   0.0600      199.6180    4.3881     59.00    139.00    280.00   1573.00      0.00      17.6015    0.4928      3.00      9.00     25.00    218.00      0.00      24.9630    0.6299      5.00     16.00     35.00    205.00      0.00
  0.2000   0.0400      206.5455    4.6199     61.00    145.00    279.00   1661.00      0.00      42.0975    1.0200      9.00     28.00     60.00    298.00      0.00      11.7480    0.3680      1.00      5.00     16.00    133.00      0.00
  0.2000   0.0200      197.4880    4.5180     52.00    131.00    271.00   1936.00      0.00     105.5610    2.5028     26.00     70.00    150.00    861.00      0.00       2.6395    0.1309      0.00      0.00      3.00     71.00      0.00
