Amp Radius  OC_Mean OC_Std OC_Q1 OC_Med OC_Q3 OC_Max OC_Min  Exp_Mean Exp_Std Exp_Q1 Exp_Med Exp_Q3 Exp_Max Exp_Min  Num_Mean Num_Std Num_Q1 Num_Med Num_Q3 Num_Max Num_Min
  2.0000   0.2000        3.9255    0.0489      2.00      3.00      5.00     20.00      0.00       1.6065    0.0223      1.00      1.00      2.00      8.00      0.00       9.8040    0.0913      7.00     10.00     13.00     23.00      0.00
  2.0000   0.1800        4.2305    0.0536      3.00      4.00      5.00     19.00      0.00       1.8025    0.0275      1.00      1.00      2.00     11.00      0.00       9.4845    0.0886      7.00     10.00     12.00     23.00      0.00
  2.0000   0.1600        4.6900    0.0619      3.00      4.00      6.00     21.00      0.00       2.0625    0.0346      1.00      2.00      3.00     11.00      0.00       9.2015    0.0890      7.00     10.00     12.00     21.00      0.00
  2.0000   0.1400        5.5435    0.0783      3.00      5.00      7.00     27.00      0.00       2.4560    0.0407      1.00      2.00      3.00     15.00      0.00       9.1205    0.0841      7.00     10.00     12.00     20.00      0.00
  2.0000   0.1200        6.5310    0.0989      3.00      6.00      9.00     47.00      0.00       2.9690    0.0524      1.00      2.00      4.00     16.00      0.00       8.9130    0.0843      6.00     10.00     11.00     21.00      0.00
  2.0000   0.1000        8.0075    0.1232      4.00      7.00     10.00     54.00      0.00       3.9675    0.0737      2.00      3.00      5.00     52.00      0.00       8.5575    0.0833      6.00     10.00     11.00     20.00      0.00
  2.0000   0.0800       10.6695    0.1868      5.00      9.00     14.00     95.00      0.00       5.7905    0.1205      2.00      4.00      8.00     45.00      0.00       8.2595    0.0868      6.00     10.00     11.00     19.00      0.00
  2.0000   0.0600       17.3805    0.3767      7.00     13.00     22.00    155.00      0.00      10.9550    0.2706      4.00      7.00     14.00    137.00      0.00       7.7090    0.0887      5.00      9.00     11.00     18.00      0.00
  2.0000   0.0400       37.0685    0.8458     12.00     25.00     49.00    378.00      0.00      29.2185    0.7513      8.00     18.00     39.00    377.00      0.00       6.6140    0.0936      2.00      7.00     10.00     18.00      0.00
  2.0000   0.0200      101.5880    2.3683     29.00     69.00    137.00    870.00      0.00      91.4005    2.2039     24.00     61.00    123.00    870.00      0.00       3.4755    0.0904      0.00      1.00      7.00     15.00      0.00
  1.8000   0.2000        4.1695    0.0539      3.00      4.00      5.00     19.00      0.00       1.5800    0.0232      1.00      1.00      2.00     10.00      0.00      10.5610    0.0925      8.00     11.00     13.00     31.00      0.00
  1.8000   0.1800        4.5965    0.0614      3.00      4.00      6.00     23.00      0.00       1.7675    0.0283      1.00      1.00      2.00     17.00      0.00      10.1695    0.0911      8.00     11.00     13.00     26.00      0.00
  1.8000   0.1600        5.3525    0.0716      3.00      5.00      7.00     47.00      0.00       2.0720    0.0324      1.00      2.00      3.00     11.00      0.00      10.2290    0.0884      8.00     11.00     13.00     22.00      0.00
  1.8000   0.1400        6.0930    0.0912      3.00      5.00      8.00     43.00      0.00       2.4785    0.0427      1.00      2.00      3.00     15.00      0.00       9.6460    0.0884      7.00     10.00     12.00     22.00      0.00
  1.8000   0.1200        7.0950    0.1047      4.00      6.00      9.00     38.00      0.00       3.0080    0.0535      1.00      2.00      4.00     20.00      0.00       9.3100    0.0884      7.00     10.00     12.00     22.00      0.00
  1.8000   0.1000        8.7880    0.1338      5.00      7.00     11.00     48.00      0.00       4.0450    0.0751      2.00      3.00      6.00     42.00      0.00       9.3060    0.0845      7.00     10.00     12.00     20.00      0.00
  1.8000   0.0800       12.2915    0.2450      5.00     10.00     16.00    180.00      0.00       5.8750    0.1241      2.00      4.00      8.00     66.00      0.00       8.7740    0.0875      6.00     10.00     11.00     25.00      0.00
  1.8000   0.0600       18.9920    0.3745      8.00     14.00     25.00    125.00      0.00      10.7060    0.2607      3.00      7.00     14.00    122.00      0.00       8.3205    0.0902      6.00      9.00     11.00     20.00      0.00
  1.8000   0.0400       40.0400    0.8670     13.00     27.00     56.00    386.00      0.00      28.9025    0.6827      8.00     18.00     40.00    292.00      0.00       7.0290    0.1010      2.00      8.00     11.00     21.00      0.00
  1.8000   0.0200      108.4085    2.3348     33.00     76.00    157.00    912.00      0.00      92.9605    2.0584     25.00     64.00    134.00    720.00      0.00       3.7370    0.0944      0.00      1.00      7.00     19.00      0.00
  1.6000   0.2000        4.8160    0.0638      3.00      4.00      6.00     27.00      0.00       1.6095    0.0242      1.00      1.00      2.00     10.00      0.00      11.4190    0.1022      9.00     12.00     14.00     29.00      0.00
  1.6000   0.1800        5.3805    0.0719      3.00      5.00      7.00     26.00      0.00       1.8270    0.0293      1.00      1.00      2.00     12.00      0.00      11.0700    0.1005      9.00     11.00     14.00     28.00      0.00
  1.6000   0.1600        6.0210    0.0856      3.00      5.00      8.00     34.00      0.00       2.0305    0.0339      1.00      1.00      2.00     11.00      0.00      10.7995    0.0961      8.00     11.00     13.00     28.00      0.00
  1.6000   0.1400        6.9875    0.1032      4.00      6.00      9.00     42.00      0.00       2.3690    0.0400      1.00      2.00      3.00     14.00      0.00      10.7135    0.0959      8.00     11.00     13.00     35.00      0.00
  1.6000   0.1200        8.4655    0.1343      4.00      7.00     11.00     59.00      0.00       2.9825    0.0534      1.00      2.00      4.00     21.00      0.00      10.4350    0.0944      8.00     11.00     13.00     27.00      0.00
  1.6000   0.1000       10.3255    0.1644      5.00      9.00     13.00     66.00      0.00       3.8835    0.0784      2.00      3.00      5.00     64.00      0.00      10.1010    0.0933      8.00     11.00     13.00     26.00      0.00
  1.6000   0.0800       13.8375    0.2489      6.00     11.00     18.00     86.00      0.00       5.9880    0.1296      2.00      4.00      8.00     68.00      0.00       9.5515    0.0922      7.00     11.00     12.00     24.00      0.00
  1.6000   0.0600       21.6140    0.4233      9.00     16.00     28.00    145.00      0.00      10.4300    0.2432      3.00      7.00     13.00     94.00      0.00       9.1290    0.0975      7.00     10.00     12.00     28.00      0.00
  1.6000   0.0400       44.9610    0.9689     14.00     31.00     62.00    337.00      0.00      29.1265    0.7165      7.00     18.00     40.00    228.00      0.00       7.5470    0.1104      3.00      8.00     11.00     22.00      0.00
  1.6000   0.0200      112.0130    2.5257     30.00     78.00    157.00    808.00      0.00      93.2895    2.1248     23.00     64.00    132.00    649.00      0.00       3.9695    0.1063      0.00      1.00      8.00     22.00      0.00
  1.4000   0.2000        5.8290    0.0797      3.00      5.00      7.00     27.00      0.00       1.6200    0.0238      1.00      1.00      2.00      9.00      0.00      12.9355    0.1187     10.00     13.00     16.00     34.00      0.00
  1.4000   0.1800        6.2055    0.0882      3.00      5.00      8.00     50.00      0.00       1.7850    0.0286      1.00      1.00      2.00     11.00      0.00      12.6190    0.1134     10.00     12.00     15.00     33.00      0.00
  1.4000   0.1600        7.1680    0.1029      4.00      6.00      9.00     38.00      0.00       2.0695    0.0334      1.00      2.00      3.00     11.00      0.00      12.3035    0.1080     10.00     12.00     15.00     33.00      0.00
  1.4000   0.1400        8.1520    0.1262      4.00      7.00     11.00     46.00      0.00       2.4265    0.0400      1.00      2.00      3.00     14.00      0.00      11.8435    0.1085      9.00     12.00     14.00     37.00      0.00
  1.4000   0.1200        9.8365    0.1614      5.00      8.00     13.00     66.00      0.00       2.9705    0.0525      1.00      2.00      4.00     16.00      0.00      11.5375    0.1074      9.00     12.00     14.00     33.00      0.00
  1.4000   0.1000       12.6000    0.1980      6.00     10.00     17.00     59.00      0.00       3.9730    0.0711      2.00      3.00      5.00     30.00      0.00      11.3490    0.1093      9.00     12.00     14.00     35.00      0.00
  1.4000   0.0800       16.9000    0.3190      7.00     13.00     22.00    152.00      0.00       5.8320    0.1317      2.00      4.00      8.00     64.00      0.00      10.6950    0.1036      8.00     11.00     13.00     32.00      0.00
  1.4000   0.0600       26.3765    0.5454     10.00     19.00     35.00    239.00      0.00      10.9395    0.2905      3.00      8.00     14.00    200.00      0.00       9.9335    0.1091      7.00     11.00     13.00     26.00      0.00
  1.4000   0.0400       51.9890    1.1482     18.00     36.00     70.00    525.00      0.00      28.7500    0.7010      7.00     19.00     39.00    283.00      0.00       8.2990    0.1249      3.00      9.00     12.00     32.00      0.00
  1.4000   0.0200      114.5510    2.5395     34.00     80.00    158.00    797.00      0.00      91.8490    2.1749     24.00     61.00    125.00    797.00      0.00       4.2780    0.1208      0.00      1.00      9.00     25.00      0.00
  1.2000   0.2000        6.9995    0.1005      4.00      6.00      9.00     32.00      0.00       1.6335    0.0247      1.00      1.00      2.00     12.00      0.00      15.1020    0.1456     11.00     15.00     19.00     42.00      0.00
  1.2000   0.1800        7.7275    0.1109      4.00      7.00     10.00     44.00      0.00       1.7925    0.0276      1.00      1.00      2.00     14.00      0.00      14.6005    0.1442     11.00     14.00     18.00     44.00      0.00
  1.2000   0.1600        8.9075    0.1375      5.00      8.00     12.00     66.00      0.00       2.0175    0.0329      1.00      2.00      2.00     16.00      0.00      14.2700    0.1377     11.00     14.00     18.00     45.00      0.00
  1.2000   0.1400       10.4590    0.1608      5.00      9.00     14.00     77.00      0.00       2.4860    0.0447      1.00      2.00      3.00     36.00      0.00      14.0265    0.1354     11.00     14.00     17.00     42.00      0.00
  1.2000   0.1200       11.8685    0.2100      6.00     10.00     15.00    165.00      0.00       2.9635    0.0528      1.00      2.00      4.00     21.00      0.00      13.1660    0.1341     10.00     13.00     16.00     55.00      0.00
  1.2000   0.1000       15.4580    0.2710      7.00     13.00     20.00     90.00      0.00       3.9555    0.0789      2.00      3.00      5.00     48.00      0.00      12.8490    0.1327     10.00     13.00     16.00     44.00      0.00
  1.2000   0.0800       20.2775    0.3755      9.00     16.00     26.00    156.00      0.00       5.8395    0.1268      2.00      4.00      8.00     92.00      0.00      12.1665    0.1346      9.00     12.00     15.00     39.00      0.00
  1.2000   0.0600       30.7935    0.6166     12.00     23.00     41.00    303.00      0.00      10.5000    0.2385      3.00      7.00     14.00     99.00      0.00      11.4730    0.1402      8.00     12.00     15.00     35.00      0.00
  1.2000   0.0400       60.8480    1.2921     20.00     42.00     85.00    525.00      0.00      29.9740    0.7599      7.00     18.00     41.00    327.00      0.00       9.2160    0.1543      2.00     10.00     14.00     40.00      0.00
  1.2000   0.0200      127.4690    2.9306     37.00     84.00    175.00    962.00      0.00      91.7045    2.1316     25.00     62.00    129.00    852.00      0.00       4.7180    0.1428      0.00      1.00      9.00     36.00      0.00
  1.0000   0.2000        8.9545    0.1304      5.00      8.00     12.00     42.00      0.00       1.6435    0.0255      1.00      1.00      2.00     12.00      0.00      18.2740    0.1953     13.00     17.00     23.00     61.00      0.00
  1.0000   0.1800       10.0505    0.1546      5.00      8.00     13.00     62.00      0.00       1.7750    0.0276      1.00      1.00      2.00     12.00      0.00      18.4255    0.1986     13.00     17.00     23.00     60.00      0.00
  1.0000   0.1600       11.8810    0.1983      6.00     10.00     15.00    115.00      0.00       2.0720    0.0336      1.00      2.00      3.00     14.00      0.00      17.9155    0.1936     12.00     17.00     23.00     73.00      0.00
  1.0000   0.1400       13.3735    0.2374      6.00     11.00     17.00    179.00      0.00       2.3885    0.0416      1.00      2.00      3.00     26.00      0.00      17.2665    0.1926     12.00     16.00     22.00     66.00      0.00
  1.0000   0.1200       15.8185    0.2697      8.00     13.00     20.00    104.00      0.00       3.0480    0.0567      1.00      2.00      4.00     25.00      0.00      16.5495    0.1854     12.00     15.00     21.00     63.00      0.00
  1.0000   0.1000       19.8710    0.3562      9.00     16.00     26.00    132.00      0.00       3.8350    0.0775      1.00      3.00      5.00     69.00      0.00      15.7045    0.1817     11.00     15.00     20.00     60.00      0.00
  1.0000   0.0800       27.8855    0.5570     11.00     21.00     37.00    354.00      0.00       5.8480    0.1271      2.00      4.00      8.00     90.00      0.00      14.6695    0.1839     10.00     14.00     19.00     59.00      0.00
  1.0000   0.0600       41.0280    0.8135     16.00     31.00     54.00    276.00      0.00      10.5705    0.2465      4.00      7.00     14.00    113.00      0.00      13.6285    0.1920      8.00     13.00     18.00     49.00      0.00
  1.0000   0.0400       72.6535    1.4998     24.00     53.00     99.00    529.00      0.00      30.1210    0.7340      7.00     19.00     41.00    276.00      0.00      10.6450    0.1984      2.00     11.00     16.00     49.00      0.00
  1.0000   0.0200      148.7280    3.2710     44.00    105.00    204.00   1317.00      0.00      96.6490    2.2597     24.00     65.00    133.00    837.00      0.00       4.7400    0.1613      0.00      1.00      8.00     45.00      0.00
  0.8000   0.2000       12.8250    0.1933      7.00     11.00     17.00     54.00      0.00       1.5855    0.0226      1.00      1.00      2.00      9.00      0.00      25.6835    0.3069     16.00     24.00     33.00     93.00      0.00
  0.8000   0.1800       14.2805    0.2327      7.00     12.00     18.00    111.00      0.00       1.8405    0.0290      1.00      1.00      2.00     12.00      0.00      24.4685    0.2873     16.00     22.00     32.00     89.00      0.00
  0.8000   0.1600       15.9600    0.2803      7.00     13.00     21.00    189.00      0.00       2.0315    0.0329      1.00      1.00      3.00     13.00      0.00      23.0340    0.2876     14.00     21.00     30.00    106.00      0.00
  0.8000   0.1400       19.3665    0.3385      9.00     15.00     26.00    140.00      0.00       2.5020    0.0444      1.00      2.00      3.00     20.00      0.00      22.9435    0.2897     14.00     21.00     29.00     83.00      0.00
  0.8000   0.1200       23.7980    0.4399     10.00     19.00     31.00    164.00      0.00       3.0405    0.0577      1.00      2.00      4.00     45.00      0.00      21.9830    0.2785     13.00     20.00     29.00     80.00      0.00
  0.8000   0.1000       29.0060    0.5531     12.00     22.00     38.00    220.00      0.00       3.9865    0.0774      2.00      3.00      5.00     59.00      0.00      20.8105    0.2783     12.00     19.00     28.00     83.00      0.00
  0.8000   0.0800       40.1275    0.7725     16.00     30.00     54.00    298.00      0.00       6.0385    0.1402      2.00      5.00      8.00    114.00      0.00      19.2805    0.2790     11.00     18.00     27.00     78.00      0.00
  0.8000   0.0600       58.2620    1.2550     20.00     41.00     79.00    498.00      0.00      10.9645    0.2637      3.00      7.00     14.00    123.00      0.00      17.2080    0.2851      7.00     16.00     24.00     91.00      0.00
  0.8000   0.0400       92.6550    1.9810     30.00     66.00    130.00    715.00      0.00      29.6035    0.6933      7.00     19.00     41.00    212.00      0.00      12.8020    0.2754      2.00     11.00     20.00     82.00      0.00
  0.8000   0.0200      159.4100    3.5206     47.00    114.00    223.00   1467.00      0.00      95.4645    2.2040     25.00     65.00    135.00    822.00      0.00       5.3190    0.2078      0.00      1.00      7.00     58.00      0.00
  0.6000   0.2000       20.4415    0.3373     10.00     17.00     28.00    182.00      0.00       1.5990    0.0228      1.00      1.00      2.00     12.00      0.00      39.3345    0.5396     22.00     35.00     53.00    173.00      0.00
  0.6000   0.1800       23.6505    0.4179     11.00     19.00     30.00    153.00      0.00       1.8400    0.0307      1.00      1.00      2.00     10.00      0.00      38.1875    0.5464     21.00     34.00     51.00    181.00      0.00
  0.6000   0.1600       27.3325    0.4854     12.00     22.00     35.00    168.00      0.00       2.0285    0.0335      1.00      1.00      3.00     13.00      0.00      37.5535    0.5306     21.00     33.00     50.00    207.00      0.00
  0.6000   0.1400       31.8550    0.5922     14.00     25.00     42.00    227.00      0.00       2.4515    0.0416      1.00      2.00      3.00     14.00      0.00      35.3805    0.5211     19.00     31.00     47.00    139.00      0.00
  0.6000   0.1200       36.5915    0.6814     15.00     29.00     49.00    228.00      0.00       3.0360    0.0507      1.00      2.00      4.00     13.00      0.00      32.6640    0.5142     16.00     28.00     45.00    163.00      0.00
  0.6000   0.1000       49.4575    0.9573     19.00     37.00     67.00    349.00      0.00       3.9735    0.0797      2.00      3.00      5.00     47.00      0.00      31.5310    0.5121     15.00     28.00     44.00    216.00      0.00
  0.6000   0.0800       62.2555    1.2595     22.00     45.00     85.00    447.00      0.00       5.7010    0.1135      2.00      4.00      8.00     48.00      0.00      27.5910    0.4794     11.00     24.00     39.00    158.00      0.00
  0.6000   0.0600       86.3665    1.7442     29.00     66.00    119.00    536.00      0.00      10.7500    0.2626      3.00      8.00     14.00    227.00      0.00      22.6695    0.4684      6.00     18.00     33.00    181.00      0.00
  0.6000   0.0400      125.5045    2.7148     42.00     90.00    174.00   1239.00      0.00      30.5370    0.7448      8.00     20.00     43.00    316.00      0.00      15.6615    0.4096      2.00      9.00     24.00    121.00      0.00
  0.6000   0.0200      177.2900    4.0556     51.00    122.00    244.00   1898.00      0.00      91.4875    2.1041     26.00     62.00    126.00    928.00      0.00       5.1275    0.2520      0.00      1.00      4.00    102.00      0.00
  0.4000   0.2000       47.0155    0.9631     19.00     35.00     63.00    426.00      0.00       1.5960    0.0235      1.00      1.00      2.00     14.00      0.00      77.7590    1.4126     33.00     62.00    107.00    422.00      0.00
  0.4000   0.1800       51.3050    1.0190     20.00     38.00     67.00    362.00      0.00       1.8110    0.0280      1.00      1.00      2.00     10.00      0.00      71.4715    1.3312     29.00     56.00     98.00    459.00      0.00
  0.4000   0.1600       60.0950    1.2485     21.00     43.00     82.00    390.00      0.00       2.0810    0.0341      1.00      2.00      3.00     12.00      0.00      68.6475    1.3082     27.00     53.00     96.00    492.00      0.00
  0.4000   0.1400       69.0545    1.4358     26.00     51.00     94.00    620.00      0.00       2.4065    0.0402      1.00      2.00      3.00     16.00      0.00      63.5460    1.2404     25.00     51.00     86.00    457.00      0.00
  0.4000   0.1200       79.8930    1.7046     27.00     59.00    108.00    704.00      0.00       2.9875    0.0524      1.00      2.00      4.00     23.00      0.00      55.7650    1.0658     21.00     44.00     78.00    377.00      0.00
  0.4000   0.1000       93.5960    1.9956     31.00     68.00    127.00    837.00      0.00       3.9590    0.0749      1.00      3.00      5.00     28.00      0.00      49.5385    1.0367     15.00     38.00     69.00    425.00      0.00
  0.4000   0.0800      115.4180    2.4966     37.00     83.00    156.00    875.00      0.00       5.6120    0.1136      2.00      4.00      8.00     56.00      0.00      40.3435    0.9348     10.00     28.00     57.00    472.00      0.00
  0.4000   0.0600      143.6330    3.1956     44.00     99.00    196.00   1147.00      0.00      10.8165    0.2717      3.00      7.00     14.00    244.00      0.00      28.2490    0.7271      5.00     16.00     41.00    220.00      0.00
  0.4000   0.0400      167.9405    3.6351     50.00    119.00    232.00   1153.00      0.00      29.8990    0.7276      7.00     19.00     41.00    278.00      0.00      15.1110    0.4829      2.00      6.00     20.00    182.00      0.00
  0.4000   0.0200      197.0460    4.3994     59.00    133.00    274.00   1318.00      0.00      96.0315    2.2243     26.00     66.00    132.00    684.00      0.00       4.1615    0.2333      0.00      1.00      3.00    110.00      0.00
  0.2000   0.2000      137.1310    2.9938     41.00     98.00    187.00   1165.00      0.00       1.5865    0.0231      1.00      1.00      2.00     10.00      0.00     167.7675    3.7565     48.00    119.00    232.00   1502.00      0.00
  0.2000   0.1800      147.4755    3.2997     43.00    107.00    195.00   1264.00      0.00       1.7380    0.0266      1.00      1.00      2.00     10.00      0.00     150.5985    3.4197     44.00    106.00    200.00   1056.00      0.00
  0.2000   0.1600      154.2765    3.4372     45.00    105.00    216.00   1129.00      0.00       2.0795    0.0356      1.00      1.00      3.00     20.00      0.00     128.4770    2.9812     36.00     87.00    178.00   1033.00      0.00
  0.2000   0.1400      158.2665    3.5670     43.00    109.00    221.00   1290.00      0.00       2.4775    0.0436      1.00      2.00      3.00     13.00      0.00     104.1935    2.4207     27.00     71.00    145.00   1050.00      0.00
  0.2000   0.1200      167.2945    3.6648     48.00    118.00    231.00   1050.00      0.00       2.9615    0.0538      1.00      2.00      4.00     23.00      0.00      82.5190    1.9366     20.00     56.00    113.00    652.00      0.00
  0.2000   0.1000      174.5515    3.6300     53.00    132.00    245.00   1391.00      0.00       4.0135    0.0875      1.00      3.00      5.00     71.00      0.00      62.3775    1.4073     16.00     45.00     88.00    567.00      0.00
  0.2000   0.0800      186.0405    4.1345     56.00    130.00    252.00   1744.00      0.00       5.8100    0.1173      2.00      5.00      8.00     70.00      0.00      42.7400    1.0532      9.00     27.00     59.00    392.00      0.00
  0.2000   0.0600      196.3590    4.2567     60.00    135.00    268.00   1435.00      0.00      10.5560    0.2455      4.00      7.00     14.00    111.00      0.00      25.2655    0.6587      5.00     14.00     34.00    262.00      0.00
  0.2000   0.0400      201.7625    4.4528     60.00    141.00    277.00   1439.00      0.00      29.5755    0.7128      8.00     19.00     42.00    320.00      0.00      12.1175    0.3926      2.00      6.00     15.00    171.00      0.00
  0.2000   0.0200      199.0390    4.2237     59.00    144.00    288.00   1455.00      0.00      93.6350    2.1450     24.00     66.00    130.00    714.00      0.00       2.8980    0.1420      0.00      1.00      3.00     81.00      0.00
