Amp Radius  OC_Mean OC_Std OC_Q1 OC_Med OC_Q3 OC_Max OC_Min  Exp_Mean Exp_Std Exp_Q1 Exp_Med Exp_Q3 Exp_Max Exp_Min  Num_Mean Num_Std Num_Q1 Num_Med Num_Q3 Num_Max Num_Min
  2.0000   0.2000        4.3145    0.0473      3.00      4.00      5.00     18.00      0.00       1.3420    0.0148      1.00      1.00      2.00      8.00      0.00       6.8155    0.0843      4.00      6.00      9.00     24.00      0.00
  2.0000   0.1800        4.6375    0.0504      3.00      4.00      6.00     17.00      0.00       1.4430    0.0162      1.00      1.00      2.00      6.00      0.00       6.3805    0.0790      4.00      6.00      8.00     23.00      0.00
  2.0000   0.1600        5.1690    0.0584      3.00      5.00      7.00     20.00      0.00       1.6700    0.0226      1.00      1.00      2.00     16.00      0.00       6.0160    0.0768      4.00      5.00      8.00     21.00      0.00
  2.0000   0.1400        5.8105    0.0719      4.00      5.00      7.00     29.00      0.00       1.9365    0.0318      1.00      2.00      2.00     23.00      0.00       5.4755    0.0728      3.00      5.00      7.00     21.00      0.00
  2.0000   0.1200        6.7655    0.0913      4.00      6.00      9.00     52.00      0.00       2.3540    0.0440      1.00      2.00      3.00     30.00      0.00       5.2325    0.0702      3.00      4.00      7.00     18.00      0.00
  2.0000   0.1000        8.2085    0.1245      5.00      7.00     10.00     56.00      0.00       3.0880    0.0681      1.00      2.00      4.00     49.00      0.00       4.9715    0.0682      3.00      4.00      6.00     21.00      0.00
  2.0000   0.0800       11.3445    0.2179      5.00      9.00     14.00    134.00      0.00       5.7965    0.1681      2.00      3.00      6.00     92.00      0.00       4.5515    0.0654      3.00      4.00      6.00     17.00      0.00
  2.0000   0.0600       20.3530    0.4287      8.00     14.00     27.00    184.00      0.00      13.8510    0.3791      3.00      7.00     18.00    181.00      0.00       4.4335    0.0682      2.00      4.00      6.00     19.00      0.00
  2.0000   0.0400       41.2965    0.9487     12.00     27.00     55.00    323.00      0.00      32.9910    0.8355      7.00     20.00     44.00    295.00      0.00       3.7885    0.0681      2.00      3.00      5.00     16.00      0.00
  2.0000   0.0200      107.0040    2.4106     32.00     74.00    146.00    856.00      0.00      97.8410    2.2622     28.00     68.00    134.00    714.00      0.00       2.3020    0.0635      0.00      1.00      4.00     15.00      0.00
  1.8000   0.2000        4.9770    0.0572      3.00      5.00      6.00     21.00      0.00       1.3135    0.0140      1.00      1.00      2.00      7.00      0.00       8.0225    0.0998      5.00      7.00     11.00     31.00      0.00
  1.8000   0.1800        5.3440    0.0635      3.00      5.00      7.00     26.00      0.00       1.3965    0.0165      1.00      1.00      2.00      7.00      0.00       7.5970    0.0971      4.00      7.00     10.00     27.00      0.00
  1.8000   0.1600        6.0240    0.0721      4.00      6.00      8.00     48.00      0.00       1.6145    0.0259      1.00      1.00      2.00     35.00      0.00       7.1665    0.0908      4.00      6.00     10.00     25.00      0.00
  1.8000   0.1400        6.6850    0.0822      4.00      6.00      9.00     42.00      0.00       1.9465    0.0287      1.00      2.00      2.00     14.00      0.00       6.4815    0.0849      4.00      6.00      9.00     25.00      0.00
  1.8000   0.1200        7.7470    0.1029      5.00      7.00     10.00     51.00      0.00       2.4065    0.0515      1.00      2.00      3.00     40.00      0.00       6.2355    0.0831      4.00      5.00      8.00     23.00      0.00
  1.8000   0.1000        9.3895    0.1426      5.00      8.00     12.00     78.00      0.00       3.3130    0.0741      1.00      2.00      4.00     39.00      0.00       5.7170    0.0774      3.00      5.00      8.00     22.00      0.00
  1.8000   0.0800       12.8790    0.2301      6.00     10.00     16.00    107.00      0.00       5.6205    0.1607      2.00      3.00      6.00    102.00      0.00       5.5075    0.0801      3.00      5.00      7.00     23.00      0.00
  1.8000   0.0600       21.1705    0.4401      9.00     16.00     27.00    287.00      0.00      12.4670    0.3416      3.00      7.00     17.00    239.00      0.00       5.2850    0.0778      3.00      5.00      7.00     19.00      0.00
  1.8000   0.0400       43.9040    0.9611     13.00     30.00     61.00    338.00      0.00      33.1470    0.8321      7.00     20.00     47.00    282.00      0.00       4.4215    0.0782      2.00      4.00      6.00     20.00      0.00
  1.8000   0.0200      106.1665    2.3083     32.00     75.00    146.00    811.00      0.00      94.7150    2.1070     26.00     67.00    130.00    662.00      0.00       2.6710    0.0730      0.00      1.00      5.00     18.00      0.00
  1.6000   0.2000        5.8790    0.0643      4.00      5.00      7.00     21.00      0.00       1.3095    0.0139      1.00      1.00      2.00      7.00      0.00       9.8165    0.1212      6.00      9.00     13.00     35.00      0.00
  1.6000   0.1800        6.5145    0.0725      4.00      6.00      8.00     26.00      0.00       1.4655    0.0177      1.00      1.00      2.00      7.00      0.00       9.3850    0.1167      6.00      9.00     13.00     36.00      0.00
  1.6000   0.1600        7.0235    0.0821      4.00      6.00      9.00     35.00      0.00       1.6045    0.0227      1.00      1.00      2.00     12.00      0.00       8.5725    0.1081      5.00      8.00     11.00     32.00      0.00
  1.6000   0.1400        8.0630    0.1023      5.00      7.00     10.00     36.00      0.00       1.8965    0.0311      1.00      1.00      2.00     26.00      0.00       8.0225    0.1040      4.00      7.00     11.00     27.00      0.00
  1.6000   0.1200        9.2460    0.1211      5.00      8.00     12.00     48.00      0.00       2.3950    0.0402      1.00      2.00      3.00     18.00      0.00       7.4360    0.0987      4.00      7.00     10.00     28.00      0.00
  1.6000   0.1000       11.5405    0.1689      6.00     10.00     15.00    103.00      0.00       3.4470    0.0870      1.00      3.00      4.00     45.00      0.00       7.0475    0.0922      4.00      6.00      9.00     25.00      0.00
  1.6000   0.0800       15.2660    0.3073      7.00     12.00     19.00    270.00      0.00       5.7470    0.1770      2.00      3.00      6.00    111.00      0.00       6.6070    0.0897      4.00      6.00      9.00     24.00      0.00
  1.6000   0.0600       23.8195    0.4854     10.00     17.00     31.00    182.00      0.00      12.6695    0.3666      3.00      6.00     16.00    171.00      0.00       6.3250    0.0931      3.00      6.00      9.00     24.00      0.00
  1.6000   0.0400       48.7090    1.0250     16.00     34.00     65.00    365.00      0.00      32.7845    0.8084      7.00     21.00     46.00    356.00      0.00       5.3320    0.0954      2.00      5.00      8.00     21.00      0.00
  1.6000   0.0200      114.4770    2.5817     34.00     77.00    157.00   1182.00      0.00      95.2615    2.2154     25.00     64.00    136.00   1170.00      0.00       3.1345    0.0873      0.00      1.00      5.00     22.00      0.00
  1.4000   0.2000        7.3150    0.0837      5.00      7.00     10.00     29.00      0.00       1.3345    0.0140      1.00      1.00      2.00      5.00      0.00      12.0410    0.1499      7.00     11.00     16.00     39.00      0.00
  1.4000   0.1800        8.0595    0.0948      5.00      7.00     10.00     29.00      0.00       1.4455    0.0174      1.00      1.00      2.00      8.00      0.00      11.4600    0.1407      7.00     11.00     15.00     40.00      0.00
  1.4000   0.1600        8.7310    0.1031      6.00      8.00     11.00     36.00      0.00       1.6420    0.0215      1.00      1.00      2.00     11.00      0.00      10.6935    0.1338      6.00     10.00     14.00     39.00      0.00
  1.4000   0.1400        9.9355    0.1259      6.00      9.00     13.00     47.00      0.00       1.9645    0.0319      1.00      2.00      2.00     22.00      0.00      10.0055    0.1342      5.00      9.00     14.00     38.00      0.00
  1.4000   0.1200       11.6630    0.1639      7.00     10.00     15.00     59.00      0.00       2.3740    0.0498      1.00      2.00      3.00     40.00      0.00       9.4630    0.1249      5.00      9.00     13.00     42.00      0.00
  1.4000   0.1000       14.2190    0.2139      8.00     12.00     18.00     90.00      0.00       3.3875    0.0851      1.00      2.00      4.00     54.00      0.00       8.4785    0.1164      5.00      8.00     12.00     32.00      0.00
  1.4000   0.0800       17.9725    0.3075      9.00     14.00     23.00    121.00      0.00       5.7935    0.1843      2.00      3.00      7.00    116.00      0.00       7.8980    0.1074      4.00      7.00     11.00     27.00      0.00
  1.4000   0.0600       29.7310    0.5894     13.00     22.00     38.00    264.00      0.00      14.0115    0.3935      3.00      7.00     18.00    162.00      0.00       7.4410    0.1090      4.00      7.00     10.00     30.00      0.00
  1.4000   0.0400       52.8650    1.1434     18.00     38.00     72.00    442.00      0.00      32.6025    0.8466      7.00     20.00     44.00    368.00      0.00       6.5575    0.1177      2.00      6.00     10.00     26.00      0.00
  1.4000   0.0200      119.2525    2.6394     37.00     80.00    165.00   1007.00      0.00      94.6975    2.2278     25.00     61.00    132.00    828.00      0.00       3.4245    0.1016      0.00      1.00      6.00     23.00      0.00
  1.2000   0.2000        9.3010    0.1121      6.00      9.00     12.00     45.00      0.00       1.3090    0.0137      1.00      1.00      2.00      6.00      0.00      15.3715    0.1937      9.00     14.00     20.00     54.00      0.00
  1.2000   0.1800       10.2380    0.1251      6.00      9.00     13.00     37.00      0.00       1.4705    0.0181      1.00      1.00      2.00      9.00      0.00      14.4260    0.1834      8.00     13.00     19.00     62.00      0.00
  1.2000   0.1600       11.3015    0.1479      7.00     10.00     15.00     62.00      0.00       1.6365    0.0207      1.00      1.00      2.00     10.00      0.00      13.4725    0.1738      8.00     12.00     18.00     51.00      0.00
  1.2000   0.1400       12.7335    0.1790      7.00     11.00     17.00     57.00      0.00       1.9185    0.0340      1.00      2.00      2.00     29.00      0.00      12.4755    0.1660      7.00     12.00     17.00     46.00      0.00
  1.2000   0.1200       14.7845    0.2028      8.00     13.00     19.00     82.00      0.00       2.4665    0.0518      1.00      2.00      3.00     48.00      0.00      11.7795    0.1555      7.00     11.00     16.00     41.00      0.00
  1.2000   0.1000       18.0125    0.2681     10.00     15.00     23.00    109.00      0.00       3.5080    0.0942      1.00      3.00      4.00     86.00      0.00      10.9480    0.1446      6.00     10.00     15.00     44.00      0.00
  1.2000   0.0800       22.9180    0.3753     11.00     19.00     30.00    130.00      0.00       5.6060    0.1526      2.00      3.00      6.00     90.00      0.00      10.0090    0.1392      5.00      9.00     14.00     45.00      0.00
  1.2000   0.0600       36.6295    0.6986     15.00     27.00     49.00    288.00      0.00      13.0990    0.3728      3.00      7.00     17.00    151.00      0.00       9.6925    0.1434      5.00      9.00     14.00     35.00      0.00
  1.2000   0.0400       63.4775    1.2821     23.00     46.00     85.00    436.00      0.00      34.6030    0.8765      6.00     21.00     49.00    313.00      0.00       7.6595    0.1444      2.00      7.00     12.00     36.00      0.00
  1.2000   0.0200      125.4385    2.7909     37.00     86.00    172.00   1086.00      0.00      90.0075    2.1192     23.00     60.00    125.00    738.00      0.00       4.2640    0.1321      0.00      1.00      8.00     40.00      0.00
  1.0000   0.2000       12.7455    0.1680      7.00     12.00     17.00     71.00      0.00       1.3025    0.0135      1.00      1.00      1.00      5.00      0.00      20.7815    0.2752     12.00     19.00     28.00     96.00      0.00
  1.0000   0.1800       13.9950    0.1847      8.00     12.00     18.00     63.00      0.00       1.4045    0.0170      1.00      1.00      2.00     12.00      0.00      19.3765    0.2560     11.00     18.00     25.00     70.00      0.00
  1.0000   0.1600       16.1930    0.2234      9.00     14.00     21.00     85.00      0.00       1.6065    0.0216      1.00      1.00      2.00     12.00      0.00      18.9030    0.2566     10.00     17.00     25.00     78.00      0.00
  1.0000   0.1400       18.0095    0.2538     10.00     16.00     23.00     75.00      0.00       1.9710    0.0368      1.00      2.00      2.00     34.00      0.00      17.5840    0.2413     10.00     16.00     23.00     75.00      0.00
  1.0000   0.1200       20.7360    0.3193     11.00     18.00     27.00    157.00      0.00       2.3220    0.0460      1.00      2.00      3.00     45.00      0.00      16.1665    0.2356      9.00     14.00     22.00     95.00      0.00
  1.0000   0.1000       25.1120    0.4091     12.00     21.00     33.00    176.00      0.00       3.4285    0.0955      1.00      2.00      4.00     80.00      0.00      14.6395    0.2077      8.00     13.00     19.00     67.00      0.00
  1.0000   0.0800       32.3270    0.5231     16.00     27.00     43.00    195.00      0.00       5.9615    0.1652      2.00      4.00      7.00     84.00      0.00      13.4150    0.1978      7.00     12.00     18.00     67.00      0.00
  1.0000   0.0600       49.0970    0.9270     20.00     38.00     67.00    351.00      0.00      13.3255    0.3686      3.00      7.00     17.00    128.00      0.00      12.8305    0.2109      6.00     12.00     18.00     84.00      0.00
  1.0000   0.0400       77.6335    1.6347     27.00     56.00    104.00    562.00      0.00      30.9390    0.7787      6.00     19.00     44.00    307.00      0.00       9.8970    0.2038      2.00      8.00     15.00     56.00      0.00
  1.0000   0.0200      148.9265    3.3157     44.00    102.00    203.00   1074.00      0.00      97.5445    2.2682     25.00     65.00    133.00    809.00      0.00       4.9575    0.1668      0.00      1.00      8.00     47.00      0.00
  0.8000   0.2000       19.7995    0.3088     11.00     17.00     26.00    144.00      0.00       1.3100    0.0153      1.00      1.00      2.00     15.00      0.00      30.6360    0.4641     16.00     26.00     41.00    201.00      0.00
  0.8000   0.1800       21.5295    0.3131     11.00     19.00     28.00    100.00      0.00       1.4450    0.0170      1.00      1.00      2.00      7.00      0.00      28.7225    0.4156     15.00     25.00     39.00    132.00      0.00
  0.8000   0.1600       23.7540    0.3763     12.00     20.00     31.00    180.00      0.00       1.6305    0.0219      1.00      1.00      2.00     11.00      0.00      26.2010    0.3970     13.00     23.00     35.00    125.00      0.00
  0.8000   0.1400       27.3845    0.4334     14.00     23.00     36.00    151.00      0.00       1.9135    0.0273      1.00      2.00      2.00     10.00      0.00      25.1810    0.3941     13.00     22.00     34.00    138.00      0.00
  0.8000   0.1200       32.6230    0.5335     16.00     27.00     43.00    184.00      0.00       2.4520    0.0428      1.00      2.00      3.00     23.00      0.00      23.6800    0.3766     12.00     20.00     32.00    119.00      0.00
  0.8000   0.1000       40.2690    0.7114     18.00     32.00     54.00    341.00      0.00       3.3785    0.0926      1.00      2.00      4.00     63.00      0.00      22.1420    0.3629     11.00     18.00     30.00    141.00      0.00
  0.8000   0.0800       51.8575    0.9322     22.00     42.00     69.00    322.00      0.00       5.7110    0.1669      2.00      3.00      6.00     82.00      0.00      20.1440    0.3344     10.00     17.00     28.00    106.00      0.00
  0.8000   0.0600       69.9815    1.3094     29.00     55.00     93.00    503.00      0.00      12.7180    0.3585      3.00      6.00     16.00    170.00      0.00      17.4475    0.3298      6.00     14.00     25.00    131.00      0.00
  0.8000   0.0400      103.9820    2.1391     34.00     75.00    145.00    986.00      0.00      33.0260    0.8490      7.00     21.00     46.00    301.00      0.00      12.8070    0.3055      2.00      9.00     19.00     95.00      0.00
  0.8000   0.0200      161.9335    3.6237     47.00    115.00    224.00   1448.00      0.00      93.2305    2.1834     21.00     64.00    131.00    632.00      0.00       5.0825    0.2134      0.00      1.00      6.00     82.00      0.00
  0.6000   0.2000       36.2775    0.6621     17.00     29.00     48.00    281.00      0.00       1.3405    0.0147      1.00      1.00      2.00      7.00      0.00      52.3085    0.9062     23.00     42.00     71.00    349.00      0.00
  0.6000   0.1800       40.2975    0.7063     18.00     32.00     54.00    240.00      0.00       1.4595    0.0169      1.00      1.00      2.00      9.00      0.00      49.4985    0.8689     22.00     40.00     66.00    338.00      0.00
  0.6000   0.1600       45.6415    0.8418     19.00     36.00     61.00    277.00      0.00       1.6695    0.0225      1.00      1.00      2.00      9.00      0.00      46.1800    0.8416     19.00     36.00     63.00    264.00      0.00
  0.6000   0.1400       52.8275    1.0288     21.00     40.00     71.00    502.00      0.00       1.8755    0.0274      1.00      2.00      2.00     12.00      0.00      42.6210    0.7960     18.00     34.00     58.00    318.00      0.00
  0.6000   0.1200       60.5440    1.1459     24.00     46.00     81.00    402.00      0.00       2.3850    0.0460      1.00      2.00      3.00     35.00      0.00      39.4210    0.7448     16.00     31.00     54.00    338.00      0.00
  0.6000   0.1000       76.9645    1.5486     28.00     56.00    103.00    557.00      0.00       3.2205    0.0810      1.00      2.00      4.00     65.00      0.00      36.6155    0.7266     13.00     27.00     51.00    311.00      0.00
  0.6000   0.0800       93.3400    1.8783     33.00     69.00    125.00    813.00      0.00       5.7175    0.1603      2.00      4.00      6.00     78.00      0.00      30.8270    0.6120     11.00     24.00     43.00    228.00      0.00
  0.6000   0.0600      112.8190    2.3754     39.00     81.00    158.00    978.00      0.00      12.5980    0.3397      3.00      7.00     17.00    123.00      0.00      23.7480    0.5510      6.00     17.00     34.00    213.00      0.00
  0.6000   0.0400      151.3745    3.2850     49.00    107.00    208.00   1404.00      0.00      33.9390    0.8490      7.00     21.00     47.00    306.00      0.00      16.0030    0.4627      2.00      8.00     23.00    197.00      0.00
  0.6000   0.0200      186.1165    4.2334     55.00    128.00    255.00   1331.00      0.00      95.7370    2.1597     26.00     67.00    133.00    684.00      0.00       5.6040    0.2560      0.00      1.00      5.00    108.00      0.00
  0.4000   0.2000       83.5055    1.7694     29.00     60.00    112.00    644.00      0.00       1.3145    0.0153      1.00      1.00      1.00     12.00      0.00     106.7940    2.2777     36.00     78.00    144.00    917.00      0.00
  0.4000   0.1800       92.7010    2.0448     29.00     65.00    124.00    775.00      0.00       1.4505    0.0174      1.00      1.00      2.00      8.00      0.00      97.8365    2.1034     31.00     69.00    134.00    686.00      0.00
  0.4000   0.1600      103.1215    2.1895     33.00     74.00    143.00    780.00      0.00       1.6080    0.0208      1.00      1.00      2.00      8.00      0.00      90.4490    1.9476     29.00     65.00    124.00    788.00      0.00
  0.4000   0.1400      116.6405    2.5645     37.00     81.00    163.00    925.00      0.00       1.8915    0.0274      1.00      2.00      2.00     15.00      0.00      80.2700    1.7297     25.00     58.00    112.00    578.00      0.00
  0.4000   0.1200      128.7770    2.8011     40.00     91.00    176.00   1164.00      0.00       2.3125    0.0420      1.00      2.00      3.00     39.00      0.00      67.7395    1.5055     21.00     47.00     94.00    724.00      0.00
  0.4000   0.1000      149.8305    3.3531     44.00    104.00    207.00   1292.00      0.00       3.3300    0.0823      1.00      2.00      4.00     53.00      0.00      56.6405    1.2705     16.00     39.00     81.00    462.00      0.00
  0.4000   0.0800      162.3665    3.7803     46.00    110.00    218.00   1883.00      0.00       5.6340    0.1487      2.00      4.00      6.00     71.00      0.00      40.8480    0.9630     11.00     27.00     56.00    414.00      0.00
  0.4000   0.0600      171.6350    3.8603     48.00    118.00    240.00   1240.00      0.00      12.5325    0.3657      3.00      7.00     16.00    166.00      0.00      25.9725    0.6465      5.00     16.00     38.00    278.00      0.00
  0.4000   0.0400      183.7050    4.0872     52.00    129.00    256.00   1309.00      0.00      31.7350    0.8194      6.00     18.00     44.00    341.00      0.00      13.8375    0.4022      2.00      7.00     20.00    124.00      0.00
  0.4000   0.0200      206.1900    4.4758     64.00    148.00    285.00   1644.00      0.00      96.0255    2.2265     26.00     70.00    130.00    906.00      0.00       3.9755    0.1791      0.00      1.00      4.00     79.00      0.00
  0.2000   0.2000      178.3500    3.8289     52.00    125.00    248.00   1216.00      0.00       1.3400    0.0143      1.00      1.00      2.00      6.00      0.00     194.9490    4.3068     56.00    138.00    268.00   1606.00      0.00
  0.2000   0.1800      173.2095    3.8949     49.00    121.00    240.00   1545.00      0.00       1.4555    0.0172      1.00      1.00      2.00      6.00      0.00     158.4380    3.7337     42.00    103.00    216.00   1454.00      0.00
  0.2000   0.1600      183.4120    4.1163     50.00    127.00    255.00   1357.00      0.00       1.6280    0.0225      1.00      1.00      2.00     12.00      0.00     134.7960    3.1334     36.00     91.00    187.00    993.00      0.00
  0.2000   0.1400      180.2765    4.0562     54.00    128.00    245.00   1496.00      0.00       1.9230    0.0321      1.00      2.00      2.00     27.00      0.00     104.8045    2.4982     29.00     71.00    141.00    998.00      0.00
  0.2000   0.1200      194.3450    4.3546     56.00    136.00    265.00   1585.00      0.00       2.4285    0.0518      1.00      2.00      3.00     49.00      0.00      85.0490    2.0018     22.00     57.00    118.00    808.00      0.00
  0.2000   0.1000      191.3650    4.2730     54.00    130.00    262.00   1608.00      0.00       3.2030    0.0861      1.00      2.00      4.00     62.00      0.00      59.6030    1.3897     15.00     40.00     82.00    551.00      0.00
  0.2000   0.0800      195.9900    4.2941     54.00    137.00    274.00   1442.00      0.00       5.5915    0.1718      2.00      3.00      6.00    105.00      0.00      39.5680    0.9061     10.00     27.00     56.00    333.00      0.00
  0.2000   0.0600      206.3865    4.6274     60.00    141.00    287.00   1457.00      0.00      12.6135    0.3792      3.00      6.00     16.00    214.00      0.00      24.0295    0.5783      5.00     16.00     34.00    207.00      0.00
  0.2000   0.0400      199.3570    4.4098     58.00    146.00    274.00   1551.00      0.00      32.0775    0.7764      6.00     21.00     45.00    244.00      0.00      10.9500    0.3023      2.00      6.00     15.00     86.00      0.00
  0.2000   0.0200      210.4205    4.7283     60.00    146.00    291.00   1534.00      0.00      95.0325    2.2406     25.00     63.00    132.00    863.00      0.00       3.1645    0.1289      0.00      1.00      4.00     64.00      0.00
