Amp Radius  OC_Mean OC_Std OC_Q1 OC_Med OC_Q3 OC_Max OC_Min  Exp_Mean Exp_Std Exp_Q1 Exp_Med Exp_Q3 Exp_Max Exp_Min  Num_Mean Num_Std Num_Q1 Num_Med Num_Q3 Num_Max Num_Min
  2.0000   0.2000        3.8680    0.0486      2.00      3.00      5.00     22.00      0.00       1.6135    0.0260      1.00      1.00      2.00     16.00      0.00       9.6215    0.0886      7.00     10.00     12.00     21.00      0.00
  2.0000   0.1800        4.1260    0.0532      2.00      4.00      5.00     20.00      0.00       1.7790    0.0277      1.00      1.00      2.00     13.00      0.00       9.2460    0.0876      7.00     10.00     12.00     25.00      0.00
  2.0000   0.1600        4.7300    0.0620      3.00      4.00      6.00     23.00      0.00       2.0415    0.0336      1.00      1.00      3.00     14.00      0.00       9.1495    0.0824      7.00     10.00     12.00     21.00      0.00
  2.0000   0.1400        5.4240    0.0817      3.00      5.00      7.00     41.00      0.00       2.4975    0.0485      1.00      2.00      3.00     24.00      0.00       8.8285    0.0847      6.00     10.00     11.00     19.00      0.00
  2.0000   0.1200        6.6500    0.1084      4.00      6.00      8.00     72.00      0.00       3.2445    0.0794      1.00      2.00      4.00     64.00      0.00       8.6760    0.0812      6.00     10.00     11.00     19.00      0.00
  2.0000   0.1000        8.4335    0.1591      4.00      7.00     10.00     86.00      0.00       4.4295    0.1110      1.00      3.00      6.00     77.00      0.00       8.5435    0.0833      6.00     10.00     11.00     21.00      0.00
  2.0000   0.0800       11.6200    0.2444      5.00      9.00     15.00    123.00      0.00       7.2620    0.2045      2.00      4.00      9.00    109.00      0.00       8.0810    0.0836      6.00      9.00     11.00     18.00      0.00
  2.0000   0.0600       21.3425    0.4801      7.00     14.00     28.00    194.00      0.00      16.0515    0.4236      4.00      9.00     21.00    192.00      0.00       7.3195    0.0913      4.00      8.00     11.00     17.00      0.00
  2.0000   0.0400       49.2570    1.1663     13.00     33.00     67.00    526.00      0.00      42.2030    1.0580      9.00     27.00     58.00    379.00      0.00       5.7375    0.0952      1.00      6.00      9.00     17.00      0.00
  2.0000   0.0200      108.8745    2.5058     29.00     75.00    148.00    818.00      0.00     102.5190    2.4022     26.00     70.00    140.00    818.00      0.00       2.8435    0.0845      0.00      0.00      6.00     15.00      0.00
  1.8000   0.2000        4.2650    0.0534      3.00      4.00      5.00     31.00      0.00       1.5855    0.0233      1.00      1.00      2.00     10.00      0.00      10.4215    0.0931      8.00     11.00     13.00     23.00      0.00
  1.8000   0.1800        4.7555    0.0646      3.00      4.00      6.00     24.00      0.00       1.8490    0.0304      1.00      1.00      2.00     15.00      0.00      10.0370    0.0914      8.00     11.00     13.00     23.00      0.00
  1.8000   0.1600        5.1205    0.0669      3.00      4.00      7.00     26.00      0.00       2.0110    0.0341      1.00      1.00      3.00     16.00      0.00       9.6640    0.0889      7.00     10.00     12.00     25.00      0.00
  1.8000   0.1400        6.0180    0.0869      3.00      5.00      8.00     31.00      0.00       2.5275    0.0516      1.00      2.00      3.00     30.00      0.00       9.5660    0.0849      7.00     10.00     12.00     23.00      0.00
  1.8000   0.1200        7.0830    0.1119      4.00      6.00      9.00     47.00      0.00       3.0645    0.0658      1.00      2.00      4.00     38.00      0.00       9.2960    0.0838      7.00     10.00     12.00     21.00      0.00
  1.8000   0.1000        9.4095    0.1634      4.00      8.00     12.00     71.00      0.00       4.5165    0.1113      2.00      3.00      6.00     59.00      0.00       9.1305    0.0842      7.00     10.00     12.00     26.00      0.00
  1.8000   0.0800       13.1930    0.2671      5.00     10.00     16.00    108.00      0.00       7.4790    0.2002      2.00      5.00      9.00     87.00      0.00       8.7210    0.0857      6.00     10.00     11.00     21.00      0.00
  1.8000   0.0600       23.4800    0.5429      8.00     16.00     30.00    261.00      0.00      16.5045    0.4682      3.00      9.00     21.00    257.00      0.00       7.8210    0.0934      6.00      9.00     11.00     20.00      0.00
  1.8000   0.0400       50.8870    1.2161     14.00     33.00     70.00    483.00      0.00      41.2285    1.0844      9.00     25.00     57.00    479.00      0.00       6.5280    0.1032      1.00      7.00     10.00     23.00      0.00
  1.8000   0.0200      116.7055    2.6514     33.00     81.00    164.00    986.00      0.00     108.3085    2.4953     28.00     76.00    153.00    922.00      0.00       3.1735    0.0922      0.00      0.00      7.00     19.00      0.00
  1.6000   0.2000        4.7345    0.0580      3.00      4.00      6.00     18.00      0.00       1.5600    0.0225      1.00      1.00      2.00      9.00      0.00      11.3955    0.0988      9.00     12.00     14.00     35.00      0.00
  1.6000   0.1800        5.2485    0.0712      3.00      4.00      7.00     25.00      0.00       1.7600    0.0292      1.00      1.00      2.00     24.00      0.00      10.8750    0.0946      8.00     11.00     13.00     28.00      0.00
  1.6000   0.1600        6.0405    0.0845      3.00      5.00      8.00     37.00      0.00       2.1655    0.0390      1.00      2.00      3.00     25.00      0.00      10.6635    0.0946      8.00     11.00     13.00     25.00      0.00
  1.6000   0.1400        6.9425    0.1056      4.00      6.00      9.00     58.00      0.00       2.5160    0.0472      1.00      2.00      3.00     22.00      0.00      10.2875    0.0911      8.00     11.00     13.00     24.00      0.00
  1.6000   0.1200        8.4195    0.1383      4.00      7.00     11.00     58.00      0.00       3.2435    0.0751      1.00      2.00      4.00     57.00      0.00      10.0675    0.0889      8.00     11.00     13.00     25.00      0.00
  1.6000   0.1000       10.6290    0.1958      5.00      8.00     13.00     84.00      0.00       4.6315    0.1137      2.00      3.00      6.00     63.00      0.00       9.7230    0.0919      7.00     10.00     12.00     30.00      0.00
  1.6000   0.0800       15.4675    0.3215      6.00     11.00     20.00    153.00      0.00       7.7970    0.2315      2.00      5.00      9.00    141.00      0.00       9.2300    0.0924      7.00     10.00     12.00     24.00      0.00
  1.6000   0.0600       25.2200    0.5350      8.00     17.00     33.00    198.00      0.00      16.7070    0.4428      4.00      9.00     22.00    139.00      0.00       8.5025    0.1008      6.00      9.00     12.00     25.00      0.00
  1.6000   0.0400       55.8805    1.2606     16.00     37.00     77.00    552.00      0.00      43.4920    1.1036      9.00     27.00     60.00    547.00      0.00       6.8140    0.1134      1.00      8.00     11.00     26.00      0.00
  1.6000   0.0200      116.7755    2.7130     33.00     80.00    152.00    938.00      0.00     103.9940    2.4642     28.00     71.00    137.00    843.00      0.00       3.2050    0.1009      0.00      0.00      7.00     23.00      0.00
  1.4000   0.2000        5.4605    0.0759      3.00      5.00      7.00     34.00      0.00       1.5700    0.0234      1.00      1.00      2.00      9.00      0.00      12.5610    0.1126     10.00     12.00     15.00     35.00      0.00
  1.4000   0.1800        6.3310    0.0960      3.00      5.00      8.00     51.00      0.00       1.8315    0.0301      1.00      1.00      2.00     13.00      0.00      12.3400    0.1140     10.00     12.00     15.00     34.00      0.00
  1.4000   0.1600        6.9595    0.1050      4.00      6.00      9.00     48.00      0.00       2.0170    0.0353      1.00      1.00      3.00     14.00      0.00      11.9035    0.1086      9.00     12.00     15.00     39.00      0.00
  1.4000   0.1400        7.9895    0.1160      4.00      7.00     10.00     43.00      0.00       2.4465    0.0456      1.00      2.00      3.00     34.00      0.00      11.6570    0.1086      9.00     12.00     14.00     36.00      0.00
  1.4000   0.1200        9.8790    0.1635      5.00      8.00     13.00     84.00      0.00       3.2220    0.0794      1.00      2.00      4.00     82.00      0.00      11.2665    0.1038      9.00     11.00     14.00     36.00      0.00
  1.4000   0.1000       12.5210    0.2280      6.00     10.00     16.00    116.00      0.00       4.5085    0.1138      2.00      3.00      6.00     55.00      0.00      10.8640    0.1032      8.00     11.00     13.00     33.00      0.00
  1.4000   0.0800       17.3175    0.3406      7.00     13.00     22.00    135.00      0.00       7.5705    0.2182      2.00      5.00      9.00    110.00      0.00      10.3585    0.1089      8.00     11.00     13.00     30.00      0.00
  1.4000   0.0600       29.7735    0.6362     10.00     21.00     40.00    240.00      0.00      16.5395    0.4544      3.00      9.00     22.00    216.00      0.00       9.5185    0.1161      6.00     10.00     13.00     30.00      0.00
  1.4000   0.0400       60.2765    1.3483     17.00     40.00     86.00    538.00      0.00      41.6740    1.0130      8.00     26.00     61.00    391.00      0.00       7.6050    0.1275      1.00      9.00     12.00     29.00      0.00
  1.4000   0.0200      125.8560    2.9095     33.00     86.00    171.00   1088.00      0.00     108.0915    2.5492     25.00     71.00    150.00    723.00      0.00       3.6910    0.1171      0.00      0.00      8.00     26.00      0.00
  1.2000   0.2000        6.9055    0.0988      4.00      6.00      9.00     40.00      0.00       1.5980    0.0245      1.00      1.00      2.00     11.00      0.00      14.8220    0.1395     11.00     14.00     18.00     43.00      0.00
  1.2000   0.1800        7.7175    0.1179      4.00      6.00     10.00     54.00      0.00       1.8475    0.0304      1.00      1.00      2.00     10.00      0.00      14.1140    0.1348     11.00     14.00     17.00     40.00      0.00
  1.2000   0.1600        8.5385    0.1331      5.00      7.00     11.00     66.00      0.00       2.0020    0.0333      1.00      1.00      2.00     12.00      0.00      13.9960    0.1362     11.00     14.00     17.00     47.00      0.00
  1.2000   0.1400        9.7580    0.1506      5.00      8.00     13.00     78.00      0.00       2.5445    0.0510      1.00      2.00      3.00     29.00      0.00      13.4135    0.1311     10.00     13.00     16.00     40.00      0.00
  1.2000   0.1200       12.0555    0.2134      6.00     10.00     15.00     90.00      0.00       3.0065    0.0610      1.00      2.00      4.00     39.00      0.00      13.1100    0.1281     10.00     13.00     16.00     48.00      0.00
  1.2000   0.1000       15.2050    0.2788      7.00     12.00     20.00    166.00      0.00       4.3705    0.1122      1.00      3.00      6.00     63.00      0.00      12.3355    0.1279      9.00     12.00     16.00     39.00      0.00
  1.2000   0.0800       20.9985    0.3938      9.00     16.00     28.00    130.00      0.00       7.3790    0.2036      2.00      4.00      9.00    101.00      0.00      12.2425    0.1333      9.00     12.00     16.00     37.00      0.00
  1.2000   0.0600       34.2335    0.7415     12.00     24.00     44.00    358.00      0.00      16.0085    0.4469      3.00      9.00     21.00    169.00      0.00      10.8210    0.1453      7.00     11.00     15.00     43.00      0.00
  1.2000   0.0400       68.1120    1.5440     19.00     46.00     95.00    692.00      0.00      42.3310    1.0895      9.00     26.00     59.00    418.00      0.00       8.7520    0.1516      1.00     10.00     13.00     34.00      0.00
  1.2000   0.0200      129.7665    2.9274     35.00     91.00    181.00    873.00      0.00     106.0720    2.5146     26.00     72.00    150.00    851.00      0.00       4.1815    0.1394      0.00      0.00      8.00     36.00      0.00
  1.0000   0.2000        8.4155    0.1196      5.00      7.00     11.00     42.00      0.00       1.5750    0.0230      1.00      1.00      2.00      9.00      0.00      17.8505    0.1941     12.00     17.00     23.00     68.00      0.00
  1.0000   0.1800        9.2590    0.1405      5.00      8.00     12.00     64.00      0.00       1.7950    0.0306      1.00      1.00      2.00     20.00      0.00      17.2670    0.1908     12.00     16.00     22.00     70.00      0.00
  1.0000   0.1600       10.9910    0.1745      6.00      9.00     14.00     61.00      0.00       2.0900    0.0358      1.00      1.00      3.00     17.00      0.00      17.0480    0.1870     12.00     16.00     22.00     56.00      0.00
  1.0000   0.1400       12.4210    0.2047      6.00     10.00     16.00     80.00      0.00       2.4530    0.0461      1.00      2.00      3.00     20.00      0.00      16.1120    0.1821     11.00     15.00     21.00     53.00      0.00
  1.0000   0.1200       15.8455    0.2829      7.00     13.00     21.00    148.00      0.00       3.1510    0.0686      1.00      2.00      4.00     55.00      0.00      16.1185    0.1780     11.00     15.00     21.00     74.00      0.00
  1.0000   0.1000       19.4705    0.3816      9.00     15.00     25.00    261.00      0.00       4.3945    0.1033      1.00      3.00      6.00     59.00      0.00      15.2430    0.1817     11.00     14.00     19.00     55.00      0.00
  1.0000   0.0800       27.0325    0.5245     11.00     20.00     35.00    185.00      0.00       7.4320    0.2056      2.00      5.00      9.00    106.00      0.00      14.5710    0.1812     10.00     14.00     19.00     46.00      0.00
  1.0000   0.0600       42.5100    0.9040     15.00     30.00     57.00    329.00      0.00      16.1950    0.4370      4.00      9.00     21.00    166.00      0.00      13.6940    0.1906      9.00     13.00     19.00     59.00      0.00
  1.0000   0.0400       79.0150    1.7570     24.00     53.00    108.00    627.00      0.00      43.2245    1.0824      9.00     26.00     61.00    447.00      0.00      10.0485    0.1975      1.00     10.00     16.00     49.00      0.00
  1.0000   0.0200      138.3830    3.2174     36.00     94.00    193.00    975.00      0.00     106.6710    2.5328     26.00     69.00    149.00    728.00      0.00       4.5090    0.1681      0.00      0.00      8.00     56.00      0.00
  0.8000   0.2000       11.8105    0.1889      6.00     10.00     15.00     69.00      0.00       1.6090    0.0251      1.00      1.00      2.00     11.00      0.00      24.1485    0.2952     15.00     22.00     31.00    106.00      0.00
  0.8000   0.1800       13.4665    0.2210      7.00     11.00     18.00     94.00      0.00       1.8080    0.0304      1.00      1.00      2.00     17.00      0.00      23.4895    0.2833     15.00     21.00     30.00     96.00      0.00
  0.8000   0.1600       15.5990    0.2604      7.00     13.00     20.00    101.00      0.00       2.0005    0.0354      1.00      1.00      2.00     18.00      0.00      23.5760    0.2916     14.00     21.00     31.00     83.00      0.00
  0.8000   0.1400       18.0075    0.3177      9.00     14.00     24.00    143.00      0.00       2.5195    0.0537      1.00      2.00      3.00     34.00      0.00      22.2650    0.2799     14.00     20.00     29.00     88.00      0.00
  0.8000   0.1200       21.6445    0.4129      9.00     16.00     28.00    198.00      0.00       3.1495    0.0704      1.00      2.00      4.00     41.00      0.00      21.2035    0.2662     13.00     20.00     28.00     78.00      0.00
  0.8000   0.1000       28.0720    0.5619     12.00     21.00     36.00    237.00      0.00       4.3045    0.0991      2.00      3.00      6.00     60.00      0.00      20.5575    0.2772     12.00     19.00     27.00     92.00      0.00
  0.8000   0.0800       37.1825    0.7362     14.00     26.00     50.00    224.00      0.00       7.1130    0.1842      2.00      5.00      9.00     68.00      0.00      19.3240    0.2825     11.00     18.00     26.00     89.00      0.00
  0.8000   0.0600       56.2065    1.1663     19.00     42.00     78.00    521.00      0.00      16.8460    0.4624      4.00      9.00     22.00    167.00      0.00      16.4595    0.2802      6.00     15.00     24.00     79.00      0.00
  0.8000   0.0400       91.9955    1.9404     32.00     64.00    126.00    667.00      0.00      40.5610    1.0147      9.00     26.00     57.00    339.00      0.00      12.3925    0.2769      1.00     10.00     20.00     68.00      0.00
  0.8000   0.0200      154.4630    3.4168     41.00    105.00    219.00   1441.00      0.00     105.3460    2.4284     27.00     69.00    151.00    901.00      0.00       4.8915    0.2072      0.00      0.00      5.00     63.00      0.00
  0.6000   0.2000       19.1755    0.3203     10.00     16.00     25.00    112.00      0.00       1.6075    0.0236      1.00      1.00      2.00     11.00      0.00      37.3295    0.5221     21.00     33.00     49.00    147.00      0.00
  0.6000   0.1800       21.6785    0.3615     10.00     18.00     28.00    128.00      0.00       1.7980    0.0280      1.00      1.00      2.00     11.00      0.00      37.1285    0.5163     21.00     33.00     49.00    154.00      0.00
  0.6000   0.1600       24.8295    0.4422     11.00     20.00     33.00    171.00      0.00       2.0685    0.0356      1.00      1.00      3.00     15.00      0.00      35.1140    0.5176     18.00     31.00     47.00    150.00      0.00
  0.6000   0.1400       29.0200    0.5534     13.00     22.00     37.00    272.00      0.00       2.4730    0.0492      1.00      2.00      3.00     29.00      0.00      33.7065    0.5017     18.00     30.00     46.00    183.00      0.00
  0.6000   0.1200       35.4135    0.6917     14.00     27.00     46.00    257.00      0.00       3.1375    0.0690      1.00      2.00      4.00     40.00      0.00      31.9680    0.4961     16.00     28.00     44.00    203.00      0.00
  0.6000   0.1000       44.5870    0.8557     18.00     34.00     61.00    348.00      0.00       4.4140    0.1104      1.00      3.00      6.00     90.00      0.00      29.2965    0.4933     14.00     26.00     41.00    155.00      0.00
  0.6000   0.0800       57.0520    1.1825     20.00     41.00     78.00    440.00      0.00       7.2120    0.1995      2.00      4.00      9.00     79.00      0.00      26.8140    0.4830     11.00     23.00     38.00    141.00      0.00
  0.6000   0.0600       79.9600    1.6251     28.00     59.00    108.00    637.00      0.00      16.2405    0.4146      4.00      9.00     22.00    138.00      0.00      22.4040    0.4546      5.00     18.00     34.00    129.00      0.00
  0.6000   0.0400      120.3580    2.6941     35.00     82.00    171.00   1051.00      0.00      40.3660    0.9830      8.00     25.00     57.00    344.00      0.00      15.2210    0.4130      1.00      8.00     24.00    113.00      0.00
  0.6000   0.0200      167.3720    3.6242     51.00    114.00    232.00   1153.00      0.00     104.5540    2.3289     28.00     75.00    150.00    671.00      0.00       5.7750    0.2975      0.00      0.00      4.00    145.00      0.00
  0.4000   0.2000       43.0690    0.8008     18.00     33.00     57.00    305.00      0.00       1.5715    0.0227      1.00      1.00      2.00      9.00      0.00      74.1255    1.2682     34.00     60.00    100.00    428.00      0.00
  0.4000   0.1800       47.6535    0.9296     19.00     36.00     64.00    430.00      0.00       1.7870    0.0298      1.00      1.00      2.00     15.00      0.00      71.2310    1.2949     30.00     57.00     98.00    467.00      0.00
  0.4000   0.1600       53.5410    1.0641     21.00     39.00     71.00    422.00      0.00       2.0885    0.0361      1.00      2.00      3.00     24.00      0.00      65.1575    1.1804     28.00     53.00     88.00    422.00      0.00
  0.4000   0.1400       62.7260    1.2694     24.00     48.00     83.00    503.00      0.00       2.4490    0.0416      1.00      2.00      3.00     18.00      0.00      60.3135    1.1187     24.00     48.00     82.00    440.00      0.00
  0.4000   0.1200       72.8915    1.4685     27.00     53.00     99.00    462.00      0.00       3.1160    0.0611      1.00      2.00      4.00     37.00      0.00      56.3710    1.0824     21.00     45.00     81.00    356.00      0.00
  0.4000   0.1000       86.2530    1.8352     29.00     62.00    118.00    903.00      0.00       4.5855    0.1204      2.00      3.00      6.00     77.00      0.00      48.4265    1.0065     15.00     37.00     69.00    351.00      0.00
  0.4000   0.0800      107.5120    2.3930     34.00     72.00    148.00    918.00      0.00       7.3465    0.2167      2.00      4.00      9.00    167.00      0.00      39.9755    0.9233     10.00     28.00     57.00    385.00      0.00
  0.4000   0.0600      131.4630    2.8800     40.00     92.00    181.00    969.00      0.00      16.4700    0.4559      4.00      9.00     21.00    163.00      0.00      28.5825    0.7936      4.00     16.00     41.00    283.00      0.00
  0.4000   0.0400      159.2970    3.5520     46.00    111.00    227.00   1263.00      0.00      42.0295    1.1081      8.00     26.00     60.00    774.00      0.00      15.7905    0.5482      1.00      5.00     21.00    206.00      0.00
  0.4000   0.0200      189.9260    4.3192     54.00    131.00    253.00   1676.00      0.00     109.8020    2.5375     30.00     76.00    154.00    919.00      0.00       4.6865    0.2837      0.00      0.00      3.00    129.00      0.00
  0.2000   0.2000      131.7005    2.8253     41.00     94.00    182.00   1134.00      0.00       1.6305    0.0255      1.00      1.00      2.00     10.00      0.00     167.0015    3.6735     51.00    115.00    228.00   1662.00      0.00
  0.2000   0.1800      142.4925    3.0758     42.00    100.00    197.00   1076.00      0.00       1.8310    0.0306      1.00      1.00      2.00     17.00      0.00     147.7990    3.2996     42.00    105.00    203.00   1505.00      0.00
  0.2000   0.1600      146.2715    3.2902     42.00    102.00    201.00   1003.00      0.00       2.0690    0.0348      1.00      2.00      3.00     17.00      0.00     123.9775    2.9770     31.00     82.00    169.00   1048.00      0.00
  0.2000   0.1400      155.0150    3.5416     44.00    107.00    211.00   1536.00      0.00       2.4270    0.0431      1.00      2.00      3.00     25.00      0.00     104.8970    2.5114     25.00     70.00    146.00   1110.00      0.00
  0.2000   0.1200      161.3720    3.5488     49.00    111.00    226.00   1146.00      0.00       3.2300    0.0781      1.00      2.00      4.00     56.00      0.00      80.5145    1.9025     20.00     53.00    112.00    667.00      0.00
  0.2000   0.1000      171.1260    3.7741     51.00    119.00    240.00   1242.00      0.00       4.4475    0.1118      1.00      3.00      6.00     55.00      0.00      61.6610    1.5031     15.00     40.00     84.00    464.00      0.00
  0.2000   0.0800      189.9650    4.2398     56.00    132.00    258.00   1417.00      0.00       7.5195    0.2593      2.00      5.00      9.00    175.00      0.00      45.5780    1.1774      9.00     27.00     63.00    454.00      0.00
  0.2000   0.0600      187.6640    4.1729     55.00    134.00    258.00   2000.00      0.00      16.9235    0.4777      4.00      9.00     21.00    249.00      0.00      24.9845    0.7187      4.00     13.00     34.00    295.00      0.00
  0.2000   0.0400      187.7375    4.2494     55.00    131.00    261.00   1597.00      0.00      41.8150    1.0361      9.00     27.00     58.00    387.00      0.00      11.4655    0.4211      1.00      4.00     14.00    159.00      0.00
  0.2000   0.0200      192.4825    4.3017     52.00    129.00    269.00   1464.00      0.00     103.7150    2.3653     27.00     70.00    149.00    827.00      0.00       3.0190    0.1730      0.00      0.00      3.00    114.00      0.00
