Amp Radius  OC_Mean OC_Std OC_Q1 OC_Med OC_Q3 OC_Max OC_Min  Exp_Mean Exp_Std Exp_Q1 Exp_Med Exp_Q3 Exp_Max Exp_Min  Num_Mean Num_Std Num_Q1 Num_Med Num_Q3 Num_Max Num_Min
  2.0000   0.2000        4.5720    0.0768      2.00      3.00      6.00     29.00      0.00       2.4970    0.0545      1.00      1.00      3.00     28.00      0.00       9.1545    0.0798      7.00     10.00     11.00     24.00      0.00
  2.0000   0.1800        5.5075    0.1037      3.00      4.00      7.00     56.00      0.00       3.1755    0.0759      1.00      2.00      4.00     45.00      0.00       8.9645    0.0771      7.00     10.00     11.00     22.00      0.00
  2.0000   0.1600        6.1375    0.1266      3.00      4.00      8.00     61.00      0.00       3.6965    0.0942      1.00      2.00      5.00     60.00      0.00       8.8405    0.0755      7.00     10.00     11.00     24.00      0.00
  2.0000   0.1400        7.5185    0.1538      3.00      5.00     10.00     68.00      0.00       4.7475    0.1212      1.00      3.00      6.00     63.00      0.00       8.7760    0.0752      7.00     10.00     11.00     20.00      0.00
  2.0000   0.1200        9.2665    0.2107      4.00      7.00     12.00    120.00      0.00       6.1240    0.1709      1.00      4.00      8.00    102.00      0.00       8.3950    0.0765      7.00      9.00     11.00     20.00      0.00
  2.0000   0.1000       13.7525    0.3373      5.00      9.00     17.00    176.00      0.00       9.7730    0.2894      2.00      6.00     12.00    166.00      0.00       8.1925    0.0806      6.00      9.00     11.00     21.00      0.00
  2.0000   0.0800       20.5345    0.4946      6.00     13.00     27.00    180.00      0.00      16.4375    0.4428      3.00     10.00     22.00    177.00      0.00       7.8100    0.0825      6.00      9.00     10.00     19.00      0.00
  2.0000   0.0600       36.1635    0.8681      9.00     23.00     48.00    266.00      0.00      31.3705    0.7989      7.00     19.00     43.00    265.00      0.00       6.7230    0.0929      4.00      7.00     10.00     18.00      0.00
  2.0000   0.0400       71.0090    1.6510     18.00     48.00     99.00    496.00      0.00      65.4935    1.5569     15.00     44.00     90.00    481.00      0.00       4.9625    0.0975      0.00      6.00      9.00     17.00      0.00
  2.0000   0.0200      137.4325    3.0635     40.00     94.00    192.00   1227.00      0.00     132.0850    2.9790     38.00     90.00    185.00   1227.00      0.00       2.1965    0.0803      0.00      0.00      5.00     18.00      0.00
  1.8000   0.2000        5.1350    0.0945      2.00      4.00      6.00     43.00      0.00       2.6510    0.0626      1.00      1.00      3.00     32.00      0.00       9.8080    0.0819      8.00     10.00     12.00     32.00      0.00
  1.8000   0.1800        5.7890    0.1063      3.00      4.00      7.00     80.00      0.00       3.0575    0.0697      1.00      2.00      4.00     35.00      0.00       9.5505    0.0819      7.00     10.00     12.00     25.00      0.00
  1.8000   0.1600        6.8065    0.1373      3.00      5.00      9.00     72.00      0.00       3.7980    0.0944      1.00      2.00      5.00     52.00      0.00       9.2230    0.0818      7.00     10.00     11.00     23.00      0.00
  1.8000   0.1400        8.0765    0.1650      3.00      6.00     10.00     89.00      0.00       4.6215    0.1199      1.00      3.00      6.00     88.00      0.00       9.2035    0.0821      7.00     10.00     11.00     24.00      0.00
  1.8000   0.1200       10.5620    0.2290      4.00      7.00     14.00    113.00      0.00       6.2930    0.1684      2.00      4.00      9.00    102.00      0.00       8.9840    0.0805      7.00     10.00     11.00     22.00      0.00
  1.8000   0.1000       14.6995    0.3404      5.00     10.00     19.00    149.00      0.00       9.8995    0.2865      2.00      6.00     13.00    149.00      0.00       8.5920    0.0848      6.00     10.00     11.00     21.00      0.00
  1.8000   0.0800       22.1825    0.5777      6.00     14.00     29.00    256.00      0.00      16.6950    0.4972      3.00      9.00     21.00    229.00      0.00       7.9365    0.0927      6.00      9.00     11.00     23.00      0.00
  1.8000   0.0600       41.1960    0.9499     11.00     29.00     56.00    412.00      0.00      33.5620    0.8388      7.00     22.00     47.00    412.00      0.00       6.9285    0.1008      2.00      8.00     10.00     21.00      0.00
  1.8000   0.0400       78.7995    1.7442     22.00     54.00    113.00    644.00      0.00      71.4280    1.6413     18.00     48.00    101.00    644.00      0.00       5.3930    0.1079      0.00      6.00     10.00     22.00      0.00
  1.8000   0.0200      136.5965    3.0958     37.00     95.00    187.00   1042.00      0.00     130.3000    2.9757     34.00     90.00    177.00   1040.00      0.00       2.5220    0.0898      0.00      0.00      5.00     18.00      0.00
  1.6000   0.2000        5.7805    0.1142      3.00      4.00      7.00     64.00      0.00       2.5265    0.0559      1.00      1.00      3.00     25.00      0.00      10.7860    0.0959      8.00     11.00     13.00     31.00      0.00
  1.6000   0.1800        6.6380    0.1258      3.00      5.00      9.00     62.00      0.00       3.1675    0.0820      1.00      2.00      4.00     61.00      0.00      10.4470    0.0957      8.00     10.00     13.00     28.00      0.00
  1.6000   0.1600        7.6530    0.1576      3.00      6.00     10.00    130.00      0.00       3.7805    0.1023      1.00      2.00      5.00    108.00      0.00      10.1165    0.0940      8.00     10.00     12.00     28.00      0.00
  1.6000   0.1400        9.3035    0.2240      4.00      7.00     12.00    238.00      0.00       4.7470    0.1189      1.00      3.00      6.00     73.00      0.00       9.7905    0.0895      8.00     10.00     12.00     25.00      0.00
  1.6000   0.1200       11.6380    0.2640      4.00      8.00     14.00     96.00      0.00       6.3060    0.1690      2.00      4.00      8.00     79.00      0.00       9.5185    0.0932      7.00     10.00     12.00     29.00      0.00
  1.6000   0.1000       16.0190    0.3791      5.00     11.00     20.00    176.00      0.00       9.4015    0.2825      2.00      5.00     12.00    176.00      0.00       9.3840    0.0938      7.00     10.00     12.00     29.00      0.00
  1.6000   0.0800       24.4690    0.5976      7.00     16.00     33.00    324.00      0.00      16.3755    0.4701      3.00      9.00     21.00    233.00      0.00       8.8895    0.1023      7.00     10.00     11.00     25.00      0.00
  1.6000   0.0600       42.9755    0.9880     12.00     29.00     59.00    301.00      0.00      32.9785    0.8359      7.00     20.00     45.00    281.00      0.00       7.5710    0.1110      3.00      9.00     11.00     26.00      0.00
  1.6000   0.0400       81.7295    1.9437     20.00     54.00    110.00    652.00      0.00      68.6510    1.6568     15.00     45.00     96.00    582.00      0.00       5.8255    0.1194      0.00      6.00     10.00     29.00      0.00
  1.6000   0.0200      132.7460    3.0621     37.00     92.00    184.00   1196.00      0.00     124.9000    2.8692     33.00     86.00    169.00    957.00      0.00       2.6865    0.0992      0.00      0.00      6.00     21.00      0.00
  1.4000   0.2000        6.3100    0.1162      3.00      5.00      8.00     47.00      0.00       2.6255    0.0601      1.00      1.00      3.00     24.00      0.00      11.7435    0.1063      9.00     11.00     14.00     31.00      0.00
  1.4000   0.1800        7.4320    0.1347      3.00      6.00     10.00     61.00      0.00       3.1950    0.0783      1.00      2.00      4.00     60.00      0.00      11.5670    0.1084      9.00     11.00     14.00     33.00      0.00
  1.4000   0.1600        8.3835    0.1654      4.00      6.00     11.00     62.00      0.00       3.6915    0.0848      1.00      2.00      5.00     35.00      0.00      11.1265    0.1118      9.00     11.00     14.00     39.00      0.00
  1.4000   0.1400       10.5955    0.2195      4.00      8.00     14.00     89.00      0.00       4.7220    0.1198      1.00      3.00      6.00     60.00      0.00      11.1235    0.1100      9.00     11.00     14.00     29.00      0.00
  1.4000   0.1200       13.8295    0.3030      5.00     10.00     18.00    143.00      0.00       6.7055    0.1892      2.00      4.00      8.00    117.00      0.00      10.9010    0.1098      8.00     11.00     13.00     30.00      0.00
  1.4000   0.1000       18.2235    0.4077      6.00     13.00     24.00    148.00      0.00       9.5085    0.2682      2.00      6.00     12.00    133.00      0.00      10.1590    0.1131      7.00     10.00     13.00     34.00      0.00
  1.4000   0.0800       26.8995    0.6181      8.00     18.00     36.00    308.00      0.00      16.1295    0.4347      4.00     10.00     21.00    202.00      0.00       9.8765    0.1184      7.00     10.00     13.00     30.00      0.00
  1.4000   0.0600       46.7815    1.0735     13.00     32.00     63.00    433.00      0.00      32.7675    0.8513      6.00     20.00     46.00    331.00      0.00       8.4785    0.1327      3.00      9.00     12.00     29.00      0.00
  1.4000   0.0400       84.2330    1.9795     22.00     59.00    114.00    690.00      0.00      68.1245    1.6525     15.00     45.00     94.00    688.00      0.00       6.3500    0.1385      0.00      6.00     11.00     34.00      0.00
  1.4000   0.0200      149.4095    3.3371     41.00    104.00    216.00   1285.00      0.00     136.1450    3.0246     35.00     97.00    199.00   1102.00      0.00       2.8420    0.1108      0.00      0.00      5.00     27.00      0.00
  1.2000   0.2000        7.6205    0.1466      3.00      6.00     10.00     76.00      0.00       2.6405    0.0632      1.00      1.00      3.00     31.00      0.00      13.8900    0.1458     10.00     13.00     18.00     45.00      0.00
  1.2000   0.1800        8.7815    0.1659      4.00      6.00     11.00     62.00      0.00       3.1220    0.0729      1.00      2.00      4.00     34.00      0.00      13.7150    0.1402     10.00     13.00     18.00     43.00      0.00
  1.2000   0.1600       10.6020    0.2183      4.00      8.00     13.00    126.00      0.00       3.7585    0.0905      1.00      2.00      5.00     43.00      0.00      13.4890    0.1394     10.00     12.00     17.00     40.00      0.00
  1.2000   0.1400       12.9390    0.2676      5.00      9.00     17.00    106.00      0.00       4.7995    0.1199      1.00      3.00      6.00     80.00      0.00      12.8800    0.1400      9.00     12.00     16.00     42.00      0.00
  1.2000   0.1200       15.7325    0.3251      6.00     11.00     21.00    134.00      0.00       6.2995    0.1595      2.00      4.00      8.00     77.00      0.00      12.8565    0.1372     10.00     12.00     16.00     37.00      0.00
  1.2000   0.1000       21.5525    0.4878      7.00     15.00     28.00    261.00      0.00       9.3605    0.2569      2.00      6.00     12.00    108.00      0.00      12.1795    0.1392      9.00     12.00     16.00     38.00      0.00
  1.2000   0.0800       31.1510    0.7157     10.00     21.00     41.00    324.00      0.00      17.1510    0.4922      4.00     10.00     23.00    282.00      0.00      11.2515    0.1534      7.00     11.00     15.00     36.00      0.00
  1.2000   0.0600       51.0415    1.1476     14.00     36.00     70.00    399.00      0.00      32.8910    0.8413      6.00     21.00     46.00    342.00      0.00       9.6995    0.1608      2.00     10.00     14.00     42.00      0.00
  1.2000   0.0400       93.4165    2.1284     25.00     68.00    129.00    861.00      0.00      70.1130    1.6357     15.00     48.00    101.00    584.00      0.00       7.2285    0.1705      0.00      6.00     12.00     42.00      0.00
  1.2000   0.0200      145.5550    3.2980     42.00    102.00    199.00   1178.00      0.00     130.5610    3.0568     35.00     86.00    179.00   1157.00      0.00       3.2595    0.1361      0.00      0.00      3.00     35.00      0.00
  1.0000   0.2000        9.5995    0.1815      4.00      7.00     12.00     91.00      0.00       2.7310    0.0640      1.00      2.00      3.00     35.00      0.00      17.4270    0.1867     12.00     16.00     22.00     73.00      0.00
  1.0000   0.1800       11.1525    0.2237      5.00      8.00     14.00    112.00      0.00       3.2400    0.0766      1.00      2.00      4.00     46.00      0.00      17.1035    0.1933     11.00     16.00     22.00     66.00      0.00
  1.0000   0.1600       12.3500    0.2550      5.00      9.00     16.00    186.00      0.00       3.6835    0.0872      1.00      2.00      5.00     52.00      0.00      16.7925    0.1881     11.00     16.00     22.00     66.00      0.00
  1.0000   0.1400       14.9630    0.3061      6.00     11.00     20.00    152.00      0.00       4.8680    0.1206      1.00      3.00      6.00     47.00      0.00      15.9630    0.1855     11.00     15.00     21.00     48.00      0.00
  1.0000   0.1200       19.2290    0.4262      7.00     13.00     25.00    178.00      0.00       6.4040    0.1835      2.00      4.00      8.00    102.00      0.00      15.7950    0.1995     10.00     15.00     21.00     58.00      0.00
  1.0000   0.1000       26.8560    0.5896      9.00     19.00     35.00    208.00      0.00       9.5325    0.2638      2.00      6.00     12.00    158.00      0.00      15.4040    0.2006     10.00     14.00     21.00     57.00      0.00
  1.0000   0.0800       36.8625    0.8204     11.00     25.00     51.00    333.00      0.00      16.3300    0.4429      3.00     10.00     22.00    239.00      0.00      13.8360    0.1965      8.00     13.00     20.00     58.00      0.00
  1.0000   0.0600       62.4785    1.4672     17.00     40.00     85.00    617.00      0.00      33.5595    0.8716      7.00     21.00     46.00    374.00      0.00      12.5285    0.2185      3.00     12.00     19.00     55.00      0.00
  1.0000   0.0400      102.3090    2.3165     29.00     68.00    144.00    811.00      0.00      69.3030    1.6781     16.00     44.00     98.00    620.00      0.00       8.6040    0.2095      0.00      6.00     15.00     55.00      0.00
  1.0000   0.0200      154.2625    3.5240     43.00    108.00    214.00   1084.00      0.00     131.4650    3.0990     34.00     91.00    183.00   1053.00      0.00       3.5725    0.1568      0.00      0.00      2.00     43.00      0.00
  0.8000   0.2000       12.6960    0.2316      6.00     10.00     17.00     96.00      0.00       2.8125    0.0649      1.00      2.00      4.00     28.00      0.00      23.1155    0.2800     14.00     22.00     30.00     88.00      0.00
  0.8000   0.1800       14.3405    0.2735      6.00     11.00     19.00    116.00      0.00       3.1195    0.0726      1.00      2.00      4.00     30.00      0.00      23.1595    0.2844     14.00     22.00     30.00     76.00      0.00
  0.8000   0.1600       16.9925    0.3603      7.00     12.00     22.00    189.00      0.00       3.9110    0.1024      1.00      2.00      5.00     75.00      0.00      22.0345    0.2765     13.00     21.00     29.00     77.00      0.00
  0.8000   0.1400       19.5265    0.3839      7.00     14.00     26.00    116.00      0.00       4.6225    0.1140      1.00      3.00      6.00     52.00      0.00      21.7805    0.2936     12.00     20.00     30.00     73.00      0.00
  0.8000   0.1200       25.9125    0.5637      9.00     18.00     34.00    233.00      0.00       6.5020    0.1929      1.00      4.00      8.00    104.00      0.00      20.4240    0.2799     12.00     19.00     28.00     74.00      0.00
  0.8000   0.1000       33.4865    0.7834     11.00     23.00     44.00    341.00      0.00       9.3765    0.2799      2.00      6.00     12.00    183.00      0.00      19.5315    0.2868     11.00     19.00     28.00     73.00      0.00
  0.8000   0.0800       45.9485    1.0177     15.00     32.00     63.00    438.00      0.00      16.6080    0.4557      3.00     10.00     22.00    175.00      0.00      18.5700    0.3062      8.00     18.00     27.00     78.00      0.00
  0.8000   0.0600       72.6995    1.6118     21.00     51.00    100.00    641.00      0.00      34.7370    0.9010      7.00     21.00     48.00    412.00      0.00      14.9560    0.3022      1.00     13.00     24.00     68.00      0.00
  0.8000   0.0400      110.3480    2.4985     31.00     74.00    154.00    990.00      0.00      67.5260    1.6160     15.00     44.00     96.00    571.00      0.00      11.2700    0.2971      0.00      5.00     20.00     74.00      0.00
  0.8000   0.0200      168.8325    3.9191     47.00    112.00    233.00   1607.00      0.00     134.6975    3.0728     36.00     90.00    189.00   1199.00      0.00       4.0445    0.2086      0.00      0.00      1.00     68.00      0.00
  0.6000   0.2000       18.0830    0.3344      8.00     14.00     23.00    162.00      0.00       2.6945    0.0580      1.00      2.00      3.00     24.00      0.00      35.3070    0.4536     20.00     33.00     47.00    146.00      0.00
  0.6000   0.1800       20.8815    0.3935      9.00     16.00     28.00    132.00      0.00       3.0140    0.0654      1.00      2.00      4.00     25.00      0.00      34.6375    0.4721     20.00     32.00     47.00    138.00      0.00
  0.6000   0.1600       24.3905    0.4894     10.00     18.00     32.00    266.00      0.00       3.6250    0.0857      1.00      2.00      5.00     36.00      0.00      34.3350    0.4675     19.00     32.00     47.00    126.00      0.00
  0.6000   0.1400       29.3680    0.5777     11.00     22.00     39.00    209.00      0.00       4.8295    0.1285      1.00      3.00      6.00     87.00      0.00      33.0670    0.4956     17.00     30.00     46.00    157.00      0.00
  0.6000   0.1200       35.9190    0.7258     13.00     26.00     48.00    255.00      0.00       6.2900    0.1639      2.00      4.00      8.00    104.00      0.00      30.9185    0.4951     15.00     28.00     44.00    162.00      0.00
  0.6000   0.1000       46.1405    1.0107     15.00     31.00     63.00    588.00      0.00       9.7420    0.2776      2.00      6.00     12.00    156.00      0.00      29.2400    0.5024     12.00     26.00     42.00    160.00      0.00
  0.6000   0.0800       64.0195    1.4252     19.00     43.00     87.00    501.00      0.00      15.9595    0.4284      3.00      9.00     21.00    214.00      0.00      26.8140    0.5000      8.00     24.00     40.00    136.00      0.00
  0.6000   0.0600       92.4285    2.0323     29.00     64.00    128.00    820.00      0.00      33.3055    0.8714      6.00     20.00     47.00    479.00      0.00      21.4685    0.4868      2.00     16.00     35.00    138.00      0.00
  0.6000   0.0400      129.6415    2.7810     39.00     94.00    185.00    959.00      0.00      69.1645    1.6392     16.00     46.00     98.00    566.00      0.00      13.4795    0.4483      0.00      3.00     22.00    154.00      0.00
  0.6000   0.0200      176.6005    4.0001     49.00    120.00    246.00   1573.00      0.00     132.4935    2.9787     36.00     90.00    190.00    951.00      0.00       5.0445    0.2966      0.00      0.00      2.00    131.00      0.00
  0.4000   0.2000       31.5410    0.6192     13.00     24.00     41.00    339.00      0.00       2.6420    0.0601      1.00      1.00      3.00     28.00      0.00      64.8565    1.0881     29.00     55.00     89.00    377.00      0.00
  0.4000   0.1800       38.0705    0.7699     15.00     28.00     51.00    344.00      0.00       3.2445    0.0789      1.00      2.00      4.00     49.00      0.00      63.7765    1.0531     29.00     55.00     89.00    419.00      0.00
  0.4000   0.1600       43.7750    0.8729     18.00     33.00     58.00    358.00      0.00       3.9270    0.0978      1.00      2.00      5.00     70.00      0.00      62.3965    1.0751     27.00     54.00     87.00    342.00      0.00
  0.4000   0.1400       51.1345    1.0538     19.00     38.00     69.00    502.00      0.00       4.8090    0.1302      1.00      3.00      6.00     88.00      0.00      57.3230    1.0877     20.00     47.00     83.00    337.00      0.00
  0.4000   0.1200       61.9590    1.2838     21.00     44.00     83.00    489.00      0.00       6.2290    0.1716      2.00      4.00      8.00     95.00      0.00      54.2185    1.0175     18.00     45.00     78.00    287.00      0.00
  0.4000   0.1000       74.7115    1.5598     25.00     53.00    100.00    593.00      0.00       9.3005    0.2657      2.00      5.00     12.00    138.00      0.00      47.6775    0.9840     12.00     37.00     72.00    259.00      0.00
  0.4000   0.0800       98.7470    2.1975     31.00     68.00    134.00    923.00      0.00      16.6535    0.4695      3.00      9.00     22.00    195.00      0.00      43.0140    1.0090      5.00     31.00     66.00    309.00      0.00
  0.4000   0.0600      127.7945    2.9179     38.00     87.00    170.00   1230.00      0.00      32.5190    0.8574      7.00     20.00     45.00    376.00      0.00      31.1080    0.9631      1.00     12.00     47.00    403.00      0.00
  0.4000   0.0400      155.3835    3.4953     45.00    108.00    217.00   1175.00      0.00      67.5685    1.6914     15.00     43.00     93.00    763.00      0.00      17.9860    0.7468      0.00      2.00     19.00    313.00      0.00
  0.4000   0.0200      180.0565    4.2311     50.00    123.00    236.00   1661.00      0.00     125.6830    2.8851     36.00     87.00    168.00   1039.00      0.00       4.9915    0.3677      0.00      0.00      1.00    206.00      0.00
  0.2000   0.2000      104.5525    2.2799     34.00     73.00    141.00    830.00      0.00       2.7045    0.0601      1.00      2.00      3.00     23.00      0.00     166.7620    3.8871     47.00    116.00    231.00   1339.00      0.00
  0.2000   0.1800      111.6365    2.4367     35.00     81.00    150.00    994.00      0.00       3.0980    0.0729      1.00      2.00      4.00     39.00      0.00     150.9940    3.5343     40.00    106.00    213.00   1256.00      0.00
  0.2000   0.1600      119.3640    2.6222     38.00     83.00    165.00    979.00      0.00       3.7360    0.0862      1.00      2.00      5.00     34.00      0.00     131.9510    3.1396     32.00     90.00    186.00   1359.00      0.00
  0.2000   0.1400      133.5875    2.9441     39.00     94.00    181.00   1066.00      0.00       4.7190    0.1242      1.00      3.00      6.00     59.00      0.00     112.6500    2.8620     21.00     71.00    156.00   1010.00      0.00
  0.2000   0.1200      142.2900    3.1861     45.00     99.00    189.00   1480.00      0.00       6.2610    0.1619      2.00      4.00      8.00     97.00      0.00      93.7850    2.4372     16.00     57.00    133.00    930.00      0.00
  0.2000   0.1000      160.8160    3.5971     46.00    112.00    223.00   1399.00      0.00       8.8635    0.2479      2.00      5.00     11.00    139.00      0.00      77.9585    2.2766      9.00     41.00    108.00    821.00      0.00
  0.2000   0.0800      167.9455    3.7750     48.00    116.00    240.00   1641.00      0.00      17.2170    0.5584      3.00      9.00     21.00    467.00      0.00      51.2500    1.6530      4.00     20.00     71.00    744.00      0.00
  0.2000   0.0600      180.6680    4.0173     55.00    121.00    247.00   1527.00      0.00      33.5830    0.8607      7.00     21.00     47.00    455.00      0.00      31.7555    1.2650      1.00      8.00     34.00    531.00      0.00
  0.2000   0.0400      191.2920    4.3488     57.00    134.00    262.00   1654.00      0.00      70.5525    1.6492     17.00     47.00    100.00    662.00      0.00      13.8650    0.7240      0.00      2.00     11.00    406.00      0.00
  0.2000   0.0200      203.2090    4.4413     55.00    142.00    288.00   1618.00      0.00     132.4425    2.9589     36.00     94.00    185.00    950.00      0.00       3.4215    0.2815      0.00      0.00      2.00    211.00      0.00
