Amp Radius  OC_Mean OC_Std OC_Q1 OC_Med OC_Q3 OC_Max OC_Min  Exp_Mean Exp_Std Exp_Q1 Exp_Med Exp_Q3 Exp_Max Exp_Min  Num_Mean Num_Std Num_Q1 Num_Med Num_Q3 Num_Max Num_Min
  2.0000   0.2000        4.3555    0.0724      2.00      3.00      5.00     34.00      0.00       2.1870    0.0515      1.00      1.00      3.00     32.00      0.00       9.1460    0.0784      7.00     10.00     11.00     23.00      0.00
  2.0000   0.1800        4.8855    0.0886      3.00      4.00      6.00     46.00      0.00       2.5850    0.0711      1.00      1.00      3.00     44.00      0.00       8.8645    0.0761      7.00     10.00     11.00     21.00      0.00
  2.0000   0.1600        5.7185    0.1204      3.00      4.00      7.00     65.00      0.00       3.2450    0.1010      1.00      2.00      4.00     58.00      0.00       8.5765    0.0769      6.00      9.00     11.00     20.00      0.00
  2.0000   0.1400        7.1580    0.1790      3.00      5.00      8.00     87.00      0.00       4.3620    0.1495      1.00      2.00      5.00     87.00      0.00       8.4365    0.0742      6.00      9.00     11.00     21.00      0.00
  2.0000   0.1200        9.6885    0.2690      3.00      6.00     11.00    172.00      0.00       6.6790    0.2521      1.00      3.00      7.00    172.00      0.00       8.2395    0.0765      6.00      9.00     11.00     19.00      0.00
  2.0000   0.1000       14.6875    0.4366      4.00      8.00     18.00    384.00      0.00      11.3240    0.4027      2.00      5.00     13.00    323.00      0.00       7.8520    0.0803      6.00      8.00     11.00     19.00      0.00
  2.0000   0.0800       26.5715    0.7438      6.00     14.00     34.00    332.00      0.00      22.4430    0.6998      3.00     10.00     29.00    331.00      0.00       7.3450    0.0871      5.00      8.00     10.00     19.00      0.00
  2.0000   0.0600       48.4335    1.2401     10.00     28.00     66.00    494.00      0.00      43.9205    1.1824      7.00     25.00     60.00    494.00      0.00       6.2720    0.0951      2.00      7.00     10.00     17.00      0.00
  2.0000   0.0400       84.3615    2.0309     19.00     55.00    120.00    640.00      0.00      80.1830    1.9926     17.00     52.00    112.00    639.00      0.00       4.5615    0.0979      0.00      5.00      8.00     19.00      0.00
  2.0000   0.0200      141.5125    3.2612     37.00     97.00    195.00   1370.00      0.00     139.0065    3.2251     36.00     95.00    193.00   1368.00      0.00       1.9235    0.0751      0.00      0.00      4.00     20.00      0.00
  1.8000   0.2000        4.7860    0.0883      3.00      4.00      6.00     73.00      0.00       2.1610    0.0528      1.00      1.00      2.00     32.00      0.00       9.7180    0.0817      7.00     10.00     12.00     23.00      0.00
  1.8000   0.1800        5.2630    0.0950      3.00      4.00      6.00     57.00      0.00       2.5785    0.0693      1.00      2.00      3.00     50.00      0.00       9.3930    0.0815      7.00     10.00     12.00     23.00      0.00
  1.8000   0.1600        6.5195    0.1773      3.00      5.00      8.00    210.00      0.00       3.4730    0.1566      1.00      2.00      4.00    207.00      0.00       9.1795    0.0804      7.00     10.00     11.00     23.00      0.00
  1.8000   0.1400        8.2020    0.2180      3.00      5.00     10.00    145.00      0.00       4.6365    0.1817      1.00      2.00      5.00    143.00      0.00       9.1200    0.0793      7.00     10.00     11.00     24.00      0.00
  1.8000   0.1200       10.9515    0.3009      4.00      7.00     12.00    137.00      0.00       7.1215    0.2642      1.00      3.00      7.00    125.00      0.00       8.7950    0.0824      7.00      9.00     11.00     25.00      0.00
  1.8000   0.1000       16.5540    0.4595      5.00      9.00     20.00    194.00      0.00      12.1725    0.4140      2.00      5.00     14.00    191.00      0.00       8.4125    0.0871      6.00      9.00     11.00     20.00      0.00
  1.8000   0.0800       27.9310    0.7552      6.00     15.00     36.00    355.00      0.00      22.1630    0.6726      3.00     11.00     29.00    355.00      0.00       7.6785    0.0951      6.00      9.00     11.00     21.00      0.00
  1.8000   0.0600       48.0075    1.1975     10.00     29.00     67.00    332.00      0.00      42.7355    1.1497      6.00     24.00     60.00    332.00      0.00       6.8880    0.1021      2.00      8.00     10.00     23.00      0.00
  1.8000   0.0400       87.5065    2.0923     21.00     57.00    123.00    695.00      0.00      81.1490    1.9815     17.00     52.00    115.00    691.00      0.00       4.7870    0.1067      0.00      5.00      9.00     19.00      0.00
  1.8000   0.0200      147.9405    3.3386     40.00    102.00    209.00   1423.00      0.00     143.2680    3.2572     36.00     98.00    202.00   1423.00      0.00       1.9330    0.0797      0.00      0.00      2.00     16.00      0.00
  1.6000   0.2000        5.2885    0.1006      3.00      4.00      6.00     85.00      0.00       2.2395    0.0597      1.00      1.00      3.00     68.00      0.00      10.5485    0.0882      8.00     11.00     13.00     28.00      0.00
  1.6000   0.1800        5.8675    0.1102      3.00      5.00      7.00     77.00      0.00       2.5800    0.0708      1.00      1.00      3.00     42.00      0.00      10.2795    0.0903      8.00     10.00     12.00     26.00      0.00
  1.6000   0.1600        7.2105    0.1531      3.00      5.00      9.00     99.00      0.00       3.4135    0.1098      1.00      2.00      4.00     98.00      0.00      10.0645    0.0910      8.00     10.00     12.00     28.00      0.00
  1.6000   0.1400        8.9080    0.2402      3.00      6.00     10.00    193.00      0.00       4.4565    0.1812      1.00      2.00      5.00    193.00      0.00       9.6770    0.0904      7.00     10.00     12.00     34.00      0.00
  1.6000   0.1200       12.1705    0.3169      4.00      8.00     14.00    147.00      0.00       7.3320    0.2769      1.00      3.00      8.00    146.00      0.00       9.4340    0.0918      7.00     10.00     12.00     24.00      0.00
  1.6000   0.1000       17.7360    0.5094      5.00     10.00     21.00    243.00      0.00      11.9665    0.4391      2.00      5.00     14.00    233.00      0.00       9.1390    0.0960      7.00     10.00     12.00     26.00      0.00
  1.6000   0.0800       30.1295    0.7997      7.00     17.00     41.00    303.00      0.00      23.9460    0.7426      3.00     11.00     32.00    302.00      0.00       8.3395    0.1033      6.00      9.00     11.00     24.00      0.00
  1.6000   0.0600       49.7775    1.3013     10.00     30.00     68.00    542.00      0.00      41.6780    1.1541      6.00     24.00     58.00    542.00      0.00       7.1545    0.1175      1.00      8.00     11.00     26.00      0.00
  1.6000   0.0400       89.1745    2.1066     22.00     56.00    125.00    692.00      0.00      78.8925    1.9121     18.00     51.00    113.00    650.00      0.00       5.3180    0.1179      0.00      5.00     10.00     24.00      0.00
  1.6000   0.0200      156.2000    3.5711     42.00    104.00    216.00   1094.00      0.00     148.5970    3.4096     40.00    100.00    207.00   1091.00      0.00       2.3305    0.0944      0.00      0.00      4.00     26.00      0.00
  1.4000   0.2000        6.2320    0.1117      3.00      5.00      8.00     53.00      0.00       2.2935    0.0549      1.00      1.00      3.00     31.00      0.00      11.8835    0.1072      9.00     12.00     14.00     34.00      0.00
  1.4000   0.1800        6.8305    0.1303      3.00      5.00      8.00     65.00      0.00       2.6590    0.0799      1.00      2.00      3.00     65.00      0.00      11.4750    0.1078      9.00     11.00     14.00     36.00      0.00
  1.4000   0.1600        8.2230    0.1705      4.00      6.00     10.00     89.00      0.00       3.4210    0.1042      1.00      2.00      4.00     47.00      0.00      11.2935    0.1038      9.00     11.00     14.00     28.00      0.00
  1.4000   0.1400        9.9210    0.2313      4.00      7.00     12.00    113.00      0.00       4.6635    0.1691      1.00      2.00      5.00     97.00      0.00      11.0735    0.1090      8.00     11.00     14.00     33.00      0.00
  1.4000   0.1200       13.4050    0.3428      5.00      9.00     16.00    159.00      0.00       7.0720    0.2697      1.00      3.00      7.00    151.00      0.00      10.8835    0.1104      8.00     11.00     13.00     30.00      0.00
  1.4000   0.1000       18.7480    0.5061      6.00     11.00     23.00    239.00      0.00      11.1470    0.3917      2.00      5.00     13.00    212.00      0.00      10.2000    0.1141      7.00     10.00     13.00     33.00      0.00
  1.4000   0.0800       32.1350    0.8518      8.00     18.00     43.00    312.00      0.00      22.4785    0.7005      3.00     10.00     31.00    310.00      0.00       9.4990    0.1201      7.00     10.00     13.00     32.00      0.00
  1.4000   0.0600       53.8605    1.3147     12.00     34.00     75.00    524.00      0.00      43.1320    1.1705      6.00     25.00     63.00    522.00      0.00       8.2765    0.1352      1.00      9.00     12.00     33.00      0.00
  1.4000   0.0400       96.7140    2.2863     23.00     65.00    129.00    737.00      0.00      83.7650    2.0882     17.00     54.00    116.00    733.00      0.00       6.0750    0.1369      0.00      6.00     11.00     32.00      0.00
  1.4000   0.0200      151.4685    3.4375     39.00    102.00    218.00   1125.00      0.00     140.6275    3.2516     36.00     93.00    199.00   1124.00      0.00       2.6215    0.1098      0.00      0.00      2.00     24.00      0.00
  1.2000   0.2000        7.0060    0.1195      4.00      6.00      9.00     47.00      0.00       2.1740    0.0512      1.00      1.00      2.00     27.00      0.00      14.0160    0.1359     10.00     13.00     17.00     43.00      0.00
  1.2000   0.1800        7.8845    0.1499      4.00      6.00     10.00     99.00      0.00       2.5250    0.0695      1.00      1.00      3.00     38.00      0.00      13.7100    0.1359     10.00     13.00     17.00     47.00      0.00
  1.2000   0.1600        9.4145    0.1802      4.00      7.00     12.00     88.00      0.00       3.2415    0.0911      1.00      2.00      4.00     42.00      0.00      13.4610    0.1366     10.00     13.00     17.00     46.00      0.00
  1.2000   0.1400       11.9450    0.2842      5.00      8.00     15.00    239.00      0.00       4.5260    0.1568      1.00      2.00      5.00    104.00      0.00      13.0165    0.1311     10.00     13.00     16.00     37.00      0.00
  1.2000   0.1200       16.0425    0.4023      5.00     10.00     19.00    175.00      0.00       7.0030    0.2712      1.00      3.00      7.00    165.00      0.00      12.4580    0.1393      9.00     12.00     16.00     46.00      0.00
  1.2000   0.1000       22.3915    0.5758      7.00     14.00     27.00    311.00      0.00      12.0930    0.4379      2.00      5.00     14.00    255.00      0.00      11.9470    0.1386      9.00     12.00     15.00     39.00      0.00
  1.2000   0.0800       35.9690    0.9055      9.00     22.00     49.00    342.00      0.00      23.3140    0.7335      3.00     10.00     30.00    290.00      0.00      11.0600    0.1528      7.00     11.00     15.00     36.00      0.00
  1.2000   0.0600       59.8755    1.4700     14.00     36.00     84.00    577.00      0.00      43.0625    1.1551      6.00     25.00     60.00    388.00      0.00       9.4690    0.1645      1.00     10.00     14.00     46.00      0.00
  1.2000   0.0400      101.5275    2.4121     25.00     67.00    141.00    991.00      0.00      80.6255    1.9939     17.00     52.00    114.00    742.00      0.00       6.8925    0.1668      0.00      5.00     12.00     39.00      0.00
  1.2000   0.0200      155.6435    3.5459     42.00    107.00    213.00   1895.00      0.00     143.7960    3.3715     38.00     98.00    201.00   1895.00      0.00       2.9135    0.1278      0.00      0.00      2.00     29.00      0.00
  1.0000   0.2000        8.5430    0.1555      4.00      7.00     10.00     94.00      0.00       2.1855    0.0642      1.00      1.00      2.00     49.00      0.00      17.2180    0.1826     12.00     16.00     22.00     61.00      0.00
  1.0000   0.1800       10.1375    0.1919      5.00      8.00     13.00    138.00      0.00       2.7360    0.0769      1.00      1.00      3.00     51.00      0.00      16.8645    0.1872     11.00     16.00     22.00     69.00      0.00
  1.0000   0.1600       12.1315    0.2710      5.00      9.00     15.00    154.00      0.00       3.4855    0.1196      1.00      2.00      4.00    102.00      0.00      16.2315    0.1821     11.00     15.00     21.00     55.00      0.00
  1.0000   0.1400       14.5165    0.3044      6.00     10.00     18.00    126.00      0.00       4.4565    0.1505      1.00      2.00      5.00     98.00      0.00      16.3350    0.1811     11.00     16.00     21.00     55.00      0.00
  1.0000   0.1200       18.1645    0.4230      7.00     13.00     23.00    214.00      0.00       6.5925    0.2565      1.00      3.00      7.00    195.00      0.00      15.6720    0.1858     11.00     15.00     21.00     53.00      0.00
  1.0000   0.1000       26.2760    0.6653      8.00     16.00     33.00    275.00      0.00      11.2160    0.4105      2.00      5.00     12.00    273.00      0.00      15.0270    0.1934     10.00     14.00     20.00     62.00      0.00
  1.0000   0.0800       40.7435    1.0182     11.00     26.00     54.00    532.00      0.00      22.8455    0.7140      3.00     10.00     30.00    451.00      0.00      13.7715    0.2015      8.00     13.00     19.00     52.00      0.00
  1.0000   0.0600       65.6750    1.5465     17.00     42.00     89.00    624.00      0.00      42.5590    1.1021      7.00     25.00     62.00    320.00      0.00      11.3185    0.2207      1.00     11.00     18.00     53.00      0.00
  1.0000   0.0400      105.7535    2.4126     28.00     71.00    150.00    782.00      0.00      83.1375    2.0568     18.00     55.00    114.00    782.00      0.00       8.2560    0.2143      0.00      3.00     15.00     47.00      0.00
  1.0000   0.0200      166.2335    3.8137     48.00    116.00    227.00   1491.00      0.00     145.2050    3.4057     40.00    101.00    200.00   1482.00      0.00       3.2790    0.1502      0.00      0.00      2.00     45.00      0.00
  0.8000   0.2000       11.6195    0.2177      5.00      9.00     15.00    104.00      0.00       2.2415    0.0593      1.00      1.00      2.00     37.00      0.00      23.0405    0.2806     15.00     22.00     30.00     92.00      0.00
  0.8000   0.1800       13.1120    0.2605      6.00     10.00     16.00    128.00      0.00       2.7000    0.0941      1.00      1.00      3.00     89.00      0.00      22.8680    0.2769     14.00     21.00     29.00     93.00      0.00
  0.8000   0.1600       15.8545    0.3126      7.00     12.00     20.00    122.00      0.00       3.2960    0.1127      1.00      2.00      4.00     89.00      0.00      21.9920    0.2719     14.00     20.00     29.00     86.00      0.00
  0.8000   0.1400       19.3595    0.4172      8.00     14.00     24.00    163.00      0.00       4.7580    0.1709      1.00      2.00      5.00    115.00      0.00      21.4265    0.2748     13.00     20.00     28.00     79.00      0.00
  0.8000   0.1200       23.9810    0.5670      9.00     16.00     31.00    308.00      0.00       6.5615    0.2517      1.00      3.00      7.00    162.00      0.00      20.8655    0.2806     12.00     20.00     28.00     92.00      0.00
  0.8000   0.1000       33.4340    0.7736     11.00     22.00     45.00    437.00      0.00      12.1210    0.4071      2.00      5.00     14.00    174.00      0.00      19.8830    0.2959     11.00     19.00     28.00     72.00      0.00
  0.8000   0.0800       50.4100    1.1812     14.00     32.00     70.00    439.00      0.00      22.8430    0.6970      3.00     10.00     30.00    282.00      0.00      18.4105    0.2976      8.00     18.00     27.00     86.00      0.00
  0.8000   0.0600       75.1810    1.7063     21.00     51.00    102.00    636.00      0.00      42.6195    1.1551      7.00     25.00     59.00    405.00      0.00      14.8105    0.3042      1.00     14.00     23.00     67.00      0.00
  0.8000   0.0400      117.3270    2.6166     33.00     77.00    165.00    836.00      0.00      80.1495    1.9250     18.00     52.00    113.00    615.00      0.00      10.3355    0.2937      0.00      2.00     19.00     83.00      0.00
  0.8000   0.0200      166.2260    3.7600     45.00    114.00    230.00   1662.00      0.00     139.6145    3.1708     36.00     93.00    201.00   1018.00      0.00       4.5495    0.2191      0.00      0.00      2.00     72.00      0.00
  0.6000   0.2000       17.7020    0.3433      8.00     14.00     22.00    240.00      0.00       2.2180    0.0498      1.00      1.00      3.00     21.00      0.00      35.2340    0.4846     20.00     32.00     46.00    146.00      0.00
  0.6000   0.1800       20.1945    0.3993      9.00     15.00     25.00    228.00      0.00       2.6190    0.0826      1.00      1.00      3.00     71.00      0.00      34.3480    0.4722     20.00     31.00     46.00    145.00      0.00
  0.6000   0.1600       23.2735    0.4663     10.00     17.00     31.00    269.00      0.00       3.3570    0.1109      1.00      2.00      4.00     77.00      0.00      33.4680    0.4634     19.00     31.00     44.00    154.00      0.00
  0.6000   0.1400       27.4825    0.5321     11.00     21.00     36.00    176.00      0.00       4.3055    0.1433      1.00      2.00      5.00     82.00      0.00      32.2450    0.4785     17.00     29.00     44.00    157.00      0.00
  0.6000   0.1200       35.9305    0.7565     13.00     25.00     47.00    416.00      0.00       6.8610    0.2526      1.00      3.00      7.00    139.00      0.00      31.7870    0.4865     16.00     29.00     43.00    160.00      0.00
  0.6000   0.1000       47.2905    1.1117     16.00     31.00     61.00    481.00      0.00      11.3640    0.3803      2.00      5.00     14.00    160.00      0.00      28.9645    0.4766     13.00     27.00     42.00    127.00      0.00
  0.6000   0.0800       67.0735    1.5306     21.00     46.00     87.00    631.00      0.00      22.7800    0.6644      3.00     11.00     32.00    254.00      0.00      25.6195    0.4890      6.00     23.00     38.00    122.00      0.00
  0.6000   0.0600       92.4040    2.0599     27.00     63.00    127.00    782.00      0.00      41.0730    1.0913      6.00     23.00     57.00    409.00      0.00      20.2860    0.4718      1.00     15.00     33.00    116.00      0.00
  0.6000   0.0400      128.4130    2.9724     34.00     89.00    177.00   1550.00      0.00      77.4020    1.9066     17.00     51.00    106.00    651.00      0.00      13.5620    0.4468      0.00      2.00     22.00    124.00      0.00
  0.6000   0.0200      175.4340    3.8557     50.00    122.00    245.00   1253.00      0.00     135.8945    3.0434     36.00     91.00    196.00   1050.00      0.00       5.0775    0.2916      0.00      0.00      1.00     92.00      0.00
  0.4000   0.2000       34.1135    0.6853     14.00     26.00     44.00    314.00      0.00       2.1800    0.0526      1.00      1.00      3.00     39.00      0.00      65.4380    1.1055     30.00     56.00     89.00    373.00      0.00
  0.4000   0.1800       36.9470    0.7446     15.00     28.00     49.00    325.00      0.00       2.6495    0.0772      1.00      1.00      3.00     68.00      0.00      62.3320    1.0402     29.00     53.00     85.00    287.00      0.00
  0.4000   0.1600       43.4250    0.8795     18.00     33.00     55.00    344.00      0.00       3.3045    0.1102      1.00      2.00      4.00     70.00      0.00      59.9225    1.0376     26.00     50.00     82.00    329.00      0.00
  0.4000   0.1400       50.9090    1.0115     20.00     39.00     67.00    350.00      0.00       4.4955    0.1582      1.00      2.00      5.00    101.00      0.00      58.0990    1.0226     24.00     49.00     82.00    334.00      0.00
  0.4000   0.1200       59.4370    1.1842     22.00     44.00     80.00    513.00      0.00       6.7840    0.2395      1.00      3.00      7.00    128.00      0.00      52.7785    1.0315     19.00     43.00     73.00    349.00      0.00
  0.4000   0.1000       77.7230    1.6879     26.00     56.00    104.00    779.00      0.00      11.4515    0.3802      2.00      5.00     13.00    161.00      0.00      48.6830    1.0216     12.00     38.00     72.00    327.00      0.00
  0.4000   0.0800      102.4595    2.2120     34.00     72.00    140.00    784.00      0.00      22.0345    0.6694      3.00     10.00     30.00    301.00      0.00      41.1800    1.0181      5.00     27.00     62.00    337.00      0.00
  0.4000   0.0600      129.3095    2.9150     40.00     89.00    177.00   1461.00      0.00      42.2980    1.1045      7.00     25.00     60.00    468.00      0.00      30.6915    0.9206      1.00     12.00     47.00    272.00      0.00
  0.4000   0.0400      160.8330    3.4998     48.00    111.00    228.00   1309.00      0.00      80.5780    1.9877     15.00     53.00    114.00    608.00      0.00      16.8185    0.6860      0.00      2.00     19.00    219.00      0.00
  0.4000   0.0200      182.6525    4.2131     53.00    126.00    250.00   1918.00      0.00     134.0940    3.1255     36.00     94.00    183.00    990.00      0.00       5.2315    0.3922      0.00      0.00      1.00    194.00      0.00
  0.2000   0.2000      114.9455    2.4745     36.00     83.00    160.00   1135.00      0.00       2.2185    0.0636      1.00      1.00      2.00     51.00      0.00     170.9320    3.7230     50.00    119.00    238.00   1263.00      0.00
  0.2000   0.1800      117.4695    2.6248     34.00     81.00    160.00    886.00      0.00       2.6155    0.0804      1.00      2.00      3.00     60.00      0.00     149.0245    3.4434     39.00     97.00    208.00   1210.00      0.00
  0.2000   0.1600      128.9610    2.8404     40.00     92.00    176.00   1006.00      0.00       3.3915    0.1131      1.00      2.00      4.00     77.00      0.00     131.0575    3.1260     31.00     88.00    183.00    988.00      0.00
  0.2000   0.1400      140.5485    3.0530     45.00     98.00    194.00   1012.00      0.00       4.7485    0.1755      1.00      2.00      5.00    135.00      0.00     111.1380    2.5928     28.00     77.00    154.00    978.00      0.00
  0.2000   0.1200      164.3950    3.6256     50.00    115.00    228.00   1434.00      0.00       7.1735    0.2948      1.00      3.00      8.00    249.00      0.00      98.4745    2.4159     20.00     66.00    137.00    886.00      0.00
  0.2000   0.1000      165.8045    3.6955     49.00    115.00    229.00   1466.00      0.00      11.8855    0.4078      2.00      5.00     13.00    166.00      0.00      74.0430    1.9550     10.00     42.00    109.00    662.00      0.00
  0.2000   0.0800      179.9900    3.9270     60.00    121.00    246.00   1237.00      0.00      22.4425    0.6725      3.00     11.00     31.00    317.00      0.00      51.2300    1.5477      5.00     24.00     72.00    525.00      0.00
  0.2000   0.0600      184.2215    4.1370     49.00    123.00    260.00   1410.00      0.00      42.3495    1.1360      7.00     25.00     59.00    445.00      0.00      30.8990    1.1648      1.00      8.00     38.00    474.00      0.00
  0.2000   0.0400      190.7600    4.3927     52.00    131.00    255.00   1496.00      0.00      75.2780    1.9421     14.00     47.00    106.00    673.00      0.00      14.0060    0.7444      0.00      2.00     11.00    425.00      0.00
  0.2000   0.0200      205.2130    4.5994     59.00    145.00    281.00   1640.00      0.00     142.6265    3.1916     41.00     98.00    207.00   1227.00      0.00       3.4760    0.2774      0.00      0.00      1.00    245.00      0.00
