Amp Radius  OC_Mean OC_Std OC_Q1 OC_Med OC_Q3 OC_Max OC_Min  Exp_Mean Exp_Std Exp_Q1 Exp_Med Exp_Q3 Exp_Max Exp_Min  Num_Mean Num_Std Num_Q1 Num_Med Num_Q3 Num_Max Num_Min
  2.0000   0.2000        4.6685    0.0773      3.00      4.00      5.00     42.00      0.00       1.5625    0.0516      1.00      1.00      1.00     38.00      0.00       4.8990    0.0550      3.00      4.00      6.00     19.00      0.00
  2.0000   0.1800        5.0260    0.0801      3.00      4.00      6.00     42.00      0.00       1.8070    0.0605      1.00      1.00      1.00     36.00      0.00       4.5345    0.0491      3.00      4.00      6.00     14.00      0.00
  2.0000   0.1600        6.1700    0.1201      3.00      5.00      7.00     57.00      0.00       2.5635    0.0969      1.00      1.00      2.00     56.00      0.00       4.3180    0.0476      3.00      4.00      6.00     17.00      0.00
  2.0000   0.1400        7.5920    0.1699      4.00      5.00      8.00    105.00      0.00       3.8070    0.1435      1.00      1.00      3.00    104.00      0.00       4.1335    0.0439      3.00      4.00      5.00     13.00      0.00
  2.0000   0.1200        9.5195    0.2137      4.00      7.00     11.00     83.00      0.00       5.4905    0.1907      1.00      2.00      6.00     81.00      0.00       4.0485    0.0435      3.00      4.00      5.00     13.00      0.00
  2.0000   0.1000       14.4260    0.3442      5.00      9.00     19.00    126.00      0.00       9.9870    0.3070      1.00      4.00     13.00    100.00      0.00       3.8490    0.0443      3.00      4.00      5.00     13.00      0.00
  2.0000   0.0800       21.5765    0.5436      6.00     13.00     28.00    227.00      0.00      16.4740    0.4937      2.00      8.00     22.00    222.00      0.00       3.7625    0.0474      2.00      4.00      5.00     12.00      0.00
  2.0000   0.0600       35.1010    0.8282      9.00     23.00     48.00    307.00      0.00      29.6630    0.7845      5.00     18.00     41.00    299.00      0.00       3.4010    0.0503      2.00      3.00      5.00     13.00      0.00
  2.0000   0.0400       62.9575    1.4685     17.00     42.00     86.00    540.00      0.00      56.5920    1.3715     14.00     36.00     79.00    428.00      0.00       2.7885    0.0527      0.00      3.00      4.00     11.00      0.00
  2.0000   0.0200      124.6515    2.7787     37.00     87.00    176.00   1082.00      0.00     117.2115    2.6706     33.00     79.00    165.00    874.00      0.00       1.6400    0.0500      0.00      0.00      3.00     11.00      0.00
  1.8000   0.2000        5.3065    0.0722      3.00      5.00      6.00     37.00      0.00       1.4705    0.0445      1.00      1.00      1.00     32.00      0.00       5.8325    0.0666      4.00      5.00      8.00     22.00      0.00
  1.8000   0.1800        6.0580    0.1106      4.00      5.00      7.00     70.00      0.00       1.9345    0.0785      1.00      1.00      1.00     56.00      0.00       5.3825    0.0600      3.00      5.00      7.00     19.00      0.00
  1.8000   0.1600        6.7380    0.1097      4.00      6.00      8.00     54.00      0.00       2.3715    0.0781      1.00      1.00      2.00     33.00      0.00       5.0980    0.0570      3.00      5.00      7.00     16.00      0.00
  1.8000   0.1400        8.1290    0.1480      4.00      6.00     10.00     63.00      0.00       3.4790    0.1204      1.00      1.00      3.00     55.00      0.00       4.9735    0.0536      3.00      5.00      6.00     18.00      0.00
  1.8000   0.1200       11.2230    0.2426      5.00      8.00     14.00    156.00      0.00       6.1890    0.2058      1.00      2.00      7.00     89.00      0.00       4.8295    0.0529      3.00      5.00      6.00     19.00      0.00
  1.8000   0.1000       15.5225    0.3757      5.00     10.00     19.00    262.00      0.00       9.7510    0.3103      1.00      4.00     12.00    146.00      0.00       4.6695    0.0567      3.00      4.00      6.00     21.00      0.00
  1.8000   0.0800       22.3770    0.5114      7.00     14.00     30.00    198.00      0.00      16.3785    0.4616      2.00      8.00     23.00    195.00      0.00       4.3620    0.0575      3.00      4.00      6.00     17.00      0.00
  1.8000   0.0600       37.1290    0.9108      9.00     23.00     49.00    294.00      0.00      29.4440    0.8127      5.00     17.00     40.00    267.00      0.00       4.0950    0.0603      2.00      4.00      6.00     18.00      0.00
  1.8000   0.0400       68.1435    1.5823     18.00     46.00     94.00    639.00      0.00      58.2620    1.4009     13.00     39.00     82.00    481.00      0.00       3.3435    0.0646      0.00      3.00      5.00     15.00      0.00
  1.8000   0.0200      127.8015    2.9705     35.00     84.00    177.00   1032.00      0.00     116.9535    2.6640     32.00     77.00    168.00    859.00      0.00       1.7665    0.0580      0.00      0.00      4.00     15.00      0.00
  1.6000   0.2000        6.3295    0.0938      4.00      6.00      8.00     65.00      0.00       1.6015    0.0588      1.00      1.00      1.00     44.00      0.00       7.0355    0.0841      4.00      6.00      9.00     31.00      0.00
  1.6000   0.1800        7.0965    0.1082      4.00      6.00      9.00     60.00      0.00       1.8810    0.0660      1.00      1.00      1.00     37.00      0.00       6.5935    0.0784      4.00      6.00      8.00     23.00      0.00
  1.6000   0.1600        8.1910    0.1542      4.00      7.00     10.00     83.00      0.00       2.5485    0.1108      1.00      1.00      2.00     80.00      0.00       6.2660    0.0749      4.00      6.00      8.00     24.00      0.00
  1.6000   0.1400        9.9580    0.1954      5.00      7.00     12.00     77.00      0.00       3.9925    0.1506      1.00      1.00      4.00     70.00      0.00       5.8390    0.0675      4.00      5.00      8.00     21.00      0.00
  1.6000   0.1200       12.2670    0.2632      5.00      9.00     15.00    142.00      0.00       6.1160    0.2151      1.00      2.00      7.00    102.00      0.00       5.5995    0.0648      4.00      5.00      7.00     19.00      0.00
  1.6000   0.1000       17.7090    0.3852      7.00     12.00     23.00    178.00      0.00      10.2130    0.3088      1.00      4.00     14.00    114.00      0.00       5.5750    0.0696      4.00      5.00      7.00     21.00      0.00
  1.6000   0.0800       24.6380    0.5776      8.00     15.00     32.00    290.00      0.00      16.1030    0.4667      2.00      8.00     22.00    160.00      0.00       5.2745    0.0711      3.00      5.00      7.00     24.00      0.00
  1.6000   0.0600       39.6465    0.8980     11.00     26.00     54.00    380.00      0.00      30.0090    0.7731      6.00     18.00     42.00    380.00      0.00       4.7620    0.0734      2.00      5.00      7.00     18.00      0.00
  1.6000   0.0400       71.9140    1.6040     20.00     51.00     98.00    550.00      0.00      58.3995    1.3982     14.00     40.00     81.00    511.00      0.00       4.0475    0.0787      0.00      4.00      6.00     21.00      0.00
  1.6000   0.0200      133.8070    2.8941     39.00     96.00    188.00   1075.00      0.00     120.9755    2.6799     34.00     85.00    169.00    830.00      0.00       2.2405    0.0711      0.00      0.00      4.00     21.00      0.00
  1.4000   0.2000        7.7030    0.1040      5.00      7.00     10.00     44.00      0.00       1.4805    0.0453      1.00      1.00      1.00     25.00      0.00       8.8720    0.1106      5.00      8.00     11.00     36.00      0.00
  1.4000   0.1800        8.3965    0.1269      5.00      7.00     10.00     62.00      0.00       1.7700    0.0624      1.00      1.00      1.00     44.00      0.00       8.1705    0.1027      5.00      7.00     10.00     33.00      0.00
  1.4000   0.1600        9.7370    0.1733      5.00      8.00     12.00    144.00      0.00       2.5895    0.1070      1.00      1.00      2.00     90.00      0.00       7.5420    0.0918      5.00      7.00     10.00     36.00      0.00
  1.4000   0.1400       11.6505    0.2254      6.00      9.00     14.00    147.00      0.00       3.9940    0.1615      1.00      1.00      3.00    113.00      0.00       7.1920    0.0890      4.00      7.00      9.00     28.00      0.00
  1.4000   0.1200       14.6800    0.2925      7.00     11.00     18.00    137.00      0.00       6.2510    0.2320      1.00      2.00      7.00    136.00      0.00       7.1450    0.0907      4.00      7.00      9.00     29.00      0.00
  1.4000   0.1000       19.8755    0.4298      8.00     13.00     25.00    180.00      0.00      10.1725    0.3297      1.00      4.00     13.00    128.00      0.00       6.9280    0.0917      4.00      6.00      9.00     27.00      0.00
  1.4000   0.0800       28.3850    0.6377      9.00     19.00     37.00    211.00      0.00      17.0765    0.5026      2.00      9.00     23.00    204.00      0.00       6.5975    0.0937      4.00      6.00      9.00     32.00      0.00
  1.4000   0.0600       42.9285    0.9439     13.00     28.00     60.00    346.00      0.00      28.6750    0.7487      5.00     17.00     40.00    286.00      0.00       6.0985    0.0960      3.00      6.00      9.00     27.00      0.00
  1.4000   0.0400       78.1710    1.8308     22.00     52.00    104.00    685.00      0.00      59.6665    1.4477     14.00     40.00     82.00    457.00      0.00       5.1630    0.1049      0.00      5.00      8.00     27.00      0.00
  1.4000   0.0200      137.4635    3.0771     39.00     96.00    193.00   1505.00      0.00     120.3815    2.8199     32.00     82.00    170.00   1498.00      0.00       2.5855    0.0918      0.00      0.00      5.00     27.00      0.00
  1.2000   0.2000        9.7110    0.1317      6.00      9.00     12.00     61.00      0.00       1.4440    0.0434      1.00      1.00      1.00     29.00      0.00      11.5080    0.1484      7.00     10.00     15.00     48.00      0.00
  1.2000   0.1800       10.9445    0.1760      6.00      9.00     14.00    109.00      0.00       1.8815    0.0831      1.00      1.00      1.00     67.00      0.00      10.6810    0.1421      6.00      9.00     14.00     50.00      0.00
  1.2000   0.1600       12.0595    0.1918      7.00     10.00     15.00    118.00      0.00       2.5825    0.1089      1.00      1.00      2.00     88.00      0.00       9.8865    0.1297      6.00      9.00     13.00     58.00      0.00
  1.2000   0.1400       14.2745    0.2455      7.00     11.00     18.00    109.00      0.00       3.7120    0.1473      1.00      1.00      3.00     93.00      0.00       9.5485    0.1277      6.00      9.00     12.00     61.00      0.00
  1.2000   0.1200       17.4860    0.3274      8.00     14.00     21.00    158.00      0.00       5.9675    0.2118      1.00      2.00      7.00     89.00      0.00       9.3320    0.1271      5.00      8.00     12.00     41.00      0.00
  1.2000   0.1000       22.7925    0.4668     10.00     17.00     29.00    233.00      0.00      10.1975    0.3359      1.00      4.00     13.00    165.00      0.00       8.7850    0.1216      5.00      8.00     12.00     38.00      0.00
  1.2000   0.0800       33.0970    0.6911     12.00     23.00     42.00    239.00      0.00      16.9575    0.4952      2.00      8.00     23.00    191.00      0.00       8.7375    0.1329      5.00      8.00     12.00     42.00      0.00
  1.2000   0.0600       47.4595    1.0224     15.00     32.00     65.00    341.00      0.00      28.7805    0.7738      4.00     17.00     40.00    264.00      0.00       7.6260    0.1307      3.00      7.00     11.00     37.00      0.00
  1.2000   0.0400       78.9770    1.6685     25.00     57.00    107.00    553.00      0.00      54.0120    1.2736     13.00     37.00     74.00    449.00      0.00       6.0945    0.1345      0.00      5.00     10.00     41.00      0.00
  1.2000   0.0200      137.3080    2.9981     40.00     96.00    193.00    940.00      0.00     114.1430    2.5855     31.00     79.00    159.00    940.00      0.00       3.1285    0.1116      0.00      0.00      5.00     39.00      0.00
  1.0000   0.2000       13.0865    0.1820      7.00     11.00     17.00     73.00      0.00       1.4215    0.0394      1.00      1.00      1.00     30.00      0.00      15.8640    0.2192      9.00     14.00     21.00     75.00      0.00
  1.0000   0.1800       14.5275    0.2283      8.00     12.00     19.00    183.00      0.00       1.8770    0.0904      1.00      1.00      1.00    135.00      0.00      14.6145    0.2075      8.00     13.00     19.00     67.00      0.00
  1.0000   0.1600       16.2115    0.2416      9.00     14.00     21.00     77.00      0.00       2.5175    0.1016      1.00      1.00      2.00     57.00      0.00      13.8845    0.1961      8.00     12.00     18.00     58.00      0.00
  1.0000   0.1400       19.3515    0.3124     10.00     16.00     25.00    125.00      0.00       3.7050    0.1333      1.00      1.00      3.00     62.00      0.00      13.4335    0.1899      8.00     12.00     18.00     59.00      0.00
  1.0000   0.1200       22.5225    0.3775     11.00     18.00     29.00    153.00      0.00       6.1370    0.2012      1.00      2.00      7.00     79.00      0.00      12.5615    0.1758      7.00     11.00     16.00     52.00      0.00
  1.0000   0.1000       29.1165    0.5422     13.00     23.00     38.00    256.00      0.00       9.8900    0.3221      1.00      4.00     13.00    148.00      0.00      12.5415    0.1905      7.00     11.00     17.00     64.00      0.00
  1.0000   0.0800       40.0950    0.8009     15.00     29.00     53.00    282.00      0.00      17.4105    0.4970      2.00      9.00     24.00    182.00      0.00      11.8000    0.1967      6.00     11.00     16.00     75.00      0.00
  1.0000   0.0600       57.1470    1.1585     21.00     42.00     78.00    405.00      0.00      30.2700    0.7789      5.00     18.00     42.00    300.00      0.00      10.4940    0.2018      3.00      9.00     15.00     88.00      0.00
  1.0000   0.0400       88.3505    1.8847     28.00     61.00    122.00    741.00      0.00      55.8810    1.3329     13.00     36.00     79.00    454.00      0.00       8.0980    0.1946      0.00      6.00     13.00     47.00      0.00
  1.0000   0.0200      141.9255    3.0274     42.00    102.00    199.00    986.00      0.00     116.0325    2.6044     31.00     82.00    163.00    803.00      0.00       3.7395    0.1563      0.00      0.00      4.00     46.00      0.00
  0.8000   0.2000       20.1750    0.3167     10.00     17.00     26.00    117.00      0.00       1.4845    0.0516      1.00      1.00      1.00     52.00      0.00      24.5770    0.3916     12.00     21.00     33.00    175.00      0.00
  0.8000   0.1800       21.6145    0.3367     11.00     18.00     28.00    113.00      0.00       1.8055    0.0622      1.00      1.00      1.00     36.00      0.00      22.3400    0.3550     11.00     19.00     30.00    116.00      0.00
  0.8000   0.1600       24.0615    0.3754     12.00     20.00     32.00    109.00      0.00       2.5105    0.1016      1.00      1.00      2.00     56.00      0.00      21.4970    0.3447     10.00     18.00     28.00    119.00      0.00
  0.8000   0.1400       26.9850    0.4499     13.00     23.00     36.00    199.00      0.00       3.7785    0.1470      1.00      1.00      3.00     82.00      0.00      19.8430    0.3150     10.00     17.00     26.00    110.00      0.00
  0.8000   0.1200       33.9630    0.5899     16.00     27.00     44.00    214.00      0.00       6.5635    0.2346      1.00      2.00      7.00    127.00      0.00      20.1035    0.3225     10.00     17.00     27.00     85.00      0.00
  0.8000   0.1000       40.1890    0.7084     18.00     31.00     53.00    212.00      0.00       9.9200    0.3103      1.00      4.00     13.00    141.00      0.00      19.0150    0.3413      8.00     16.00     26.00    106.00      0.00
  0.8000   0.0800       51.4005    0.9921     22.00     40.00     67.00    432.00      0.00      15.8510    0.4635      2.00      8.00     22.00    205.00      0.00      17.6810    0.3343      7.00     15.00     25.00     94.00      0.00
  0.8000   0.0600       74.6870    1.5137     28.00     56.00    100.00    511.00      0.00      29.7935    0.7573      5.00     19.00     42.00    327.00      0.00      15.5560    0.3302      3.00     13.00     23.00     95.00      0.00
  0.8000   0.0400      106.2685    2.2330     35.00     77.00    144.00    690.00      0.00      55.4980    1.3407     12.00     36.00     80.00    564.00      0.00      11.5735    0.3144      0.00      7.00     18.00    127.00      0.00
  0.8000   0.0200      158.6945    3.4430     51.00    111.00    218.00   1048.00      0.00     115.8990    2.6353     33.00     78.00    161.00   1021.00      0.00       4.7115    0.2243      0.00      0.00      4.00    112.00      0.00
  0.6000   0.2000       34.5685    0.6015     16.00     28.00     46.00    247.00      0.00       1.4895    0.0493      1.00      1.00      1.00     44.00      0.00      43.5845    0.7913     18.00     35.00     59.00    263.00      0.00
  0.6000   0.1800       39.8720    0.7099     17.00     32.00     54.00    234.00      0.00       1.8345    0.0663      1.00      1.00      1.00     37.00      0.00      42.6815    0.7767     18.00     34.00     58.00    288.00      0.00
  0.6000   0.1600       42.9430    0.7993     18.00     34.00     58.00    429.00      0.00       2.5115    0.0891      1.00      1.00      2.00     38.00      0.00      37.9930    0.7358     15.00     30.00     51.00    338.00      0.00
  0.6000   0.1400       48.3620    0.8825     22.00     38.00     65.00    360.00      0.00       3.9600    0.1485      1.00      1.00      4.00     80.00      0.00      36.8230    0.7119     15.00     28.00     49.00    226.00      0.00
  0.6000   0.1200       56.0935    1.0615     23.00     43.00     75.00    452.00      0.00       5.8290    0.2013      1.00      2.00      7.00     90.00      0.00      35.6690    0.7245     13.00     27.00     48.00    313.00      0.00
  0.6000   0.1000       66.9140    1.2501     27.00     52.00     89.00    509.00      0.00      10.5675    0.3645      1.00      4.00     14.00    324.00      0.00      33.8670    0.6892     11.00     26.00     48.00    234.00      0.00
  0.6000   0.0800       81.9330    1.5366     31.00     64.00    111.00    580.00      0.00      16.9475    0.4717      2.00      9.00     23.00    173.00      0.00      29.8285    0.6746      7.00     22.00     42.00    216.00      0.00
  0.6000   0.0600      104.9005    2.1312     38.00     78.00    141.00    801.00      0.00      29.8895    0.8077      4.00     18.00     42.00    336.00      0.00      24.0870    0.6075      3.00     16.00     35.00    245.00      0.00
  0.6000   0.0400      140.2805    2.9884     46.00    100.00    191.00   1025.00      0.00      56.7070    1.3741     13.00     38.00     77.00    502.00      0.00      17.0680    0.5429      0.00      7.00     26.00    168.00      0.00
  0.6000   0.0200      182.0135    3.9430     56.00    127.00    256.00   1335.00      0.00     117.7310    2.6167     34.00     83.00    161.00    938.00      0.00       5.4750    0.3105      0.00      0.00      3.00    211.00      0.00
  0.4000   0.2000       77.6525    1.5594     28.00     59.00    106.00    498.00      0.00       1.5275    0.0522      1.00      1.00      1.00     48.00      0.00      93.3590    1.9161     32.00     69.00    130.00    773.00      0.00
  0.4000   0.1800       86.4400    1.8086     31.00     62.00    118.00    886.00      0.00       1.8750    0.0671      1.00      1.00      1.00     44.00      0.00      88.3885    1.9025     29.00     63.00    121.00    891.00      0.00
  0.4000   0.1600       96.4585    2.0385     32.00     69.00    132.00    714.00      0.00       2.5330    0.0966      1.00      1.00      2.00     63.00      0.00      80.7645    1.7298     25.00     58.00    111.00    585.00      0.00
  0.4000   0.1400      104.2250    2.2683     33.00     73.00    138.00    813.00      0.00       3.8435    0.1496      1.00      1.00      3.00     65.00      0.00      72.9010    1.6418     22.00     51.00    100.00    635.00      0.00
  0.4000   0.1200      113.8945    2.4343     38.00     81.00    158.00   1106.00      0.00       6.3110    0.2238      1.00      2.00      7.00    107.00      0.00      64.4160    1.4362     19.00     45.00     91.00    701.00      0.00
  0.4000   0.1000      128.8415    2.6779     43.00     93.00    176.00   1033.00      0.00       9.9650    0.3119      1.00      4.00     13.00    120.00      0.00      59.3130    1.3577     15.00     41.00     83.00    442.00      0.00
  0.4000   0.0800      148.2465    3.1958     50.00    108.00    196.00   1388.00      0.00      16.6155    0.4707      2.00      8.00     24.00    165.00      0.00      46.6505    1.1695      9.00     30.00     67.00    469.00      0.00
  0.4000   0.0600      163.7725    3.5671     50.00    114.00    224.00   1216.00      0.00      29.8670    0.7999      5.00     18.00     42.00    395.00      0.00      31.2380    0.9276      3.00     15.00     44.00    299.00      0.00
  0.4000   0.0400      180.5780    4.1419     51.00    124.00    253.00   1722.00      0.00      56.2840    1.3332     13.00     37.00     81.00    485.00      0.00      16.4040    0.6263      0.00      4.00     20.00    238.00      0.00
  0.4000   0.0200      197.8935    4.4310     56.00    134.00    276.00   1553.00      0.00     120.1075    2.7791     33.00     82.00    166.00   1020.00      0.00       4.8600    0.3095      0.00      0.00      2.00    136.00      0.00
  0.2000   0.2000      171.2215    3.6761     52.00    126.00    241.00   1426.00      0.00       1.4835    0.0473      1.00      1.00      1.00     36.00      0.00     189.1930    4.3231     52.00    136.00    259.00   1901.00      0.00
  0.2000   0.1800      171.4725    3.8950     49.00    117.00    230.00   1260.00      0.00       1.8225    0.0661      1.00      1.00      1.00     39.00      0.00     158.8365    3.7305     44.00    105.00    218.00   1452.00      0.00
  0.2000   0.1600      166.2150    3.5573     50.00    116.00    235.00   1233.00      0.00       2.5340    0.0980      1.00      1.00      2.00     67.00      0.00     124.6065    2.7753     34.00     86.00    178.00   1080.00      0.00
  0.2000   0.1400      178.6670    4.0356     52.00    120.00    248.00   1454.00      0.00       3.5765    0.1465      1.00      1.00      3.00    115.00      0.00     106.5800    2.5317     29.00     70.00    147.00    894.00      0.00
  0.2000   0.1200      183.6145    4.1382     53.00    128.00    254.00   1637.00      0.00       6.3755    0.2243      1.00      2.00      7.00     91.00      0.00      82.6105    2.0049     19.00     54.00    115.00    751.00      0.00
  0.2000   0.1000      187.6445    4.3375     52.00    128.00    253.00   1883.00      0.00       9.3960    0.3126      1.00      4.00     12.00    162.00      0.00      62.6885    1.6147     13.00     38.00     86.00    591.00      0.00
  0.2000   0.0800      191.9980    4.2751     54.00    134.00    264.00   1280.00      0.00      16.5855    0.4589      2.00      9.00     23.00    176.00      0.00      41.6400    1.1014      7.00     25.00     59.00    464.00      0.00
  0.2000   0.0600      207.5565    4.5972     63.00    143.00    292.00   1581.00      0.00      30.8500    0.8130      5.00     18.00     42.00    310.00      0.00      26.9035    0.7809      2.00     14.00     38.00    262.00      0.00
  0.2000   0.0400      198.0615    4.4440     57.00    136.00    279.00   1837.00      0.00      57.1510    1.3772     13.00     38.00     82.00    680.00      0.00      10.9720    0.4122      0.00      4.00     14.00    226.00      0.00
  0.2000   0.0200      200.6385    4.4516     59.00    140.00    277.00   1543.00      0.00     113.6175    2.5493     32.00     79.00    161.00    833.00      0.00       3.1425    0.1644      0.00      0.00      3.00     76.00      0.00
