Amp Radius  OC_Mean OC_Std OC_Q1 OC_Med OC_Q3 OC_Max OC_Min  Exp_Mean Exp_Std Exp_Q1 Exp_Med Exp_Q3 Exp_Max Exp_Min  Num_Mean Num_Std Num_Q1 Num_Med Num_Q3 Num_Max Num_Min
  2.0000   0.2000        4.1110    0.0481      3.00      4.00      5.00     17.00      0.00       1.4180    0.0169      1.00      1.00      2.00      5.00      0.00       9.0385    0.1098      5.00      9.00     13.00     30.00      0.00
  2.0000   0.1800        4.3975    0.0513      3.00      4.00      6.00     19.00      0.00       1.5745    0.0212      1.00      1.00      2.00      9.00      0.00       8.5290    0.1059      5.00      8.00     12.00     26.00      0.00
  2.0000   0.1600        4.8520    0.0576      3.00      4.00      6.00     19.00      0.00       1.7135    0.0235      1.00      1.00      2.00      9.00      0.00       8.4380    0.1044      4.00      8.00     12.00     24.00      0.00
  2.0000   0.1400        5.6670    0.0745      3.00      5.00      7.00     34.00      0.00       2.0630    0.0325      1.00      2.00      3.00     15.00      0.00       8.1745    0.1037      4.00      8.00     12.00     24.00      0.00
  2.0000   0.1200        6.4780    0.0878      4.00      6.00      8.00     34.00      0.00       2.4885    0.0429      1.00      2.00      3.00     33.00      0.00       7.8200    0.0978      4.00      8.00     11.00     21.00      0.00
  2.0000   0.1000        7.8975    0.1135      4.00      7.00     10.00     54.00      0.00       3.2540    0.0626      1.00      3.00      4.00     41.00      0.00       7.3495    0.0980      3.00      7.00     11.00     19.00      0.00
  2.0000   0.0800       10.3860    0.1659      5.00      9.00     13.00     76.00      0.00       4.7860    0.0992      2.00      4.00      6.00     54.00      0.00       7.2585    0.0943      3.00      7.00     11.00     20.00      0.00
  2.0000   0.0600       16.0175    0.2967      7.00     12.00     21.00    139.00      0.00       9.3235    0.2318      3.00      6.00     11.00    131.00      0.00       6.7320    0.0938      3.00      6.00     11.00     18.00      0.00
  2.0000   0.0400       35.9885    0.7978     12.00     24.00     48.00    338.00      0.00      26.9945    0.6770      6.00     17.00     37.00    253.00      0.00       5.8415    0.0961      2.00      5.00     10.00     17.00      0.00
  2.0000   0.0200       97.9640    2.2176     27.00     66.00    137.00    866.00      0.00      87.7675    2.0812     22.00     59.00    124.00    865.00      0.00       3.2870    0.0859      0.00      2.00      6.00     16.00      0.00
  1.8000   0.2000        4.7730    0.0537      3.00      4.00      6.00     18.00      0.00       1.4190    0.0168      1.00      1.00      2.00      7.00      0.00      10.3145    0.1145      6.00     11.00     14.00     27.00      0.00
  1.8000   0.1800        5.1675    0.0592      3.00      5.00      7.00     22.00      0.00       1.5660    0.0204      1.00      1.00      2.00      7.00      0.00      10.1500    0.1148      6.00     10.00     14.00     31.00      0.00
  1.8000   0.1600        5.5955    0.0665      3.00      5.00      7.00     24.00      0.00       1.7005    0.0224      1.00      1.00      2.00      7.00      0.00       9.5360    0.1109      5.00     10.00     13.00     32.00      0.00
  1.8000   0.1400        6.5735    0.0850      4.00      6.00      8.00     36.00      0.00       2.0670    0.0309      1.00      2.00      3.00     14.00      0.00       9.2880    0.1083      5.00     10.00     13.00     26.00      0.00
  1.8000   0.1200        7.4750    0.1033      4.00      7.00      9.00     57.00      0.00       2.5415    0.0401      1.00      2.00      3.00     18.00      0.00       8.7245    0.1055      4.00      9.00     12.00     25.00      0.00
  1.8000   0.1000        9.1400    0.1262      5.00      8.00     12.00     44.00      0.00       3.1940    0.0557      1.00      3.00      4.00     36.00      0.00       8.3290    0.1019      4.00      9.00     12.00     25.00      0.00
  1.8000   0.0800       11.8905    0.2025      6.00     10.00     15.00    118.00      0.00       4.9680    0.1172      2.00      4.00      6.00    116.00      0.00       7.9750    0.0998      4.00      8.00     12.00     22.00      0.00
  1.8000   0.0600       18.3455    0.3530      8.00     14.00     24.00    180.00      0.00       9.4830    0.2410      3.00      6.00     12.00    121.00      0.00       7.3000    0.1006      3.00      7.00     11.00     21.00      0.00
  1.8000   0.0400       38.1340    0.8129     12.00     26.00     53.00    304.00      0.00      26.1935    0.6591      6.00     15.00     36.00    205.00      0.00       6.4625    0.1020      2.00      6.00     10.00     18.00      0.00
  1.8000   0.0200      102.2180    2.2919     30.00     71.00    140.00    752.00      0.00      86.8275    2.0315     23.00     58.00    121.00    748.00      0.00       3.6385    0.0946      0.00      2.00      7.00     20.00      0.00
  1.6000   0.2000        5.3685    0.0631      3.00      5.00      7.00     19.00      0.00       1.3720    0.0157      1.00      1.00      2.00      7.00      0.00      11.4280    0.1257      7.00     12.00     15.00     38.00      0.00
  1.6000   0.1800        6.1510    0.0760      4.00      6.00      8.00     27.00      0.00       1.5615    0.0199      1.00      1.00      2.00      6.00      0.00      11.4070    0.1239      7.00     12.00     15.00     31.00      0.00
  1.6000   0.1600        6.5515    0.0801      4.00      6.00      8.00     25.00      0.00       1.7270    0.0243      1.00      1.00      2.00      9.00      0.00      10.7585    0.1188      6.00     11.00     14.00     30.00      0.00
  1.6000   0.1400        7.4935    0.0983      4.00      7.00     10.00     36.00      0.00       2.0190    0.0317      1.00      2.00      3.00     17.00      0.00      10.5210    0.1187      6.00     11.00     14.00     30.00      0.00
  1.6000   0.1200        8.7385    0.1240      5.00      8.00     11.00     52.00      0.00       2.4960    0.0387      1.00      2.00      3.00     15.00      0.00       9.8850    0.1152      6.00     10.00     13.00     28.00      0.00
  1.6000   0.1000       10.3880    0.1500      6.00      9.00     14.00     51.00      0.00       3.1535    0.0582      1.00      2.00      4.00     35.00      0.00       9.2875    0.1089      5.00     10.00     13.00     30.00      0.00
  1.6000   0.0800       14.7925    0.2431      8.00     12.00     19.00     95.00      0.00       4.9165    0.1095      2.00      4.00      6.00     67.00      0.00       9.3725    0.1092      5.00     10.00     13.00     25.00      0.00
  1.6000   0.0600       21.2925    0.3984      9.00     16.00     28.00    124.00      0.00       9.3365    0.2384      3.00      6.00     11.00     92.00      0.00       8.4390    0.1091      4.00      9.00     12.00     24.00      0.00
  1.6000   0.0400       43.2895    0.8976     15.00     31.00     59.00    351.00      0.00      25.7715    0.6269      6.00     17.00     35.00    314.00      0.00       7.0490    0.1118      2.00      7.00     11.00     21.00      0.00
  1.6000   0.0200      101.2875    2.2428     30.00     70.00    137.00    732.00      0.00      83.3055    1.9593     22.00     54.00    116.00    642.00      0.00       3.8400    0.1029      0.00      1.00      8.00     23.00      0.00
  1.4000   0.2000        6.5825    0.0790      4.00      6.00      8.00     35.00      0.00       1.4255    0.0171      1.00      1.00      2.00      7.00      0.00      13.6025    0.1407      9.00     14.00     17.00     35.00      0.00
  1.4000   0.1800        7.2650    0.0980      4.00      6.00      9.00     40.00      0.00       1.5470    0.0197      1.00      1.00      2.00      7.00      0.00      13.0630    0.1440      9.00     13.00     17.00     39.00      0.00
  1.4000   0.1600        8.0420    0.1109      4.00      7.00     10.00     40.00      0.00       1.7160    0.0242      1.00      1.00      2.00     14.00      0.00      12.5915    0.1365      8.00     13.00     16.00     44.00      0.00
  1.4000   0.1400        8.9930    0.1162      5.00      8.00     12.00     42.00      0.00       2.0160    0.0294      1.00      2.00      3.00     10.00      0.00      12.0660    0.1311      8.00     12.00     16.00     39.00      0.00
  1.4000   0.1200       10.9080    0.1547      6.00      9.00     14.00     55.00      0.00       2.4920    0.0415      1.00      2.00      3.00     24.00      0.00      11.4670    0.1255      7.00     12.00     15.00     33.00      0.00
  1.4000   0.1000       13.3550    0.1980      7.00     12.00     17.00     69.00      0.00       3.1990    0.0562      1.00      3.00      4.00     30.00      0.00      11.0525    0.1195      7.00     12.00     15.00     29.00      0.00
  1.4000   0.0800       16.9960    0.2871      8.00     14.00     22.00    139.00      0.00       4.7325    0.1000      2.00      4.00      6.00     58.00      0.00      10.1115    0.1191      6.00     11.00     14.00     32.00      0.00
  1.4000   0.0600       26.0260    0.4924     11.00     20.00     34.00    184.00      0.00       9.9905    0.2699      3.00      6.00     12.00    161.00      0.00       9.5340    0.1220      5.00     10.00     13.00     31.00      0.00
  1.4000   0.0400       48.7970    0.9969     17.00     35.00     65.00    301.00      0.00      26.6460    0.6670      6.00     16.00     37.00    254.00      0.00       8.0545    0.1286      3.00      9.00     12.00     37.00      0.00
  1.4000   0.0200      107.4350    2.3564     32.00     72.00    151.00    651.00      0.00      81.8925    1.9047     21.00     54.00    115.00    601.00      0.00       4.0950    0.1137      0.00      1.00      8.00     26.00      0.00
  1.2000   0.2000        8.2480    0.1076      5.00      7.00     11.00     45.00      0.00       1.3930    0.0160      1.00      1.00      2.00      6.00      0.00      16.3650    0.1782     11.00     16.00     21.00     52.00      0.00
  1.2000   0.1800        9.1575    0.1153      5.00      8.00     12.00     40.00      0.00       1.5590    0.0207      1.00      1.00      2.00      9.00      0.00      15.7150    0.1643     11.00     15.00     20.00     63.00      0.00
  1.2000   0.1600       10.2420    0.1344      6.00      9.00     13.00     40.00      0.00       1.7735    0.0247      1.00      1.00      2.00      9.00      0.00      15.2440    0.1647     10.00     15.00     20.00     51.00      0.00
  1.2000   0.1400       11.3875    0.1632      6.00     10.00     15.00     73.00      0.00       2.0430    0.0301      1.00      2.00      3.00     12.00      0.00      14.0440    0.1624      9.00     14.00     18.00     52.00      0.00
  1.2000   0.1200       13.6200    0.2057      7.00     11.00     18.00     73.00      0.00       2.4925    0.0379      1.00      2.00      3.00     15.00      0.00      13.5785    0.1559      9.00     14.00     17.00     52.00      0.00
  1.2000   0.1000       16.8765    0.2778      9.00     14.00     22.00    103.00      0.00       3.3100    0.0655      1.00      3.00      4.00     50.00      0.00      12.8040    0.1477      8.00     13.00     17.00     41.00      0.00
  1.2000   0.0800       22.1720    0.3828     11.00     18.00     29.00    191.00      0.00       4.8525    0.1064      2.00      4.00      6.00     64.00      0.00      11.9310    0.1435      7.00     12.00     16.00     50.00      0.00
  1.2000   0.0600       31.6540    0.6155     13.00     24.00     41.00    260.00      0.00       8.9985    0.2424      3.00      6.00     11.00    155.00      0.00      11.1525    0.1465      6.00     12.00     15.00     40.00      0.00
  1.2000   0.0400       60.2970    1.2428     20.00     44.00     81.00    421.00      0.00      27.3220    0.6975      6.00     16.00     37.00    298.00      0.00       9.1260    0.1483      3.00     10.00     14.00     37.00      0.00
  1.2000   0.0200      127.3415    2.7746     40.00     92.00    174.00   1092.00      0.00      86.6750    2.0049     23.00     58.00    123.00    686.00      0.00       4.6105    0.1369      0.00      1.00      9.00     35.00      0.00
  1.0000   0.2000       10.8530    0.1438      6.00     10.00     14.00     50.00      0.00       1.3985    0.0168      1.00      1.00      2.00      9.00      0.00      20.5335    0.2350     14.00     19.00     26.00     63.00      0.00
  1.0000   0.1800       11.8945    0.1669      7.00     10.00     15.00     80.00      0.00       1.5805    0.0209      1.00      1.00      2.00      9.00      0.00      19.1915    0.2243     13.00     18.00     25.00     68.00      0.00
  1.0000   0.1600       13.6810    0.2023      7.00     12.00     18.00    105.00      0.00       1.7495    0.0244      1.00      1.00      2.00     10.00      0.00      18.7230    0.2168     12.00     18.00     24.00     68.00      0.00
  1.0000   0.1400       15.9195    0.2368      8.00     14.00     21.00     75.00      0.00       2.0560    0.0302      1.00      2.00      3.00     10.00      0.00      18.1475    0.2169     12.00     17.00     24.00     68.00      0.00
  1.0000   0.1200       19.2845    0.3346     10.00     16.00     24.00    173.00      0.00       2.5525    0.0463      1.00      2.00      3.00     45.00      0.00      17.3445    0.2135     11.00     16.00     22.00     64.00      0.00
  1.0000   0.1000       23.3360    0.4072     11.00     19.00     31.00    161.00      0.00       3.2425    0.0592      1.00      3.00      4.00     51.00      0.00      16.0165    0.2031     10.00     15.00     21.00     56.00      0.00
  1.0000   0.0800       29.9190    0.5332     13.00     24.00     39.00    194.00      0.00       4.6915    0.0977      2.00      4.00      6.00     48.00      0.00      14.8520    0.1952      9.00     15.00     20.00     62.00      0.00
  1.0000   0.0600       43.6525    0.8532     17.00     33.00     57.00    373.00      0.00       9.1945    0.2327      3.00      6.00     12.00    150.00      0.00      13.6400    0.1986      7.00     13.00     19.00     55.00      0.00
  1.0000   0.0400       72.2070    1.4831     25.00     53.00     97.00    512.00      0.00      26.1520    0.6443      6.00     16.00     36.00    236.00      0.00      10.9465    0.2020      2.00     11.00     17.00     48.00      0.00
  1.0000   0.0200      142.8260    3.1064     45.00    105.00    193.00   1319.00      0.00      90.2760    2.0550     25.00     62.00    126.00    774.00      0.00       5.1585    0.1664      0.00      1.00      9.00     45.00      0.00
  0.8000   0.2000       16.6905    0.2578      9.00     14.00     22.00    107.00      0.00       1.3840    0.0162      1.00      1.00      2.00      6.00      0.00      29.1805    0.3794     17.00     26.00     38.00    126.00      0.00
  0.8000   0.1800       18.6680    0.2896     10.00     16.00     24.00    130.00      0.00       1.5475    0.0196      1.00      1.00      2.00     10.00      0.00      28.3450    0.3871     17.00     25.00     37.00    152.00      0.00
  0.8000   0.1600       21.1210    0.3262     11.00     18.00     28.00    114.00      0.00       1.7535    0.0264      1.00      1.00      2.00     20.00      0.00      26.2765    0.3380     15.00     24.00     34.00    102.00      0.00
  0.8000   0.1400       24.2545    0.4022     12.00     20.00     32.00    144.00      0.00       2.0080    0.0284      1.00      2.00      3.00     11.00      0.00      25.0105    0.3457     14.00     23.00     33.00    125.00      0.00
  0.8000   0.1200       28.4815    0.5037     13.00     23.00     37.00    256.00      0.00       2.4085    0.0367      1.00      2.00      3.00     14.00      0.00      23.6610    0.3474     14.00     21.00     31.00    120.00      0.00
  0.8000   0.1000       35.0995    0.6163     15.00     28.00     47.00    185.00      0.00       3.2015    0.0607      1.00      2.00      4.00     35.00      0.00      22.0695    0.3296     13.00     20.00     30.00    133.00      0.00
  0.8000   0.0800       46.1185    0.8966     19.00     35.00     60.00    390.00      0.00       4.8125    0.1139      2.00      3.00      6.00     62.00      0.00      19.9540    0.3079     11.00     18.00     27.00     91.00      0.00
  0.8000   0.0600       65.0670    1.3180     25.00     49.00     88.00    540.00      0.00       9.3295    0.2391      3.00      6.00     11.00    121.00      0.00      17.2530    0.2988      7.00     16.00     24.00     95.00      0.00
  0.8000   0.0400      101.4805    2.1744     32.00     74.00    137.00    865.00      0.00      27.1395    0.6987      6.00     16.00     37.00    280.00      0.00      12.5975    0.2782      2.00     10.00     19.00     82.00      0.00
  0.8000   0.0200      162.1765    3.6606     46.00    110.00    223.00   1206.00      0.00      83.3085    1.9432     21.00     56.00    113.00    607.00      0.00       5.2600    0.1979      0.00      1.00      7.00    108.00      0.00
  0.6000   0.2000       29.4005    0.5223     13.00     24.00     39.00    242.00      0.00       1.3860    0.0158      1.00      1.00      2.00      6.00      0.00      46.7960    0.7619     23.00     38.00     63.00    349.00      0.00
  0.6000   0.1800       33.1795    0.6095     14.00     26.00     44.00    218.00      0.00       1.5060    0.0185      1.00      1.00      2.00      8.00      0.00      44.5760    0.7315     21.00     36.00     61.00    231.00      0.00
  0.6000   0.1600       36.9925    0.6723     16.00     29.00     49.00    258.00      0.00       1.7915    0.0254      1.00      1.00      2.00     11.00      0.00      41.1575    0.6695     20.00     35.00     55.00    246.00      0.00
  0.6000   0.1400       45.0345    0.8531     19.00     36.00     60.00    457.00      0.00       2.0415    0.0312      1.00      2.00      3.00     17.00      0.00      40.5380    0.6792     20.00     33.00     54.00    213.00      0.00
  0.6000   0.1200       53.0440    1.0526     21.00     39.00     72.00    381.00      0.00       2.4520    0.0394      1.00      2.00      3.00     23.00      0.00      37.5310    0.6646     17.00     30.00     50.00    287.00      0.00
  0.6000   0.1000       65.5575    1.2985     25.00     49.00     90.00    526.00      0.00       3.3250    0.0717      1.00      3.00      4.00     63.00      0.00      33.8005    0.6297     14.00     27.00     46.00    192.00      0.00
  0.6000   0.0800       81.7190    1.6501     29.00     59.00    112.00    560.00      0.00       4.7305    0.1057      2.00      4.00      6.00     86.00      0.00      28.7145    0.5315     12.00     23.00     40.00    159.00      0.00
  0.6000   0.0600      107.8600    2.2934     34.00     78.00    148.00    746.00      0.00       8.7330    0.2114      3.00      6.00     11.00     96.00      0.00      23.6290    0.4821      7.00     18.00     34.00    144.00      0.00
  0.6000   0.0400      141.3440    3.1445     42.00     96.00    195.00   1093.00      0.00      26.4790    0.6791      6.00     15.00     37.00    320.00      0.00      14.8770    0.3872      2.00      9.00     22.00    163.00      0.00
  0.6000   0.0200      177.1840    3.9186     49.00    124.00    253.00   1791.00      0.00      84.9510    1.9395     22.00     57.00    118.00    642.00      0.00       4.8880    0.2211      0.00      1.00      5.00    100.00      0.00
  0.4000   0.2000       71.0400    1.4823     25.00     53.00     97.00    554.00      0.00       1.4070    0.0167      1.00      1.00      2.00      7.00      0.00      93.5815    1.8936     34.00     70.00    126.00    880.00      0.00
  0.4000   0.1800       79.8545    1.7751     27.00     56.00    106.00    712.00      0.00       1.5405    0.0191      1.00      1.00      2.00      7.00      0.00      89.6485    1.9403     31.00     65.00    122.00    899.00      0.00
  0.4000   0.1600       89.9620    1.9388     30.00     63.00    124.00    802.00      0.00       1.7745    0.0249      1.00      1.00      2.00      9.00      0.00      81.8060    1.7077     30.00     59.00    111.00    608.00      0.00
  0.4000   0.1400       99.5595    2.0751     31.00     72.00    140.00    697.00      0.00       2.0240    0.0308      1.00      2.00      3.00     18.00      0.00      72.7165    1.4784     25.00     53.00    103.00    583.00      0.00
  0.4000   0.1200      116.7405    2.5084     39.00     83.00    161.00   1064.00      0.00       2.4930    0.0401      1.00      2.00      3.00     21.00      0.00      64.1120    1.3012     22.00     47.00     88.00    418.00      0.00
  0.4000   0.1000      129.8580    2.7743     41.00     92.00    182.00    827.00      0.00       3.1300    0.0568      1.00      2.00      4.00     46.00      0.00      52.3340    1.1262     17.00     37.00     73.00    335.00      0.00
  0.4000   0.0800      140.3120    3.0748     42.00     99.00    199.00   1414.00      0.00       4.6660    0.0958      2.00      4.00      6.00     48.00      0.00      36.5005    0.8137     10.00     25.00     52.00    368.00      0.00
  0.4000   0.0600      164.7835    3.6182     49.00    119.00    221.00   1213.00      0.00       9.3660    0.2413      3.00      6.00     12.00    124.00      0.00      25.0800    0.6053      6.00     17.00     36.00    226.00      0.00
  0.4000   0.0400      183.7245    4.0272     54.00    128.00    258.00   1562.00      0.00      27.0550    0.7178      6.00     15.00     37.00    344.00      0.00      13.0695    0.3697      2.00      7.00     18.00    149.00      0.00
  0.4000   0.0200      199.8355    4.5070     55.00    137.00    279.00   1439.00      0.00      85.3130    2.0029     22.00     58.00    115.00    663.00      0.00       3.7035    0.1688      0.00      1.00      4.00     91.00      0.00
  0.2000   0.2000      161.7750    3.5721     49.00    116.00    218.00   1323.00      0.00       1.4030    0.0173      1.00      1.00      2.00      7.00      0.00     182.3510    4.2144     55.00    127.00    244.00   1918.00      0.00
  0.2000   0.1800      169.0835    4.0501     47.00    108.00    223.00   1422.00      0.00       1.5780    0.0216      1.00      1.00      2.00     10.00      0.00     157.1815    3.8968     42.00     98.00    208.00   1403.00      0.00
  0.2000   0.1600      169.1400    3.7569     53.00    115.00    230.00   1135.00      0.00       1.7520    0.0240      1.00      1.00      2.00      8.00      0.00     126.5870    2.8728     39.00     86.00    173.00    911.00      0.00
  0.2000   0.1400      178.7340    3.9536     50.00    125.00    255.00   1599.00      0.00       2.0525    0.0299      1.00      2.00      3.00     15.00      0.00     103.7655    2.3929     28.00     73.00    147.00   1028.00      0.00
  0.2000   0.1200      177.7465    4.1111     49.00    119.00    244.00   1589.00      0.00       2.4210    0.0378      1.00      2.00      3.00     13.00      0.00      77.7390    1.8551     21.00     50.00    109.00    716.00      0.00
  0.2000   0.1000      183.7850    4.1643     52.00    127.00    255.00   1482.00      0.00       3.2590    0.0587      1.00      3.00      4.00     32.00      0.00      57.1495    1.3621     15.00     39.00     81.00    536.00      0.00
  0.2000   0.0800      188.6840    4.1067     54.00    132.00    270.00   1447.00      0.00       4.8625    0.1063      2.00      4.00      6.00     49.00      0.00      38.2690    0.8758     10.00     26.00     55.00    300.00      0.00
  0.2000   0.0600      201.8720    4.5831     55.00    136.00    286.00   1522.00      0.00       9.2300    0.2422      3.00      6.00     11.00    101.00      0.00      23.6045    0.5859      5.00     15.00     33.00    194.00      0.00
  0.2000   0.0400      199.6120    4.4553     60.00    143.00    274.00   1561.00      0.00      27.0270    0.6841      6.00     16.00     37.00    279.00      0.00      10.8350    0.2877      2.00      6.00     15.00    126.00      0.00
  0.2000   0.0200      197.9000    4.3495     57.00    138.00    270.00   1441.00      0.00      85.9410    2.0197     24.00     56.00    119.00    812.00      0.00       2.8085    0.1059      0.00      1.00      4.00     46.00      0.00
