Amp Radius  OC_Mean OC_Std OC_Q1 OC_Med OC_Q3 OC_Max OC_Min  Exp_Mean Exp_Std Exp_Q1 Exp_Med Exp_Q3 Exp_Max Exp_Min  Num_Mean Num_Std Num_Q1 Num_Med Num_Q3 Num_Max Num_Min
  2.0000   0.2000        4.2960    0.0646      2.00      3.00      5.00     26.00      0.00       2.2500    0.0454      1.00      1.00      3.00     24.00      0.00       9.3650    0.0831      7.00     10.00     12.00     23.00      0.00
  2.0000   0.1800        4.7675    0.0775      2.00      4.00      6.00     35.00      0.00       2.5300    0.0524      1.00      2.00      3.00     34.00      0.00       9.1370    0.0800      7.00     10.00     11.00     24.00      0.00
  2.0000   0.1600        5.2995    0.0842      3.00      4.00      7.00     31.00      0.00       3.0265    0.0606      1.00      2.00      4.00     28.00      0.00       8.9670    0.0771      7.00     10.00     11.00     21.00      0.00
  2.0000   0.1400        6.6275    0.1163      3.00      5.00      8.00     54.00      0.00       3.6460    0.0758      1.00      2.00      5.00     34.00      0.00       8.9525    0.0777      7.00     10.00     11.00     21.00      0.00
  2.0000   0.1200        8.1340    0.1464      4.00      6.00     11.00     49.00      0.00       4.7415    0.0971      2.00      3.00      7.00     35.00      0.00       8.5750    0.0810      6.00     10.00     11.00     21.00      0.00
  2.0000   0.1000       10.1650    0.2022      4.00      8.00     13.00     87.00      0.00       6.3425    0.1411      2.00      4.00      9.00     75.00      0.00       8.5420    0.0777      7.00     10.00     11.00     20.00      0.00
  2.0000   0.0800       14.1670    0.2855      5.00     11.00     19.00    113.00      0.00       9.4585    0.2170      3.00      7.00     13.00     95.00      0.00       8.1740    0.0813      6.00      9.00     11.00     21.00      0.00
  2.0000   0.0600       23.1115    0.5346      7.00     15.00     31.00    230.00      0.00      16.7205    0.4165      5.00     11.00     22.00    204.00      0.00       7.5895    0.0852      6.00      8.00     10.00     21.00      0.00
  2.0000   0.0400       51.5015    1.2077     14.00     34.00     70.00    391.00      0.00      43.2695    1.0493     10.00     28.00     60.00    334.00      0.00       5.9445    0.0964      1.00      7.00     10.00     19.00      0.00
  2.0000   0.0200      112.0500    2.4990     33.00     76.00    156.00   1061.00      0.00     104.6110    2.3823     30.00     71.00    147.00   1061.00      0.00       2.7915    0.0847      0.00      0.00      6.00     16.00      0.00
  1.8000   0.2000        4.7070    0.0739      2.00      4.00      6.00     24.00      0.00       2.2140    0.0441      1.00      1.00      3.00     18.00      0.00       9.9670    0.0847      8.00     10.00     12.00     24.00      0.00
  1.8000   0.1800        5.1760    0.0860      3.00      4.00      7.00     46.00      0.00       2.5585    0.0509      1.00      2.00      3.00     19.00      0.00       9.6440    0.0844      7.00     10.00     12.00     27.00      0.00
  1.8000   0.1600        5.8770    0.1013      3.00      5.00      8.00     46.00      0.00       2.9245    0.0627      1.00      2.00      4.00     32.00      0.00       9.6200    0.0834      8.00     10.00     12.00     22.00      0.00
  1.8000   0.1400        7.1785    0.1269      3.00      6.00      9.00     79.00      0.00       3.6650    0.0741      1.00      3.00      5.00     22.00      0.00       9.4730    0.0808      7.00     10.00     12.00     22.00      0.00
  1.8000   0.1200        8.8270    0.1615      4.00      7.00     12.00     67.00      0.00       4.6590    0.0982      1.00      3.00      6.00     41.00      0.00       9.2675    0.0794      7.00     10.00     11.00     25.00      0.00
  1.8000   0.1000       11.4235    0.2230      5.00      9.00     15.00     97.00      0.00       6.3170    0.1375      2.00      4.00      9.00     57.00      0.00       8.8050    0.0833      7.00     10.00     11.00     23.00      0.00
  1.8000   0.0800       15.7880    0.3198      6.00     12.00     21.00    120.00      0.00       9.1585    0.2018      3.00      7.00     13.00     74.00      0.00       8.5980    0.0861      7.00     10.00     11.00     26.00      0.00
  1.8000   0.0600       26.5275    0.5547      9.00     19.00     37.00    239.00      0.00      18.1060    0.4184      5.00     13.00     24.00    167.00      0.00       7.8575    0.0908      6.00      9.00     11.00     22.00      0.00
  1.8000   0.0400       54.3090    1.2525     15.00     36.00     74.00    500.00      0.00      43.1070    1.0442     10.00     28.00     60.00    403.00      0.00       6.3400    0.1028      1.00      7.00     10.00     23.00      0.00
  1.8000   0.0200      119.2190    2.6803     34.00     81.00    167.00    899.00      0.00     107.9665    2.4013     30.00     74.00    154.00    797.00      0.00       3.0770    0.0930      0.00      0.00      6.00     21.00      0.00
  1.6000   0.2000        5.2960    0.0836      3.00      4.00      7.00     38.00      0.00       2.2800    0.0447      1.00      1.00      3.00     15.00      0.00      10.8020    0.0935      9.00     11.00     13.00     31.00      0.00
  1.6000   0.1800        5.9330    0.0953      3.00      5.00      8.00     41.00      0.00       2.6185    0.0532      1.00      2.00      3.00     29.00      0.00      10.6070    0.0908      8.00     11.00     13.00     31.00      0.00
  1.6000   0.1600        6.6175    0.1157      3.00      5.00      9.00     55.00      0.00       2.8805    0.0575      1.00      2.00      4.00     31.00      0.00      10.3810    0.0909      8.00     11.00     12.00     31.00      0.00
  1.6000   0.1400        7.7150    0.1362      3.00      6.00     10.00     45.00      0.00       3.5335    0.0731      1.00      2.00      5.00     30.00      0.00      10.2195    0.0915      8.00     10.00     12.00     27.00      0.00
  1.6000   0.1200        9.6150    0.1716      4.00      8.00     13.00     62.00      0.00       4.4005    0.0882      1.00      3.00      6.00     31.00      0.00      10.0740    0.0923      8.00     10.00     12.00     27.00      0.00
  1.6000   0.1000       12.3255    0.2386      5.00      9.00     16.00     89.00      0.00       6.0800    0.1276      2.00      4.00      8.00     69.00      0.00       9.6200    0.0927      8.00     10.00     12.00     29.00      0.00
  1.6000   0.0800       17.4220    0.3475      7.00     13.00     23.00    142.00      0.00       9.3980    0.2038      3.00      7.00     13.00     80.00      0.00       9.0585    0.0966      7.00     10.00     11.00     24.00      0.00
  1.6000   0.0600       28.2935    0.6217     10.00     20.00     38.00    276.00      0.00      17.8410    0.4328      5.00     12.00     24.00    276.00      0.00       8.5330    0.1038      6.00     10.00     11.00     24.00      0.00
  1.6000   0.0400       59.0860    1.3487     18.00     40.00     79.00    596.00      0.00      43.8900    1.0423     12.00     30.00     61.00    383.00      0.00       6.8300    0.1132      1.00      8.00     11.00     23.00      0.00
  1.6000   0.0200      126.6125    2.8415     35.00     87.00    177.00    900.00      0.00     111.7295    2.5909     29.00     75.00    154.00    869.00      0.00       3.0660    0.0998      0.00      0.00      7.00     21.00      0.00
  1.4000   0.2000        6.0760    0.0988      3.00      5.00      8.00     42.00      0.00       2.3000    0.0459      1.00      1.00      3.00     17.00      0.00      12.2070    0.1099     10.00     12.00     15.00     34.00      0.00
  1.4000   0.1800        6.7480    0.1189      3.00      5.00      8.00     53.00      0.00       2.5085    0.0508      1.00      2.00      3.00     19.00      0.00      11.8555    0.1110      9.00     11.00     14.00     33.00      0.00
  1.4000   0.1600        7.8215    0.1383      4.00      6.00     10.00     72.00      0.00       2.9720    0.0623      1.00      2.00      4.00     21.00      0.00      11.6835    0.1099      9.00     11.00     14.00     33.00      0.00
  1.4000   0.1400        9.2870    0.1703      4.00      7.00     12.00     67.00      0.00       3.6135    0.0754      1.00      2.00      5.00     31.00      0.00      11.3985    0.1056      9.00     11.00     14.00     31.00      0.00
  1.4000   0.1200       11.7530    0.2190      5.00      9.00     15.00     84.00      0.00       4.6680    0.0980      1.00      3.00      6.00     37.00      0.00      11.1995    0.1090      9.00     11.00     14.00     36.00      0.00
  1.4000   0.1000       14.9420    0.2972      6.00     11.00     19.00    132.00      0.00       6.1765    0.1347      2.00      4.00      9.00     74.00      0.00      10.8060    0.1078      9.00     11.00     13.00     32.00      0.00
  1.4000   0.0800       20.3255    0.4284      8.00     15.00     27.00    204.00      0.00       9.0285    0.2061      3.00      7.00     12.00     97.00      0.00      10.2580    0.1104      8.00     11.00     13.00     28.00      0.00
  1.4000   0.0600       33.4650    0.6922     11.00     24.00     46.00    258.00      0.00      18.4385    0.4474      5.00     12.00     25.00    199.00      0.00       9.5860    0.1208      7.00     10.00     13.00     31.00      0.00
  1.4000   0.0400       65.3235    1.4767     18.00     46.00     90.00    731.00      0.00      43.6880    1.0291     11.00     29.00     62.00    431.00      0.00       7.4680    0.1327      1.00      8.00     11.00     31.00      0.00
  1.4000   0.0200      130.4465    2.8699     38.00     92.00    182.00    955.00      0.00     109.1215    2.4209     31.00     75.00    155.00    955.00      0.00       3.6100    0.1207      0.00      0.00      7.00     30.00      0.00
  1.2000   0.2000        7.2345    0.1252      4.00      6.00      9.00     59.00      0.00       2.2815    0.0449      1.00      1.00      3.00     17.00      0.00      14.1860    0.1393     10.00     13.00     18.00     46.00      0.00
  1.2000   0.1800        7.6480    0.1308      4.00      6.00     10.00     50.00      0.00       2.4640    0.0512      1.00      2.00      3.00     18.00      0.00      13.7935    0.1381     10.00     13.00     17.00     47.00      0.00
  1.2000   0.1600        9.4545    0.1685      4.00      7.00     12.00     61.00      0.00       3.0850    0.0666      1.00      2.00      4.00     42.00      0.00      13.7220    0.1392     10.00     13.00     17.00     53.00      0.00
  1.2000   0.1400       11.0045    0.1971      5.00      9.00     14.00     74.00      0.00       3.6180    0.0750      1.00      2.00      5.00     29.00      0.00      13.4450    0.1346     10.00     13.00     17.00     44.00      0.00
  1.2000   0.1200       13.6735    0.2582      6.00     10.00     18.00     88.00      0.00       4.4995    0.0921      1.00      3.00      6.00     35.00      0.00      12.9645    0.1399     10.00     12.00     17.00     45.00      0.00
  1.2000   0.1000       17.5115    0.3535      7.00     13.00     23.00    174.00      0.00       6.2015    0.1285      2.00      4.00      9.00     48.00      0.00      12.6400    0.1397      9.00     12.00     16.00     35.00      0.00
  1.2000   0.0800       24.4540    0.5345      9.00     18.00     32.00    263.00      0.00       9.6915    0.2328      3.00      7.00     13.00    138.00      0.00      11.8075    0.1416      9.00     11.00     15.00     48.00      0.00
  1.2000   0.0600       39.7195    0.8712     13.00     27.00     54.00    334.00      0.00      18.1690    0.4387      5.00     13.00     24.00    193.00      0.00      10.9450    0.1552      7.00     11.00     15.00     52.00      0.00
  1.2000   0.0400       73.2590    1.5857     22.00     50.00    101.00    585.00      0.00      42.5440    0.9807     11.00     29.00     60.00    382.00      0.00       8.5045    0.1638      1.00      9.00     13.00     37.00      0.00
  1.2000   0.0200      139.4120    3.1725     40.00     94.00    191.00   1069.00      0.00     110.7525    2.5775     31.00     75.00    154.00    946.00      0.00       3.8125    0.1385      0.00      0.00      7.00     32.00      0.00
  1.0000   0.2000        8.9570    0.1610      4.00      7.00     11.00     64.00      0.00       2.2650    0.0470      1.00      1.00      3.00     19.00      0.00      17.5965    0.1940     12.00     16.00     23.00     57.00      0.00
  1.0000   0.1800        9.9545    0.1665      5.00      8.00     13.00     57.00      0.00       2.5585    0.0505      1.00      2.00      3.00     26.00      0.00      17.3750    0.1869     12.00     16.00     22.00     52.00      0.00
  1.0000   0.1600       11.6795    0.2178      5.00      9.00     15.00     84.00      0.00       3.0435    0.0616      1.00      2.00      4.00     25.00      0.00      17.0255    0.1894     11.00     16.00     22.00     55.00      0.00
  1.0000   0.1400       13.9895    0.2528      6.00     11.00     19.00     79.00      0.00       3.7110    0.0754      1.00      3.00      5.00     25.00      0.00      16.4145    0.1874     11.00     15.00     22.00     53.00      0.00
  1.0000   0.1200       16.9295    0.3205      7.00     13.00     22.00     97.00      0.00       4.5875    0.0951      1.00      3.00      6.00     31.00      0.00      15.9720    0.1896     11.00     15.00     21.00     59.00      0.00
  1.0000   0.1000       22.0430    0.4449      8.00     16.00     30.00    211.00      0.00       6.0825    0.1327      2.00      4.00      8.00     59.00      0.00      15.4735    0.1923     10.00     15.00     21.00     56.00      0.00
  1.0000   0.0800       30.5095    0.6081     11.00     22.00     41.00    195.00      0.00       9.1250    0.2145      3.00      6.00     12.00     97.00      0.00      14.6895    0.1963     10.00     14.00     20.00     49.00      0.00
  1.0000   0.0600       49.9385    1.0777     16.00     35.00     68.00    332.00      0.00      18.2345    0.4501      5.00     12.00     25.00    228.00      0.00      12.9855    0.2129      5.00     12.00     19.00     49.00      0.00
  1.0000   0.0400       82.0550    1.8350     23.00     56.00    113.00    578.00      0.00      41.0040    0.9751     11.00     27.00     57.00    342.00      0.00       9.9840    0.2143      1.00      9.00     17.00     49.00      0.00
  1.0000   0.0200      142.7750    3.0665     42.00    102.00    199.00    870.00      0.00     108.6645    2.4266     29.00     77.00    151.00    702.00      0.00       4.3950    0.1754      0.00      0.00      5.00     42.00      0.00
  0.8000   0.2000       11.7400    0.2078      5.00      9.00     15.00    102.00      0.00       2.2285    0.0464      1.00      1.00      3.00     23.00      0.00      23.8485    0.2848     15.00     22.00     32.00    112.00      0.00
  0.8000   0.1800       13.6765    0.2481      6.00     11.00     18.00     94.00      0.00       2.6310    0.0518      1.00      2.00      3.00     16.00      0.00      22.7260    0.2731     14.00     21.00     30.00     73.00      0.00
  0.8000   0.1600       15.8550    0.2980      7.00     12.00     21.00    150.00      0.00       2.9500    0.0609      1.00      2.00      4.00     27.00      0.00      23.5845    0.2858     15.00     22.00     31.00     79.00      0.00
  0.8000   0.1400       19.3880    0.3738      8.00     14.00     26.00    145.00      0.00       3.7445    0.0783      1.00      2.00      5.00     28.00      0.00      22.2300    0.2836     13.00     21.00     30.00     96.00      0.00
  0.8000   0.1200       22.6395    0.4574      8.00     16.00     30.00    167.00      0.00       4.5070    0.0908      1.00      3.00      6.00     31.00      0.00      21.3870    0.2812     12.00     20.00     29.00     69.00      0.00
  0.8000   0.1000       31.3830    0.6249     11.00     23.00     43.00    185.00      0.00       6.4495    0.1385      2.00      5.00      9.00     72.00      0.00      21.3170    0.2937     12.00     20.00     29.00     94.00      0.00
  0.8000   0.0800       42.3975    0.8906     15.00     30.00     58.00    345.00      0.00       9.5945    0.2191      3.00      7.00     13.00     86.00      0.00      18.9905    0.2881     10.00     18.00     27.00     71.00      0.00
  0.8000   0.0600       60.7655    1.3713     20.00     42.00     80.00    678.00      0.00      17.3235    0.4189      5.00     11.00     23.00    164.00      0.00      16.7185    0.3014      5.00     15.00     26.00     98.00      0.00
  0.8000   0.0400       98.2595    2.2031     28.00     65.00    137.00    847.00      0.00      41.4875    1.0016     10.00     27.00     58.00    470.00      0.00      11.9575    0.2954      1.00      7.00     20.00     71.00      0.00
  0.8000   0.0200      160.4535    3.6472     46.00    110.00    217.00   1246.00      0.00     108.3010    2.4932     31.00     74.00    151.00    848.00      0.00       4.9540    0.2191      0.00      0.00      4.00     76.00      0.00
  0.6000   0.2000       18.0870    0.3297      8.00     14.00     24.00    131.00      0.00       2.2350    0.0459      1.00      1.00      3.00     19.00      0.00      36.4765    0.4933     21.00     33.00     49.00    163.00      0.00
  0.6000   0.1800       20.9120    0.3769      9.00     16.00     28.00    126.00      0.00       2.5910    0.0539      1.00      2.00      3.00     19.00      0.00      35.9955    0.4964     20.00     33.00     48.00    159.00      0.00
  0.6000   0.1600       24.4440    0.4774     10.00     19.00     32.00    190.00      0.00       2.9870    0.0619      1.00      2.00      4.00     22.00      0.00      34.0010    0.4801     19.00     31.00     46.00    143.00      0.00
  0.6000   0.1400       28.0430    0.5584     11.00     21.00     37.00    211.00      0.00       3.6590    0.0759      1.00      3.00      5.00     26.00      0.00      33.0045    0.4997     17.00     29.00     45.00    156.00      0.00
  0.6000   0.1200       34.7475    0.7063     13.00     26.00     47.00    316.00      0.00       4.7270    0.1036      1.00      3.00      7.00     56.00      0.00      31.5745    0.4820     15.00     29.00     44.00    147.00      0.00
  0.6000   0.1000       45.0605    0.9148     16.00     33.00     60.00    445.00      0.00       6.1865    0.1346      2.00      5.00      8.00     57.00      0.00      30.0185    0.4998     13.00     26.00     42.00    164.00      0.00
  0.6000   0.0800       56.9290    1.2111     19.00     40.00     78.00    458.00      0.00       9.3630    0.2111      3.00      7.00     13.00    122.00      0.00      26.9300    0.4785      9.00     24.00     39.00    126.00      0.00
  0.6000   0.0600       84.1250    1.8283     26.00     58.00    114.00    647.00      0.00      17.6110    0.4108      5.00     12.00     23.00    146.00      0.00      22.4175    0.4813      4.00     18.00     34.00    136.00      0.00
  0.6000   0.0400      126.6445    2.8518     39.00     88.00    173.00   1190.00      0.00      44.4000    1.0864     11.00     30.00     61.00    494.00      0.00      14.3280    0.4457      1.00      5.00     23.00    208.00      0.00
  0.6000   0.0200      170.8005    3.7872     50.00    114.00    234.00   1429.00      0.00     111.9540    2.5830     32.00     78.00    151.00    795.00      0.00       5.6585    0.3005      0.00      0.00      3.00    142.00      0.00
  0.4000   0.2000       35.1880    0.6650     14.00     27.00     48.00    362.00      0.00       2.2190    0.0434      1.00      1.00      3.00     20.00      0.00      67.4090    1.1464     31.00     58.00     93.00    571.00      0.00
  0.4000   0.1800       40.1470    0.7807     16.00     31.00     54.00    375.00      0.00       2.5000    0.0504      1.00      2.00      3.00     21.00      0.00      67.8750    1.1031     32.00     58.00     95.00    425.00      0.00
  0.4000   0.1600       44.5745    0.8806     17.00     33.00     60.00    350.00      0.00       2.9840    0.0606      1.00      2.00      4.00     22.00      0.00      63.3215    1.1150     26.00     54.00     88.00    511.00      0.00
  0.4000   0.1400       52.7730    1.0310     19.00     39.00     73.00    418.00      0.00       3.7025    0.0759      1.00      3.00      5.00     26.00      0.00      58.6620    1.0490     22.00     49.00     84.00    347.00      0.00
  0.4000   0.1200       61.4215    1.2110     23.00     46.00     84.00    373.00      0.00       4.6255    0.0941      1.00      3.00      6.00     38.00      0.00      54.4225    1.0305     19.00     45.00     76.00    321.00      0.00
  0.4000   0.1000       75.8110    1.6034     26.00     55.00    101.00    566.00      0.00       6.1860    0.1311      2.00      4.00      9.00     66.00      0.00      49.8855    1.0187     13.00     40.00     75.00    343.00      0.00
  0.4000   0.0800       98.8785    2.2154     32.00     69.00    135.00   1125.00      0.00       9.1515    0.2103      3.00      7.00     12.00    101.00      0.00      40.9285    0.9628      7.00     29.00     61.00    292.00      0.00
  0.4000   0.0600      127.0870    2.8453     39.00     88.00    177.00   1003.00      0.00      18.2600    0.4299      5.00     12.00     25.00    199.00      0.00      31.3165    0.8850      3.00     15.00     46.00    309.00      0.00
  0.4000   0.0400      152.8660    3.3492     47.00    104.00    211.00   1199.00      0.00      42.3170    0.9684     11.00     29.00     59.00    450.00      0.00      17.4395    0.6537      1.00      4.00     20.00    207.00      0.00
  0.4000   0.0200      186.7365    4.3750     50.00    125.00    263.00   1557.00      0.00     107.7230    2.4971     28.00     72.00    154.00    855.00      0.00       5.6880    0.3741      0.00      0.00      3.00    167.00      0.00
  0.2000   0.2000      112.7130    2.5443     34.00     76.00    154.00   1121.00      0.00       2.2725    0.0452      1.00      1.00      3.00     17.00      0.00     164.4490    3.9038     44.00    111.00    227.00   1611.00      0.00
  0.2000   0.1800      121.6405    2.7272     38.00     85.00    162.00   1014.00      0.00       2.5880    0.0518      1.00      2.00      3.00     17.00      0.00     149.9165    3.3572     41.00    106.00    211.00   1048.00      0.00
  0.2000   0.1600      133.0990    2.9340     41.00     92.00    180.00    953.00      0.00       3.0470    0.0637      1.00      2.00      4.00     26.00      0.00     133.4630    3.1070     33.00     91.00    185.00   1117.00      0.00
  0.2000   0.1400      138.6460    2.9276     44.00    104.00    190.00    997.00      0.00       3.6895    0.0807      1.00      3.00      5.00     60.00      0.00     111.3660    2.6036     27.00     77.00    160.00    935.00      0.00
  0.2000   0.1200      147.7205    3.2429     41.00    104.00    209.00   1002.00      0.00       4.3575    0.0897      1.00      3.00      6.00     37.00      0.00      90.6995    2.3104     16.00     56.00    129.00    840.00      0.00
  0.2000   0.1000      154.0715    3.4740     42.00    104.00    218.00   1145.00      0.00       6.2550    0.1349      2.00      4.00      9.00     86.00      0.00      65.0350    1.8118     10.00     35.00     90.00    935.00      0.00
  0.2000   0.0800      168.5360    3.6157     50.00    120.00    234.00   1224.00      0.00       9.5220    0.2227      3.00      7.00     13.00    124.00      0.00      47.1995    1.4043      6.00     22.00     62.00    714.00      0.00
  0.2000   0.0600      180.8000    4.1067     51.00    124.00    245.00   1163.00      0.00      18.9160    0.4631      5.00     13.00     25.00    247.00      0.00      28.8945    1.0479      3.00     10.00     35.00    433.00      0.00
  0.2000   0.0400      197.3845    4.3508     61.00    139.00    274.00   1630.00      0.00      42.4760    0.9774     11.00     28.00     58.00    422.00      0.00      14.9370    0.6829      1.00      4.00     15.00    397.00      0.00
  0.2000   0.0200      194.3605    4.5112     55.00    127.00    265.00   1702.00      0.00     106.1115    2.4825     29.00     73.00    145.00    886.00      0.00       3.1545    0.2507      0.00      0.00      2.00    206.00      0.00
