Amp Radius  OC_Mean OC_Std OC_Q1 OC_Med OC_Q3 OC_Max OC_Min  Exp_Mean Exp_Std Exp_Q1 Exp_Med Exp_Q3 Exp_Max Exp_Min  Num_Mean Num_Std Num_Q1 Num_Med Num_Q3 Num_Max Num_Min
  2.0000   0.2000        5.0755    0.0655      3.00      5.00      7.00     32.00      0.00       1.1900    0.0220      1.00      1.00      1.00     25.00      0.00       5.8170    0.0696      4.00      5.00      8.00     20.00      0.00
  2.0000   0.1800        5.5065    0.0756      3.00      5.00      7.00     66.00      0.00       1.3225    0.0370      1.00      1.00      1.00     57.00      0.00       5.3660    0.0630      3.00      5.00      7.00     19.00      0.00
  2.0000   0.1600        6.3315    0.0962      4.00      5.00      8.00     66.00      0.00       1.5430    0.0331      1.00      1.00      2.00     27.00      0.00       5.0525    0.0592      3.00      5.00      7.00     18.00      0.00
  2.0000   0.1400        7.0940    0.1115      4.00      6.00      9.00     94.00      0.00       1.9105    0.0433      1.00      1.00      2.00     37.00      0.00       4.6120    0.0567      3.00      4.00      6.00     18.00      0.00
  2.0000   0.1200        8.7410    0.1651      5.00      7.00     11.00     93.00      0.00       2.8870    0.0938      1.00      2.00      3.00     84.00      0.00       4.3845    0.0524      3.00      4.00      6.00     19.00      0.00
  2.0000   0.1000       11.5415    0.2362      5.00      9.00     14.00    127.00      0.00       4.7105    0.1671      1.00      2.00      5.00    117.00      0.00       4.2215    0.0518      3.00      4.00      5.00     17.00      0.00
  2.0000   0.0800       17.3720    0.3609      7.00     12.00     23.00    162.00      0.00       8.7080    0.2561      2.00      4.00     11.00    135.00      0.00       3.9550    0.0490      2.00      4.00      5.00     16.00      0.00
  2.0000   0.0600       27.1455    0.5902      9.00     18.00     36.00    293.00      0.00      15.5810    0.4228      3.00      9.00     21.00    154.00      0.00       3.7935    0.0498      2.00      4.00      5.00     14.00      0.00
  2.0000   0.0400       49.1010    1.0857     16.00     34.00     66.00    474.00      0.00      33.0670    0.8001      8.00     22.00     46.00    296.00      0.00       3.2915    0.0535      2.00      3.00      5.00     16.00      0.00
  2.0000   0.0200      102.4370    2.2771     30.00     69.00    142.00    814.00      0.00      80.1765    1.9189     21.00     52.00    109.00    780.00      0.00       2.1135    0.0525      0.00      1.00      4.00     14.00      0.00
  1.8000   0.2000        6.1070    0.0763      4.00      6.00      8.00     39.00      0.00       1.1685    0.0138      1.00      1.00      1.00     14.00      0.00       7.1690    0.0875      4.00      7.00      9.00     25.00      0.00
  1.8000   0.1800        6.6480    0.0864      4.00      6.00      8.00     29.00      0.00       1.3255    0.0237      1.00      1.00      1.00     17.00      0.00       6.4935    0.0797      4.00      6.00      8.00     25.00      0.00
  1.8000   0.1600        7.3700    0.0968      4.00      7.00      9.00     41.00      0.00       1.5380    0.0341      1.00      1.00      2.00     30.00      0.00       5.9490    0.0720      4.00      5.00      8.00     20.00      0.00
  1.8000   0.1400        8.8135    0.1405      5.00      7.00     11.00     58.00      0.00       2.0035    0.0556      1.00      1.00      2.00     44.00      0.00       5.6525    0.0708      3.00      5.00      7.00     24.00      0.00
  1.8000   0.1200       10.4875    0.1808      6.00      9.00     13.00    111.00      0.00       2.9895    0.0937      1.00      2.00      3.00     50.00      0.00       5.2370    0.0640      3.00      5.00      7.00     21.00      0.00
  1.8000   0.1000       14.0480    0.2736      6.00     11.00     17.00    124.00      0.00       4.9015    0.1566      1.00      2.00      5.00     83.00      0.00       5.1145    0.0655      3.00      5.00      7.00     22.00      0.00
  1.8000   0.0800       19.9810    0.4022      8.00     15.00     26.00    136.00      0.00       8.6435    0.2505      2.00      4.00     11.00    121.00      0.00       4.7305    0.0611      3.00      4.00      6.00     20.00      0.00
  1.8000   0.0600       31.5990    0.6677     11.00     23.00     41.00    232.00      0.00      16.4400    0.4301      3.00     10.00     23.00    144.00      0.00       4.5330    0.0637      3.00      4.00      6.00     17.00      0.00
  1.8000   0.0400       52.7885    1.1077     18.00     38.00     73.00    385.00      0.00      31.4695    0.7770      7.00     21.00     43.00    385.00      0.00       3.7655    0.0654      1.00      3.00      6.00     21.00      0.00
  1.8000   0.0200      110.8795    2.4990     32.00     74.00    153.00    795.00      0.00      79.5700    1.8454     21.00     52.00    113.00    767.00      0.00       2.3395    0.0614      0.00      1.00      4.00     17.00      0.00
  1.6000   0.2000        7.5410    0.0922      5.00      7.00      9.00     36.00      0.00       1.1615    0.0148      1.00      1.00      1.00     19.00      0.00       8.8590    0.1081      5.00      8.00     12.00     34.00      0.00
  1.6000   0.1800        8.1590    0.1073      5.00      7.00     11.00     38.00      0.00       1.3265    0.0238      1.00      1.00      1.00     27.00      0.00       7.8845    0.0997      5.00      7.00     10.00     31.00      0.00
  1.6000   0.1600        9.1840    0.1274      5.00      8.00     12.00     42.00      0.00       1.5525    0.0348      1.00      1.00      2.00     35.00      0.00       7.4745    0.0978      4.00      7.00     10.00     35.00      0.00
  1.6000   0.1400       10.4745    0.1555      6.00      9.00     13.00     83.00      0.00       1.9340    0.0454      1.00      1.00      2.00     27.00      0.00       6.9545    0.0912      4.00      6.00      9.00     27.00      0.00
  1.6000   0.1200       12.6765    0.2106      7.00     10.00     16.00     85.00      0.00       2.8130    0.0823      1.00      2.00      3.00     47.00      0.00       6.4270    0.0825      4.00      6.00      8.00     36.00      0.00
  1.6000   0.1000       17.4355    0.3309      8.00     13.00     22.00    151.00      0.00       4.9435    0.1549      1.00      2.00      5.00     74.00      0.00       6.2300    0.0824      4.00      6.00      8.00     24.00      0.00
  1.6000   0.0800       23.6915    0.4673     10.00     17.00     31.00    185.00      0.00       8.7990    0.2476      2.00      5.00     11.00    134.00      0.00       5.8980    0.0790      4.00      5.00      8.00     24.00      0.00
  1.6000   0.0600       36.3925    0.7635     13.00     27.00     48.00    282.00      0.00      15.8455    0.4198      3.00      9.00     22.00    173.00      0.00       5.4810    0.0806      3.00      5.00      7.00     29.00      0.00
  1.6000   0.0400       63.5300    1.3687     21.00     43.00     88.00    484.00      0.00      33.6745    0.8400      8.00     21.00     45.00    299.00      0.00       4.6750    0.0850      2.00      4.00      7.00     23.00      0.00
  1.6000   0.0200      115.4495    2.7069     30.00     78.00    162.00   1056.00      0.00      74.2565    1.7660     18.00     47.00    105.00    555.00      0.00       2.6435    0.0729      0.00      1.00      4.00     20.00      0.00
  1.4000   0.2000        9.6335    0.1298      6.00      9.00     12.00     62.00      0.00       1.1725    0.0128      1.00      1.00      1.00     10.00      0.00      11.2575    0.1492      7.00     10.00     15.00     47.00      0.00
  1.4000   0.1800       10.5025    0.1502      6.00      9.00     14.00     70.00      0.00       1.3345    0.0236      1.00      1.00      1.00     18.00      0.00      10.1925    0.1390      6.00      9.00     13.00     47.00      0.00
  1.4000   0.1600       11.7520    0.1796      6.00     10.00     15.00     76.00      0.00       1.5810    0.0440      1.00      1.00      2.00     54.00      0.00       9.2750    0.1283      5.00      8.00     12.00     40.00      0.00
  1.4000   0.1400       13.5285    0.2026      7.00     12.00     18.00     70.00      0.00       1.9225    0.0537      1.00      1.00      2.00     41.00      0.00       8.9665    0.1223      5.00      8.00     12.00     47.00      0.00
  1.4000   0.1200       16.1790    0.2628      8.00     13.00     21.00    114.00      0.00       2.8195    0.0819      1.00      2.00      3.00     43.00      0.00       8.3095    0.1155      5.00      8.00     11.00     50.00      0.00
  1.4000   0.1000       20.9885    0.3785     10.00     16.00     27.00    125.00      0.00       4.9810    0.1582      1.00      2.00      6.00     81.00      0.00       7.8280    0.1127      4.00      7.00     10.00     32.00      0.00
  1.4000   0.0800       28.8110    0.5678     12.00     21.00     38.00    200.00      0.00       8.4030    0.2445      2.00      4.00     11.00    108.00      0.00       7.3060    0.1094      4.00      7.00     10.00     41.00      0.00
  1.4000   0.0600       43.2855    0.9083     15.00     30.00     57.00    353.00      0.00      15.4020    0.4079      3.00      9.00     21.00    178.00      0.00       6.7515    0.1058      3.00      6.00      9.00     29.00      0.00
  1.4000   0.0400       75.5905    1.5826     25.00     55.00    103.00    553.00      0.00      33.8335    0.8227      7.00     21.00     47.00    224.00      0.00       5.7660    0.1101      2.00      5.00      9.00     37.00      0.00
  1.4000   0.0200      132.2035    2.9266     39.00     90.00    182.00    929.00      0.00      79.1435    1.8363     22.00     54.00    107.00    710.00      0.00       3.1655    0.0919      0.00      1.00      5.00     32.00      0.00
  1.2000   0.2000       12.7615    0.1811      7.00     11.00     17.00     68.00      0.00       1.1955    0.0183      1.00      1.00      1.00     27.00      0.00      14.8405    0.2070      8.00     13.00     20.00     70.00      0.00
  1.2000   0.1800       14.2180    0.2112      8.00     12.00     18.00     72.00      0.00       1.3175    0.0243      1.00      1.00      1.00     19.00      0.00      13.8630    0.1994      8.00     12.00     19.00     62.00      0.00
  1.2000   0.1600       16.0650    0.2500      8.00     14.00     21.00     86.00      0.00       1.5555    0.0338      1.00      1.00      2.00     24.00      0.00      12.7940    0.1863      7.00     11.00     17.00     59.00      0.00
  1.2000   0.1400       18.5190    0.2933      9.00     15.00     24.00    106.00      0.00       1.9665    0.0509      1.00      1.00      2.00     31.00      0.00      12.1345    0.1820      6.00     10.00     16.00     76.00      0.00
  1.2000   0.1200       22.0785    0.3622     11.00     18.00     29.00    157.00      0.00       2.8825    0.0819      1.00      2.00      3.00     39.00      0.00      11.4410    0.1708      6.00     10.00     15.00     60.00      0.00
  1.2000   0.1000       27.9605    0.5323     12.00     22.00     36.00    179.00      0.00       4.9595    0.1641      1.00      2.00      5.00     91.00      0.00      10.5055    0.1631      5.00      9.00     14.00     62.00      0.00
  1.2000   0.0800       38.3350    0.7435     15.00     29.00     51.00    327.00      0.00       9.0020    0.2664      2.00      4.00     11.00    114.00      0.00      10.1110    0.1623      5.00      9.00     14.00     60.00      0.00
  1.2000   0.0600       54.4890    1.1302     19.00     38.00     73.00    375.00      0.00      15.7665    0.4497      3.00      9.00     21.00    233.00      0.00       8.8490    0.1548      4.00      8.00     12.00     49.00      0.00
  1.2000   0.0400       86.3980    1.9367     27.00     59.00    113.00    687.00      0.00      32.5730    0.8140      7.00     20.00     46.00    402.00      0.00       6.7940    0.1422      1.00      5.00     10.00     40.00      0.00
  1.2000   0.0200      150.5030    3.3680     45.00    103.00    208.00   1393.00      0.00      80.4095    1.8318     22.00     56.00    111.00    639.00      0.00       3.3575    0.1061      0.00      1.00      5.00     35.00      0.00
  1.0000   0.2000       18.3920    0.2856      9.00     16.00     24.00    125.00      0.00       1.1675    0.0141      1.00      1.00      1.00     12.00      0.00      21.4780    0.3264     11.00     18.00     29.00    121.00      0.00
  1.0000   0.1800       21.4035    0.3558     11.00     18.00     28.00    174.00      0.00       1.3200    0.0233      1.00      1.00      1.00     25.00      0.00      20.7000    0.3343     10.00     17.00     27.00    151.00      0.00
  1.0000   0.1600       24.1075    0.4110     11.00     20.00     32.00    155.00      0.00       1.5180    0.0302      1.00      1.00      2.00     25.00      0.00      19.0135    0.3057      9.00     16.00     26.00    118.00      0.00
  1.0000   0.1400       27.9765    0.4997     13.00     22.00     36.00    209.00      0.00       1.9670    0.0545      1.00      1.00      2.00     36.00      0.00      17.9765    0.2902      9.00     15.00     24.00     89.00      0.00
  1.0000   0.1200       32.6200    0.6037     14.00     26.00     43.00    247.00      0.00       2.9555    0.0913      1.00      2.00      3.00     69.00      0.00      16.2880    0.2784      7.00     13.00     22.00     95.00      0.00
  1.0000   0.1000       42.0095    0.7759     17.00     33.00     57.00    259.00      0.00       4.9690    0.1762      1.00      2.00      6.00    122.00      0.00      15.7160    0.2678      7.00     13.00     22.00     92.00      0.00
  1.0000   0.0800       53.6160    1.0835     21.00     40.00     72.00    547.00      0.00       8.7770    0.2468      2.00      4.00     11.00     91.00      0.00      14.0205    0.2503      6.00     12.00     19.00     82.00      0.00
  1.0000   0.0600       74.8380    1.5505     26.00     54.00    103.00    571.00      0.00      16.0210    0.4422      3.00      9.00     22.00    218.00      0.00      12.2000    0.2375      5.00     10.00     17.00     82.00      0.00
  1.0000   0.0400      108.0220    2.3887     35.00     76.00    145.00    898.00      0.00      32.7100    0.7956      7.00     20.00     46.00    336.00      0.00       8.6230    0.1988      2.00      6.00     13.00     64.00      0.00
  1.0000   0.0200      160.8730    3.3662     50.00    118.00    230.00   1440.00      0.00      79.8550    1.7686     22.00     55.00    112.00    468.00      0.00       3.5015    0.1201      0.00      1.00      5.00     43.00      0.00
  0.8000   0.2000       31.2375    0.5784     13.00     25.00     40.00    231.00      0.00       1.1910    0.0169      1.00      1.00      1.00     22.00      0.00      35.0030    0.6090     15.00     29.00     47.00    222.00      0.00
  0.8000   0.1800       35.2680    0.6440     15.00     28.00     46.00    231.00      0.00       1.3195    0.0219      1.00      1.00      1.00     19.00      0.00      33.0195    0.5825     15.00     26.00     44.00    183.00      0.00
  0.8000   0.1600       41.1815    0.7918     17.00     32.00     54.00    341.00      0.00       1.6270    0.0388      1.00      1.00      2.00     34.00      0.00      31.7870    0.5884     13.00     25.00     42.00    191.00      0.00
  0.8000   0.1400       45.4080    0.8574     18.00     35.00     63.00    301.00      0.00       2.0900    0.0628      1.00      1.00      2.00     51.00      0.00      28.0475    0.5096     11.00     22.00     38.00    156.00      0.00
  0.8000   0.1200       54.7670    1.1651     20.00     39.00     72.00    406.00      0.00       2.8050    0.0843      1.00      2.00      3.00     47.00      0.00      26.6280    0.5405     10.00     20.00     36.00    242.00      0.00
  0.8000   0.1000       64.6830    1.3130     25.00     46.00     88.00    442.00      0.00       4.9415    0.1564      1.00      2.00      5.00     94.00      0.00      23.4000    0.4534      9.00     18.00     32.00    158.00      0.00
  0.8000   0.0800       84.4675    1.7984     29.00     61.00    114.00    687.00      0.00       8.5075    0.2362      2.00      4.00     11.00     83.00      0.00      21.0730    0.4377      7.00     16.00     29.00    166.00      0.00
  0.8000   0.0600      109.4900    2.3820     35.00     77.00    151.00   1087.00      0.00      16.6205    0.4577      3.00      9.00     23.00    198.00      0.00      16.4515    0.3619      5.00     12.00     24.00    110.00      0.00
  0.8000   0.0400      143.6960    3.0981     42.00    103.00    196.00    848.00      0.00      33.4145    0.8386      7.00     21.00     46.00    322.00      0.00      10.3235    0.2643      1.00      6.00     15.00    108.00      0.00
  0.8000   0.0200      186.5460    4.1095     55.00    128.00    258.00   1623.00      0.00      81.6935    1.8755     21.00     55.00    115.00    630.00      0.00       3.8005    0.1395      0.00      1.00      5.00     83.00      0.00
  0.6000   0.2000       58.2000    1.2237     21.00     42.00     78.00    574.00      0.00       1.1640    0.0117      1.00      1.00      1.00     12.00      0.00      63.8660    1.2827     23.00     48.00     88.00    570.00      0.00
  0.6000   0.1800       66.4095    1.3805     23.00     48.00     91.00    535.00      0.00       1.3175    0.0242      1.00      1.00      1.00     25.00      0.00      61.1210    1.2324     22.00     44.00     83.00    360.00      0.00
  0.6000   0.1600       72.9235    1.5156     25.00     54.00     98.00    527.00      0.00       1.5510    0.0306      1.00      1.00      2.00     15.00      0.00      55.1040    1.1376     18.00     41.00     74.00    416.00      0.00
  0.6000   0.1400       87.6410    1.8204     30.00     64.00    117.00    642.00      0.00       2.1260    0.0691      1.00      1.00      2.00     55.00      0.00      51.7100    1.0496     18.00     39.00     71.00    317.00      0.00
  0.6000   0.1200      100.8915    2.2155     32.00     69.00    136.00    698.00      0.00       2.9820    0.0875      1.00      2.00      3.00     36.00      0.00      45.4750    0.9710     15.00     33.00     63.00    297.00      0.00
  0.6000   0.1000      114.2920    2.6046     35.00     81.00    153.00    992.00      0.00       4.7205    0.1517      1.00      2.00      5.00     89.00      0.00      38.1350    0.8603     11.00     27.00     51.00    344.00      0.00
  0.6000   0.0800      136.6500    2.9775     42.00     94.00    187.00   1090.00      0.00       8.6945    0.2709      2.00      4.00     11.00    167.00      0.00      30.9690    0.7031      9.00     21.00     43.00    280.00      0.00
  0.6000   0.0600      150.3425    3.3612     43.00    105.00    214.00   1290.00      0.00      15.2805    0.4147      3.00      9.00     20.00    179.00      0.00      20.8725    0.5084      5.00     13.00     30.00    176.00      0.00
  0.6000   0.0400      173.0250    3.7866     52.00    122.00    238.00   1426.00      0.00      32.2590    0.7841      8.00     21.00     44.00    261.00      0.00      10.7125    0.2857      1.00      6.00     15.00     97.00      0.00
  0.6000   0.0200      185.3905    4.1626     53.00    129.00    255.00   1610.00      0.00      79.3370    1.8307     21.00     54.00    110.00    616.00      0.00       3.1050    0.1216      0.00      1.00      4.00     55.00      0.00
  0.4000   0.2000      114.3770    2.5928     35.00     77.00    156.00   1152.00      0.00       1.1765    0.0154      1.00      1.00      1.00     16.00      0.00     122.5365    2.7990     38.00     83.00    167.00   1116.00      0.00
  0.4000   0.1800      122.6490    2.6435     38.00     87.00    170.00   1016.00      0.00       1.2975    0.0216      1.00      1.00      1.00     19.00      0.00     109.1455    2.3694     32.00     78.00    153.00    985.00      0.00
  0.4000   0.1600      133.2085    2.9404     38.00     90.00    192.00   1185.00      0.00       1.5790    0.0355      1.00      1.00      2.00     38.00      0.00      95.8930    2.1549     27.00     65.00    134.00    791.00      0.00
  0.4000   0.1400      142.2535    3.1928     42.00     99.00    197.00   1428.00      0.00       2.0925    0.0709      1.00      1.00      2.00     62.00      0.00      80.5540    1.8421     24.00     56.00    111.00    918.00      0.00
  0.4000   0.1200      154.2210    3.5357     45.00    105.00    210.00   1807.00      0.00       2.8115    0.0869      1.00      2.00      3.00     64.00      0.00      67.1055    1.5994     19.00     47.00     90.00    866.00      0.00
  0.4000   0.1000      163.4860    3.6673     48.00    113.00    221.00   1409.00      0.00       4.6290    0.1425      1.00      2.00      5.00     72.00      0.00      51.5565    1.2151     13.00     35.00     71.00    456.00      0.00
  0.4000   0.0800      179.3105    3.9298     52.00    129.00    241.00   1189.00      0.00       8.8875    0.2662      2.00      4.00     11.00    111.00      0.00      37.2970    0.8807      9.00     26.00     50.00    348.00      0.00
  0.4000   0.0600      186.8675    4.0909     52.00    132.00    266.00   1325.00      0.00      15.9875    0.4380      3.00      9.00     22.00    205.00      0.00      22.7940    0.5573      5.00     14.00     33.00    195.00      0.00
  0.4000   0.0400      193.9530    4.3620     56.00    136.00    270.00   2000.00      0.00      32.4970    0.7894      7.00     21.00     45.00    348.00      0.00      11.0130    0.3103      1.00      6.00     15.00    123.00      0.00
  0.4000   0.0200      199.6750    4.5984     58.00    138.00    273.00   1771.00      0.00      81.7620    1.8713     21.00     56.00    114.00    725.00      0.00       2.6770    0.0965      0.00      1.00      3.00     41.00      0.00
  0.2000   0.2000      183.4030    3.9644     57.00    128.00    252.00   1455.00      0.00       1.2200    0.0211      1.00      1.00      1.00     25.00      0.00     192.6145    4.2920     56.00    132.00    266.00   1476.00      0.00
  0.2000   0.1800      172.4750    3.9277     48.00    120.00    233.00   1453.00      0.00       1.3410    0.0249      1.00      1.00      1.00     28.00      0.00     149.7670    3.5897     42.00     98.00    199.00   1548.00      0.00
  0.2000   0.1600      181.3560    3.9707     51.00    130.00    258.00   1643.00      0.00       1.5600    0.0352      1.00      1.00      2.00     46.00      0.00     126.2785    2.8168     34.00     87.00    180.00   1030.00      0.00
  0.2000   0.1400      186.9980    4.1647     55.00    129.00    259.00   1357.00      0.00       2.0040    0.0521      1.00      1.00      2.00     34.00      0.00     102.6115    2.3637     29.00     70.00    140.00    821.00      0.00
  0.2000   0.1200      192.5815    4.3664     57.00    131.00    261.00   1534.00      0.00       2.9065    0.0869      1.00      2.00      3.00     50.00      0.00      79.2950    1.8591     22.00     53.00    108.00    655.00      0.00
  0.2000   0.1000      186.1515    4.0807     56.00    130.00    257.00   1422.00      0.00       4.9095    0.1536      1.00      2.00      5.00     65.00      0.00      54.4730    1.2635     14.00     38.00     75.00    471.00      0.00
  0.2000   0.0800      190.1580    4.2517     54.00    130.00    257.00   1499.00      0.00       8.8520    0.2599      2.00      4.00     11.00    117.00      0.00      36.3390    0.8797      8.00     23.00     51.00    311.00      0.00
  0.2000   0.0600      196.5735    4.3576     57.00    134.00    278.00   1489.00      0.00      15.5900    0.4330      3.00      9.00     21.00    247.00      0.00      22.3015    0.5545      5.00     14.00     32.00    195.00      0.00
  0.2000   0.0400      192.3970    4.2176     55.00    138.00    265.00   1374.00      0.00      33.6545    0.8564      8.00     21.00     47.00    434.00      0.00       9.3765    0.2457      1.00      6.00     14.00     74.00      0.00
  0.2000   0.0200      204.2280    4.4829     60.00    142.00    281.00   1723.00      0.00      80.3925    1.8669     22.00     53.00    110.00    767.00      0.00       2.6755    0.0882      0.00      1.00      4.00     32.00      0.00
