Amp Radius  OC_Mean OC_Std OC_Q1 OC_Med OC_Q3 OC_Max OC_Min  Exp_Mean Exp_Std Exp_Q1 Exp_Med Exp_Q3 Exp_Max Exp_Min  Num_Mean Num_Std Num_Q1 Num_Med Num_Q3 Num_Max Num_Min
  2.0000   0.2000        4.3285    0.0712      2.00      3.00      5.00     41.00      0.00       2.2445    0.0548      1.00      1.00      3.00     32.00      0.00       8.9815    0.0792      7.00     10.00     11.00     23.00      0.00
  2.0000   0.1800        4.9715    0.0943      2.00      4.00      6.00     60.00      0.00       2.6780    0.0750      1.00      1.00      3.00     58.00      0.00       8.9035    0.0760      7.00      9.00     11.00     21.00      0.00
  2.0000   0.1600        5.8190    0.1269      3.00      4.00      7.00     73.00      0.00       3.3685    0.1095      1.00      2.00      4.00     70.00      0.00       8.6835    0.0764      6.00      9.00     11.00     23.00      0.00
  2.0000   0.1400        7.1910    0.1846      3.00      5.00      8.00    158.00      0.00       4.4805    0.1503      1.00      2.00      5.00     87.00      0.00       8.4745    0.0767      6.00      9.00     11.00     21.00      0.00
  2.0000   0.1200        9.4595    0.2673      3.00      6.00     11.00    133.00      0.00       6.5275    0.2493      1.00      3.00      7.00    132.00      0.00       8.2635    0.0781      6.00      9.00     11.00     22.00      0.00
  2.0000   0.1000       15.1210    0.4287      4.00      8.00     18.00    185.00      0.00      11.8005    0.4058      2.00      5.00     13.00    185.00      0.00       7.7960    0.0806      6.00      8.00     10.00     21.00      0.00
  2.0000   0.0800       25.9875    0.7205      6.00     14.00     35.00    291.00      0.00      22.5070    0.6922      3.00     10.00     31.00    282.00      0.00       7.1880    0.0883      5.00      8.00     10.00     19.00      0.00
  2.0000   0.0600       48.0035    1.2382      9.00     28.00     65.00    470.00      0.00      43.7580    1.2103      6.00     24.00     60.00    468.00      0.00       6.0790    0.0956      1.00      7.00     10.00     17.00      0.00
  2.0000   0.0400       81.2330    1.9283     19.00     52.00    118.00    649.00      0.00      76.5885    1.8507     17.00     49.00    111.00    544.00      0.00       4.6880    0.0983      0.00      5.00      9.00     16.00      0.00
  2.0000   0.0200      142.2610    3.2849     39.00     97.00    198.00   1183.00      0.00     137.9770    3.2152     38.00     94.00    192.00   1182.00      0.00       2.2180    0.0796      0.00      0.00      5.00     16.00      0.00
  1.8000   0.2000        4.5875    0.0773      2.00      4.00      6.00     36.00      0.00       2.1365    0.0504      1.00      1.00      2.00     29.00      0.00       9.7220    0.0836      7.00     10.00     12.00     24.00      0.00
  1.8000   0.1800        5.3475    0.1059      3.00      4.00      7.00     69.00      0.00       2.5450    0.0716      1.00      1.00      3.00     50.00      0.00       9.4285    0.0826      7.00     10.00     12.00     23.00      0.00
  1.8000   0.1600        6.2620    0.1268      3.00      5.00      8.00     80.00      0.00       3.2605    0.1058      1.00      2.00      4.00     77.00      0.00       9.1580    0.0825      7.00     10.00     11.00     26.00      0.00
  1.8000   0.1400        7.8775    0.2052      3.00      5.00      9.00    165.00      0.00       4.4905    0.1743      1.00      2.00      5.00    160.00      0.00       8.9990    0.0812      7.00     10.00     11.00     24.00      0.00
  1.8000   0.1200       10.5215    0.2726      4.00      7.00     12.00    142.00      0.00       6.7515    0.2365      1.00      3.00      7.00    125.00      0.00       8.9170    0.0799      7.00     10.00     11.00     20.00      0.00
  1.8000   0.1000       15.1285    0.4045      5.00      9.00     18.00    174.00      0.00      10.8030    0.3636      2.00      5.00     12.00    153.00      0.00       8.5675    0.0850      7.00      9.00     11.00     22.00      0.00
  1.8000   0.0800       26.6450    0.6952      6.00     15.00     36.00    301.00      0.00      21.5465    0.6479      3.00     10.00     28.00    292.00      0.00       7.6575    0.0932      5.00      8.00     11.00     20.00      0.00
  1.8000   0.0600       50.0330    1.2384      9.00     31.00     71.00    514.00      0.00      43.6035    1.1530      6.00     26.00     63.00    499.00      0.00       6.7370    0.1016      2.00      8.00     10.00     22.00      0.00
  1.8000   0.0400       86.1795    2.1264     21.00     57.00    117.00   1384.00      0.00      79.3995    1.9596     18.00     52.00    109.00    838.00      0.00       4.7970    0.1048      0.00      5.00      9.00     24.00      0.00
  1.8000   0.0200      147.3830    3.3614     43.00     99.00    203.00   1262.00      0.00     141.6440    3.2678     41.00     95.00    193.00   1262.00      0.00       2.0855    0.0816      0.00      0.00      4.00     20.00      0.00
  1.6000   0.2000        5.2230    0.0877      3.00      4.00      6.00     44.00      0.00       2.1365    0.0522      1.00      1.00      2.00     32.00      0.00      10.5935    0.0929      8.00     11.00     13.00     35.00      0.00
  1.6000   0.1800        5.8270    0.1089      3.00      4.00      7.00     47.00      0.00       2.6545    0.0725      1.00      1.00      3.00     41.00      0.00      10.1710    0.0887      8.00     10.00     12.00     25.00      0.00
  1.6000   0.1600        6.7765    0.1462      3.00      5.00      8.00     86.00      0.00       3.2440    0.1084      1.00      2.00      4.00     85.00      0.00      10.1575    0.0910      8.00     10.00     12.00     27.00      0.00
  1.6000   0.1400        8.7140    0.2290      4.00      6.00     10.00    155.00      0.00       4.5150    0.1908      1.00      2.00      5.00    154.00      0.00       9.8135    0.0902      8.00     10.00     12.00     29.00      0.00
  1.6000   0.1200       10.9475    0.2706      4.00      7.00     13.00    117.00      0.00       6.5325    0.2293      1.00      3.00      7.00    112.00      0.00       9.5290    0.0885      7.00     10.00     12.00     29.00      0.00
  1.6000   0.1000       17.3630    0.4497      5.00     10.00     22.00    228.00      0.00      11.7445    0.3844      2.00      5.00     14.00    200.00      0.00       8.9870    0.0974      7.00     10.00     12.00     23.00      0.00
  1.6000   0.0800       27.6325    0.7761      6.00     14.00     37.00    405.00      0.00      20.6735    0.6414      3.00      9.00     27.00    244.00      0.00       8.4320    0.1013      6.00      9.00     11.00     27.00      0.00
  1.6000   0.0600       47.7140    1.1924     10.00     28.00     66.00    422.00      0.00      39.9865    1.0908      5.00     21.00     58.00    421.00      0.00       7.2755    0.1155      1.00      8.00     11.00     24.00      0.00
  1.6000   0.0400       84.4985    2.0233     20.00     56.00    118.00    638.00      0.00      76.7340    1.8908     16.00     50.00    107.00    637.00      0.00       5.2465    0.1163      0.00      6.00     10.00     21.00      0.00
  1.6000   0.0200      153.0075    3.5049     41.00    106.00    212.00   1358.00      0.00     146.1115    3.4193     38.00    100.00    203.00   1357.00      0.00       2.5165    0.0951      0.00      0.00      5.00     21.00      0.00
  1.4000   0.2000        5.9470    0.1022      3.00      5.00      7.00     54.00      0.00       2.1235    0.0470      1.00      1.00      3.00     26.00      0.00      11.7865    0.1084      9.00     11.00     15.00     35.00      0.00
  1.4000   0.1800        6.7900    0.1250      3.00      5.00      8.00     67.00      0.00       2.6150    0.0707      1.00      1.00      3.00     56.00      0.00      11.6150    0.1083      9.00     11.00     14.00     35.00      0.00
  1.4000   0.1600        8.2085    0.1640      4.00      6.00     10.00     69.00      0.00       3.4420    0.1070      1.00      2.00      4.00     61.00      0.00      11.3270    0.1020      9.00     11.00     14.00     36.00      0.00
  1.4000   0.1400       10.1135    0.2229      4.00      7.00     12.00    101.00      0.00       4.6830    0.1534      1.00      2.00      5.00     73.00      0.00      11.1000    0.1067      9.00     11.00     13.00     35.00      0.00
  1.4000   0.1200       13.4300    0.3520      5.00      9.00     16.00    209.00      0.00       6.7970    0.2428      1.00      3.00      7.00    111.00      0.00      10.4865    0.1055      8.00     11.00     13.00     35.00      0.00
  1.4000   0.1000       19.3775    0.5186      6.00     11.00     24.00    265.00      0.00      11.4670    0.3842      2.00      5.00     14.00    226.00      0.00      10.4700    0.1156      8.00     11.00     13.00     32.00      0.00
  1.4000   0.0800       31.5390    0.8037      8.00     19.00     42.00    352.00      0.00      22.9010    0.6981      3.00     11.00     31.00    249.00      0.00       9.4500    0.1205      6.00     10.00     13.00     32.00      0.00
  1.4000   0.0600       54.5645    1.3408     12.00     33.00     73.00    391.00      0.00      43.0235    1.1690      7.00     24.00     59.00    373.00      0.00       7.9140    0.1303      1.00      9.00     12.00     29.00      0.00
  1.4000   0.0400       90.3375    2.1152     23.00     61.00    125.00    896.00      0.00      78.4095    1.9534     18.00     52.00    109.00    896.00      0.00       5.6965    0.1356      0.00      5.00     10.00     26.00      0.00
  1.4000   0.0200      146.3310    3.3335     40.00    101.00    201.00    987.00      0.00     137.0360    3.1836     35.00     93.00    188.00    987.00      0.00       2.6690    0.1105      0.00      0.00      4.00     28.00      0.00
  1.2000   0.2000        7.0660    0.1318      4.00      6.00      9.00     72.00      0.00       2.2350    0.0646      1.00      1.00      2.00     47.00      0.00      13.8810    0.1341     10.00     13.00     17.00     39.00      0.00
  1.2000   0.1800        7.8800    0.1564      4.00      6.00     10.00     75.00      0.00       2.6205    0.0802      1.00      1.00      3.00     44.00      0.00      13.5545    0.1348     10.00     13.00     17.00     44.00      0.00
  1.2000   0.1600        9.6495    0.1965      4.00      7.00     12.00    121.00      0.00       3.4180    0.1186      1.00      2.00      4.00     93.00      0.00      13.3745    0.1354     10.00     13.00     17.00     47.00      0.00
  1.2000   0.1400       11.7515    0.2569      5.00      8.00     15.00    130.00      0.00       4.6065    0.1540      1.00      2.00      5.00     70.00      0.00      12.9790    0.1374     10.00     12.00     17.00     40.00      0.00
  1.2000   0.1200       15.8190    0.3753      6.00     10.00     19.00    175.00      0.00       7.0015    0.2459      1.00      3.00      7.00    134.00      0.00      12.3290    0.1366      9.00     12.00     16.00     41.00      0.00
  1.2000   0.1000       21.8645    0.5563      7.00     13.00     28.00    367.00      0.00      11.3265    0.4064      2.00      5.00     13.00    201.00      0.00      12.0755    0.1424      8.00     12.00     16.00     36.00      0.00
  1.2000   0.0800       34.1495    0.8370      9.00     21.00     46.00    339.00      0.00      21.7880    0.6626      3.00     10.00     29.00    327.00      0.00      11.1085    0.1472      8.00     11.00     15.00     46.00      0.00
  1.2000   0.0600       60.6835    1.4167     16.00     40.00     84.00    482.00      0.00      44.6675    1.1977      7.00     27.00     63.00    451.00      0.00       9.3155    0.1648      1.00     10.00     14.00     37.00      0.00
  1.2000   0.0400      100.3215    2.3364     24.00     65.00    138.00    681.00      0.00      80.7715    2.0192     17.00     49.00    112.00    674.00      0.00       6.7160    0.1640      0.00      5.00     12.00     41.00      0.00
  1.2000   0.0200      151.6470    3.4793     44.00    101.00    204.00   1395.00      0.00     137.4805    3.1416     38.00     94.00    188.00   1077.00      0.00       3.0875    0.1308      0.00      0.00      3.00     29.00      0.00
  1.0000   0.2000        8.5885    0.1563      4.00      7.00     11.00     76.00      0.00       2.1425    0.0519      1.00      1.00      2.00     33.00      0.00      16.6790    0.1773     11.00     16.00     21.00     52.00      0.00
  1.0000   0.1800        9.8160    0.1902      4.00      7.00     13.00     88.00      0.00       2.6685    0.0820      1.00      1.00      3.00     58.00      0.00      16.5320    0.1856     11.00     15.00     22.00     49.00      0.00
  1.0000   0.1600       11.7765    0.2514      5.00      9.00     15.00    156.00      0.00       3.4120    0.1068      1.00      2.00      4.00     69.00      0.00      16.3000    0.1814     11.00     15.00     21.00     50.00      0.00
  1.0000   0.1400       14.9155    0.3541      6.00     10.00     18.00    187.00      0.00       4.5410    0.1525      1.00      2.00      5.00    105.00      0.00      16.0930    0.1841     11.00     15.00     21.00     61.00      0.00
  1.0000   0.1200       18.7765    0.4246      7.00     13.00     24.00    197.00      0.00       6.7460    0.2409      1.00      3.00      7.00    122.00      0.00      15.5775    0.1849     10.00     15.00     20.00     50.00      0.00
  1.0000   0.1000       25.0185    0.5976      8.00     16.00     33.00    222.00      0.00      11.5025    0.3873      2.00      5.00     14.00    183.00      0.00      14.9035    0.1895     10.00     14.00     20.00     53.00      0.00
  1.0000   0.0800       40.5360    0.9845     12.00     26.00     54.00    388.00      0.00      22.4580    0.7065      3.00     10.00     30.00    366.00      0.00      13.7620    0.1975      8.00     13.00     19.00     53.00      0.00
  1.0000   0.0600       63.8455    1.6075     16.00     41.00     85.00    687.00      0.00      41.9650    1.1589      7.00     24.00     57.00    488.00      0.00      11.1455    0.2150      1.00     11.00     18.00     55.00      0.00
  1.0000   0.0400      106.0425    2.3425     30.00     74.00    148.00    955.00      0.00      81.3120    1.9413     19.00     55.00    115.00    932.00      0.00       7.9360    0.2110      0.00      3.00     14.00     58.00      0.00
  1.0000   0.0200      165.2030    3.6431     45.00    113.00    233.00   1135.00      0.00     143.7255    3.2494     37.00     97.00    199.00   1031.00      0.00       3.7630    0.1657      0.00      0.00      3.00     54.00      0.00
  0.8000   0.2000       11.4275    0.1999      6.00      9.00     14.00     86.00      0.00       2.1800    0.0555      1.00      1.00      2.00     32.00      0.00      23.3890    0.2800     15.00     22.00     30.00     90.00      0.00
  0.8000   0.1800       13.6585    0.2620      6.00     11.00     18.00    175.00      0.00       2.7000    0.0735      1.00      2.00      3.00     58.00      0.00      22.6510    0.2697     14.00     21.00     30.00     79.00      0.00
  0.8000   0.1600       15.6245    0.3243      6.00     11.00     20.00    143.00      0.00       3.3460    0.1151      1.00      2.00      4.00     76.00      0.00      22.1900    0.2727     14.00     21.00     29.00     90.00      0.00
  0.8000   0.1400       18.2645    0.3707      7.00     13.00     23.00    138.00      0.00       4.3610    0.1443      1.00      2.00      5.00     74.00      0.00      21.4800    0.2790     13.00     20.00     28.00     71.00      0.00
  0.8000   0.1200       24.4395    0.5454      9.00     17.00     32.00    230.00      0.00       6.6125    0.2378      1.00      3.00      7.00    111.00      0.00      21.2280    0.2818     13.00     20.00     28.00     73.00      0.00
  0.8000   0.1000       33.7285    0.7680     11.00     22.00     45.00    253.00      0.00      11.5995    0.3848      2.00      5.00     14.00    190.00      0.00      19.4590    0.2812     11.00     18.00     27.00     83.00      0.00
  0.8000   0.0800       49.5210    1.1310     14.00     32.00     66.00    378.00      0.00      22.3895    0.6450      3.00     11.00     31.00    222.00      0.00      18.1365    0.3036      8.00     17.00     26.00     79.00      0.00
  0.8000   0.0600       74.7350    1.7138     21.00     50.00    103.00    580.00      0.00      41.4840    1.1227      6.00     24.00     56.00    416.00      0.00      14.8860    0.3096      1.00     13.00     23.00     81.00      0.00
  0.8000   0.0400      121.2910    2.7189     35.00     81.00    173.00    927.00      0.00      82.6480    2.0116     17.00     53.00    118.00    863.00      0.00      10.5565    0.3020      0.00      3.00     19.00     89.00      0.00
  0.8000   0.0200      167.0770    3.8670     44.00    115.00    229.00   1562.00      0.00     140.3645    3.2891     36.00     96.00    198.00   1181.00      0.00       4.5965    0.2198      0.00      0.00      3.00     71.00      0.00
  0.6000   0.2000       17.2635    0.3066      8.00     14.00     23.00    103.00      0.00       2.1730    0.0593      1.00      1.00      2.00     70.00      0.00      35.2125    0.4837     20.00     32.00     46.00    162.00      0.00
  0.6000   0.1800       20.6200    0.4238      9.00     16.00     26.00    327.00      0.00       2.6910    0.0882      1.00      1.00      3.00     97.00      0.00      34.7225    0.4879     20.00     31.00     47.00    235.00      0.00
  0.6000   0.1600       23.2725    0.4685     10.00     18.00     30.00    177.00      0.00       3.3760    0.1180      1.00      2.00      4.00    132.00      0.00      33.2670    0.4682     19.00     30.00     45.00    129.00      0.00
  0.6000   0.1400       27.3090    0.5230     12.00     20.00     36.00    201.00      0.00       4.4585    0.1570      1.00      2.00      5.00     95.00      0.00      32.5005    0.4830     17.00     30.00     44.00    148.00      0.00
  0.6000   0.1200       34.5950    0.7610     13.00     24.00     44.00    383.00      0.00       6.5935    0.2379      1.00      3.00      7.00    120.00      0.00      30.3225    0.4675     15.00     28.00     42.00    144.00      0.00
  0.6000   0.1000       45.7475    1.0091     16.00     32.00     61.00    469.00      0.00      11.7355    0.4169      2.00      5.00     13.00    198.00      0.00      28.3590    0.4768     12.00     26.00     40.00    128.00      0.00
  0.6000   0.0800       66.2865    1.4934     21.00     45.00     89.00    603.00      0.00      21.4145    0.6450      3.00     10.00     28.00    278.00      0.00      25.2025    0.4904      6.00     22.00     38.00    150.00      0.00
  0.6000   0.0600       96.4110    2.3328     28.00     62.00    129.00    872.00      0.00      43.0975    1.1586      6.00     25.00     61.00    419.00      0.00      20.8945    0.4838      1.00     16.00     34.00    143.00      0.00
  0.6000   0.0400      130.4745    2.8412     40.00     95.00    179.00   1283.00      0.00      78.8890    1.9112     18.00     52.00    114.00    662.00      0.00      13.1590    0.4335      0.00      2.00     22.00    137.00      0.00
  0.6000   0.0200      172.7550    3.8311     48.00    122.00    240.00   1540.00      0.00     137.2450    3.1703     34.00     96.00    191.00   1213.00      0.00       5.2575    0.3044      0.00      0.00      1.00    113.00      0.00
  0.4000   0.2000       33.7475    0.6545     14.00     26.00     44.00    277.00      0.00       2.1620    0.0527      1.00      1.00      3.00     38.00      0.00      66.6715    1.1049     31.00     56.00     90.00    331.00      0.00
  0.4000   0.1800       37.8295    0.7304     15.00     29.00     51.00    293.00      0.00       2.5610    0.0715      1.00      1.00      3.00     49.00      0.00      64.3615    1.0802     29.00     55.00     88.00    357.00      0.00
  0.4000   0.1600       43.4225    0.8755     17.00     33.00     57.00    459.00      0.00       3.3060    0.1330      1.00      2.00      4.00    180.00      0.00      61.6935    1.0967     25.00     51.00     85.00    365.00      0.00
  0.4000   0.1400       50.9270    1.0465     19.00     36.00     67.00    374.00      0.00       4.5105    0.1636      1.00      2.00      5.00     99.00      0.00      56.9040    1.0317     23.00     47.00     80.00    391.00      0.00
  0.4000   0.1200       61.5415    1.3207     22.00     43.00     83.00    673.00      0.00       6.4000    0.2295      1.00      3.00      7.00    138.00      0.00      54.3480    1.0365     20.00     45.00     79.00    350.00      0.00
  0.4000   0.1000       76.9315    1.6909     27.00     54.00    102.00    589.00      0.00      11.7780    0.4152      2.00      5.00     13.00    191.00      0.00      49.9300    1.0477     12.00     38.00     74.00    345.00      0.00
  0.4000   0.0800       98.4870    2.1242     31.00     71.00    134.00    758.00      0.00      22.5860    0.6761      3.00     10.00     30.00    275.00      0.00      41.0760    0.9989      4.00     28.00     62.00    300.00      0.00
  0.4000   0.0600      134.6060    2.8368     43.00     97.00    188.00    943.00      0.00      46.1110    1.2506      7.00     26.00     65.00    409.00      0.00      30.9790    0.9254      1.00     12.00     48.00    305.00      0.00
  0.4000   0.0400      153.6935    3.4749     45.00    106.00    208.00   1537.00      0.00      74.1585    1.8180     17.00     49.00    103.00    750.00      0.00      16.8730    0.7331      0.00      2.00     17.00    280.00      0.00
  0.4000   0.0200      192.2040    4.4351     52.00    132.00    262.00   1775.00      0.00     141.8660    3.3012     35.00     99.00    197.00   1366.00      0.00       5.3260    0.3751      0.00      0.00      1.00    133.00      0.00
  0.2000   0.2000      108.0125    2.3011     36.00     79.00    146.00   1024.00      0.00       2.2210    0.0561      1.00      1.00      2.00     28.00      0.00     162.9475    3.5431     48.00    114.00    231.00   1306.00      0.00
  0.2000   0.1800      118.0250    2.5907     37.00     84.00    161.00   1066.00      0.00       2.5765    0.0758      1.00      1.00      3.00     79.00      0.00     146.0140    3.2923     39.00    103.00    207.00   1276.00      0.00
  0.2000   0.1600      127.1830    2.7970     37.00     90.00    172.00   1174.00      0.00       3.5310    0.1398      1.00      2.00      4.00    102.00      0.00     129.7895    3.0344     30.00     90.00    186.00   1341.00      0.00
  0.2000   0.1400      144.1000    3.1224     44.00    100.00    202.00   1378.00      0.00       4.7360    0.1714      1.00      2.00      5.00    118.00      0.00     115.6045    2.7720     26.00     78.00    166.00   1049.00      0.00
  0.2000   0.1200      149.0230    3.3026     42.00    103.00    209.00   1067.00      0.00       6.9410    0.2370      1.00      3.00      7.00    127.00      0.00      90.8480    2.2919     16.00     56.00    130.00    691.00      0.00
  0.2000   0.1000      162.9940    3.4462     50.00    117.00    232.00   1104.00      0.00      11.5455    0.3895      2.00      5.00     13.00    180.00      0.00      72.6630    1.9955     10.00     41.00    100.00    707.00      0.00
  0.2000   0.0800      177.8565    4.0156     49.00    120.00    245.00   1647.00      0.00      21.4635    0.6594      3.00     10.00     28.00    298.00      0.00      50.8460    1.5612      5.00     22.00     71.00    625.00      0.00
  0.2000   0.0600      182.7785    4.0353     54.00    126.00    255.00   1829.00      0.00      43.2600    1.1475      6.00     25.00     62.00    401.00      0.00      30.1920    1.1774      1.00      8.00     37.00    495.00      0.00
  0.2000   0.0400      194.5435    4.3053     54.00    137.00    283.00   2000.00      0.00      77.7350    1.8747     17.00     52.00    107.00    656.00      0.00      15.6335    0.8913      0.00      2.00     12.00    737.00      0.00
  0.2000   0.0200      203.8805    4.6767     57.00    140.00    281.00   1488.00      0.00     139.7085    3.2894     37.00     94.00    195.00   1315.00      0.00       3.6740    0.2829      0.00      0.00      1.00    142.00      0.00
