Amp Radius  OC_Mean OC_Std OC_Q1 OC_Med OC_Q3 OC_Max OC_Min  Exp_Mean Exp_Std Exp_Q1 Exp_Med Exp_Q3 Exp_Max Exp_Min  Num_Mean Num_Std Num_Q1 Num_Med Num_Q3 Num_Max Num_Min
  2.0000   0.2000        3.9290    0.0530      2.00      3.00      5.00     22.00      0.00       1.7120    0.0290      1.00      1.00      2.00     11.00      0.00       9.5310    0.0830      7.00     10.00     12.00     25.00      0.00
  2.0000   0.1800        4.3205    0.0599      2.00      4.00      5.00     23.00      0.00       1.9810    0.0356      1.00      1.00      2.00     13.00      0.00       9.3835    0.0797      7.00     10.00     12.00     23.00      0.00
  2.0000   0.1600        5.0260    0.0772      3.00      4.00      6.00     37.00      0.00       2.3790    0.0498      1.00      2.00      3.00     34.00      0.00       9.1975    0.0811      7.00     10.00     12.00     23.00      0.00
  2.0000   0.1400        5.8665    0.1040      3.00      5.00      7.00     90.00      0.00       2.9470    0.0644      1.00      2.00      4.00     37.00      0.00       9.0260    0.0769      7.00     10.00     11.00     20.00      0.00
  2.0000   0.1200        7.1010    0.1273      3.00      6.00      9.00     58.00      0.00       3.7530    0.0855      1.00      3.00      5.00     45.00      0.00       8.6445    0.0797      6.00     10.00     11.00     23.00      0.00
  2.0000   0.1000        8.9365    0.1777      4.00      7.00     11.00     82.00      0.00       5.3475    0.1358      2.00      4.00      7.00     64.00      0.00       8.4645    0.0772      6.00     10.00     11.00     19.00      0.00
  2.0000   0.0800       14.0500    0.2995      5.00     10.00     18.00    130.00      0.00       9.8065    0.2599      3.00      6.00     12.00    130.00      0.00       8.0590    0.0803      6.00      9.00     11.00     20.00      0.00
  2.0000   0.0600       26.9650    0.6233      8.00     18.00     36.00    247.00      0.00      21.7415    0.5702      5.00     12.00     30.00    216.00      0.00       7.2515    0.0899      5.00      8.00     10.00     19.00      0.00
  2.0000   0.0400       57.7280    1.3587     15.00     38.00     80.00    500.00      0.00      51.6350    1.2818     11.00     33.00     71.00    497.00      0.00       5.8420    0.0961      1.00      7.00     10.00     16.00      0.00
  2.0000   0.0200      125.7995    2.9118     33.00     87.00    174.00   1115.00      0.00     119.7770    2.8174     30.00     81.00    166.00   1115.00      0.00       2.7015    0.0846      0.00      0.00      6.00     16.00      0.00
  1.8000   0.2000        4.3135    0.0571      3.00      4.00      6.00     20.00      0.00       1.7925    0.0311      1.00      1.00      2.00     16.00      0.00      10.1920    0.0859      8.00     11.00     13.00     23.00      0.00
  1.8000   0.1800        4.8310    0.0723      3.00      4.00      6.00     30.00      0.00       2.1170    0.0398      1.00      1.00      3.00     16.00      0.00       9.8085    0.0828      8.00     10.00     12.00     25.00      0.00
  1.8000   0.1600        5.4300    0.0824      3.00      4.00      7.00     37.00      0.00       2.3780    0.0440      1.00      2.00      3.00     17.00      0.00       9.6390    0.0814      8.00     10.00     12.00     23.00      0.00
  1.8000   0.1400        6.2800    0.1077      3.00      5.00      8.00     65.00      0.00       2.8725    0.0669      1.00      2.00      4.00     61.00      0.00       9.4740    0.0802      7.00     10.00     12.00     22.00      0.00
  1.8000   0.1200        7.8330    0.1460      4.00      6.00     10.00     80.00      0.00       3.8495    0.0960      1.00      3.00      5.00     47.00      0.00       9.1670    0.0827      7.00     10.00     12.00     22.00      0.00
  1.8000   0.1000       10.1710    0.2030      4.00      8.00     13.00     96.00      0.00       5.6645    0.1619      2.00      4.00      7.00     92.00      0.00       8.9540    0.0835      7.00     10.00     11.00     22.00      0.00
  1.8000   0.0800       14.9330    0.3426      6.00     10.00     18.00    187.00      0.00       9.4845    0.2720      2.00      6.00     11.00    121.00      0.00       8.4830    0.0879      6.00      9.00     11.00     22.00      0.00
  1.8000   0.0600       28.3455    0.6945      8.00     17.00     38.00    296.00      0.00      21.7465    0.6174      4.00     11.00     29.00    295.00      0.00       7.8195    0.0951      6.00      9.00     11.00     21.00      0.00
  1.8000   0.0400       58.9930    1.3387     16.00     40.00     83.00    482.00      0.00      50.6915    1.1942     11.00     33.00     74.00    388.00      0.00       6.2545    0.1038      0.00      7.00     10.00     19.00      0.00
  1.8000   0.0200      129.6715    3.0082     34.00     87.00    175.00   1036.00      0.00     122.0435    2.9317     31.00     81.00    165.00   1036.00      0.00       2.9650    0.0906      0.00      0.00      7.00     20.00      0.00
  1.6000   0.2000        4.8715    0.0685      3.00      4.00      6.00     32.00      0.00       1.7890    0.0315      1.00      1.00      2.00     18.00      0.00      11.1280    0.0958      9.00     11.00     14.00     30.00      0.00
  1.6000   0.1800        5.4065    0.0798      3.00      4.00      7.00     30.00      0.00       2.0205    0.0378      1.00      1.00      3.00     21.00      0.00      10.7025    0.0966      8.00     11.00     13.00     27.00      0.00
  1.6000   0.1600        6.1180    0.0914      3.00      5.00      8.00     40.00      0.00       2.3980    0.0455      1.00      2.00      3.00     19.00      0.00      10.5555    0.0925      8.00     11.00     13.00     30.00      0.00
  1.6000   0.1400        7.2390    0.1248      4.00      6.00      9.00     71.00      0.00       2.9790    0.0634      1.00      2.00      4.00     33.00      0.00      10.1370    0.0901      8.00     11.00     12.00     26.00      0.00
  1.6000   0.1200        8.6475    0.1570      4.00      7.00     11.00     71.00      0.00       3.7450    0.0943      1.00      3.00      5.00     48.00      0.00      10.0115    0.0900      8.00     10.00     12.00     29.00      0.00
  1.6000   0.1000       11.0515    0.2097      5.00      8.00     14.00     78.00      0.00       5.2445    0.1330      2.00      3.00      7.00     59.00      0.00       9.5645    0.0912      7.00     10.00     12.00     27.00      0.00
  1.6000   0.0800       16.1320    0.3761      6.00     11.00     20.00    257.00      0.00       9.3765    0.3077      2.00      5.00     11.00    252.00      0.00       9.2195    0.0940      7.00     10.00     12.00     26.00      0.00
  1.6000   0.0600       30.0525    0.6894      9.00     20.00     41.00    270.00      0.00      21.1810    0.5878      4.00     11.00     28.00    262.00      0.00       8.4190    0.1039      6.00      9.00     12.00     24.00      0.00
  1.6000   0.0400       60.5070    1.4022     15.00     40.00     83.00    533.00      0.00      49.9965    1.2531     10.00     31.00     70.00    436.00      0.00       6.7515    0.1151      0.00      8.00     11.00     24.00      0.00
  1.6000   0.0200      129.9700    2.9698     34.00     90.00    185.00   1210.00      0.00     119.3070    2.7490     30.00     81.00    171.00   1210.00      0.00       3.1690    0.1029      0.00      0.00      7.00     24.00      0.00
  1.4000   0.2000        5.7300    0.0884      3.00      5.00      7.00     53.00      0.00       1.7555    0.0306      1.00      1.00      2.00     20.00      0.00      12.4190    0.1101     10.00     12.00     15.00     42.00      0.00
  1.4000   0.1800        6.1715    0.0941      3.00      5.00      8.00     50.00      0.00       1.9660    0.0353      1.00      1.00      2.00     15.00      0.00      12.0940    0.1083      9.00     12.00     15.00     36.00      0.00
  1.4000   0.1600        7.2410    0.1051      4.00      6.00      9.00     38.00      0.00       2.3780    0.0445      1.00      2.00      3.00     26.00      0.00      12.1110    0.1056     10.00     12.00     15.00     32.00      0.00
  1.4000   0.1400        8.0580    0.1323      4.00      7.00     10.00     63.00      0.00       2.8975    0.0581      1.00      2.00      4.00     24.00      0.00      11.3135    0.1042      9.00     11.00     14.00     30.00      0.00
  1.4000   0.1200       10.4185    0.1907      5.00      8.00     13.00     94.00      0.00       3.8780    0.0998      1.00      3.00      5.00     64.00      0.00      11.2025    0.1067      9.00     11.00     14.00     39.00      0.00
  1.4000   0.1000       13.4005    0.2618      6.00     10.00     17.00    109.00      0.00       6.0590    0.1809      2.00      4.00      7.00    105.00      0.00      10.8360    0.1032      8.00     11.00     13.00     37.00      0.00
  1.4000   0.0800       18.9925    0.4082      7.00     13.00     25.00    223.00      0.00       9.2270    0.2682      2.00      5.00     11.00    189.00      0.00      10.2115    0.1065      8.00     11.00     13.00     32.00      0.00
  1.4000   0.0600       34.2690    0.7925     11.00     22.00     46.00    297.00      0.00      21.5095    0.5751      4.00     12.00     30.00    276.00      0.00       9.3095    0.1165      6.00     10.00     12.00     27.00      0.00
  1.4000   0.0400       68.2365    1.5931     17.00     45.00     95.00    587.00      0.00      52.1185    1.3337     11.00     33.00     74.00    583.00      0.00       7.1420    0.1334      0.00      8.00     11.00     29.00      0.00
  1.4000   0.0200      134.1175    3.0752     36.00     88.00    186.00   1293.00      0.00     117.0495    2.6980     31.00     77.00    165.00    956.00      0.00       3.6155    0.1202      0.00      0.00      8.00     29.00      0.00
  1.2000   0.2000        6.5605    0.1005      4.00      5.00      8.00     61.00      0.00       1.7515    0.0315      1.00      1.00      2.00     17.00      0.00      14.2055    0.1387     10.00     14.00     18.00     48.00      0.00
  1.2000   0.1800        7.5305    0.1190      4.00      6.00     10.00     42.00      0.00       2.0455    0.0383      1.00      1.00      3.00     16.00      0.00      13.9485    0.1382     10.00     13.00     17.00     45.00      0.00
  1.2000   0.1600        8.7550    0.1451      5.00      7.00     11.00     89.00      0.00       2.4570    0.0505      1.00      2.00      3.00     23.00      0.00      13.7585    0.1342     10.00     13.00     17.00     37.00      0.00
  1.2000   0.1400       10.0595    0.1873      5.00      8.00     13.00     94.00      0.00       2.9475    0.0666      1.00      2.00      4.00     39.00      0.00      13.3135    0.1309     10.00     13.00     16.00     45.00      0.00
  1.2000   0.1200       12.3525    0.2301      6.00     10.00     16.00     76.00      0.00       3.7555    0.0867      1.00      3.00      5.00     57.00      0.00      13.0445    0.1305     10.00     13.00     16.00     37.00      0.00
  1.2000   0.1000       16.4035    0.3340      7.00     12.00     21.00    130.00      0.00       5.7445    0.1572      2.00      4.00      7.00     79.00      0.00      12.6165    0.1295     10.00     12.00     16.00     36.00      0.00
  1.2000   0.0800       23.0040    0.5145      9.00     16.00     29.00    239.00      0.00      10.0275    0.3170      2.00      5.00     12.00    170.00      0.00      11.9770    0.1374      9.00     12.00     15.00     36.00      0.00
  1.2000   0.0600       39.4690    0.8764     13.00     26.00     54.00    305.00      0.00      21.7895    0.5978      4.00     12.00     29.00    236.00      0.00      10.9020    0.1512      7.00     11.00     15.00     44.00      0.00
  1.2000   0.0400       73.6450    1.7690     20.00     46.00     99.00    710.00      0.00      50.2390    1.3271     10.00     30.00     69.00    610.00      0.00       8.2945    0.1614      0.00      9.00     13.00     34.00      0.00
  1.2000   0.0200      135.8135    3.0935     39.00     93.00    185.00   1396.00      0.00     111.7860    2.5471     31.00     77.00    153.00   1013.00      0.00       4.0935    0.1443      0.00      0.00      8.00     36.00      0.00
  1.0000   0.2000        8.4090    0.1377      4.00      7.00     11.00     59.00      0.00       1.7535    0.0305      1.00      1.00      2.00     13.00      0.00      17.5305    0.1888     12.00     16.00     22.00     60.00      0.00
  1.0000   0.1800        9.4285    0.1567      5.00      8.00     12.00     71.00      0.00       1.9485    0.0350      1.00      1.00      2.00     17.00      0.00      17.4840    0.1827     12.00     17.00     22.00     54.00      0.00
  1.0000   0.1600       10.9845    0.1954      6.00      9.00     14.00    145.00      0.00       2.4420    0.0454      1.00      2.00      3.00     19.00      0.00      17.2155    0.1846     12.00     16.00     22.00     57.00      0.00
  1.0000   0.1400       13.1125    0.2396      6.00     10.00     17.00     98.00      0.00       2.9820    0.0680      1.00      2.00      4.00     57.00      0.00      16.7355    0.1799     12.00     16.00     21.00     62.00      0.00
  1.0000   0.1200       16.2745    0.3093      7.00     12.00     21.00    166.00      0.00       3.7215    0.0849      1.00      3.00      5.00     53.00      0.00      16.0565    0.1799     11.00     15.00     21.00     58.00      0.00
  1.0000   0.1000       20.5415    0.4085      8.00     15.00     27.00    173.00      0.00       5.5470    0.1649      2.00      3.00      7.00     92.00      0.00      15.6130    0.1866     11.00     15.00     20.00     51.00      0.00
  1.0000   0.0800       29.6695    0.6243     11.00     21.00     39.00    323.00      0.00       9.9635    0.3083      2.00      5.00     12.00    132.00      0.00      14.9010    0.1883     10.00     14.00     20.00     56.00      0.00
  1.0000   0.0600       47.5090    1.0393     15.00     34.00     64.00    398.00      0.00      20.6265    0.5434      4.00     12.00     28.00    238.00      0.00      13.0140    0.2004      7.00     13.00     19.00     49.00      0.00
  1.0000   0.0400       85.2930    1.9126     24.00     58.00    118.00    769.00      0.00      50.5630    1.2423     10.00     31.00     73.00    347.00      0.00       9.9170    0.2103      1.00     10.00     16.00     48.00      0.00
  1.0000   0.0200      148.4135    3.2285     44.00    107.00    205.00   1288.00      0.00     120.7125    2.7108     33.00     87.00    166.00    802.00      0.00       4.4210    0.1724      0.00      0.00      7.00     44.00      0.00
  0.8000   0.2000       11.5050    0.1885      6.00     10.00     15.00     77.00      0.00       1.7550    0.0304      1.00      1.00      2.00     19.00      0.00      24.4380    0.2911     15.00     22.00     32.00     77.00      0.00
  0.8000   0.1800       13.1295    0.2171      6.00     11.00     17.00     97.00      0.00       2.0350    0.0372      1.00      1.00      2.00     13.00      0.00      23.6005    0.2782     15.00     22.00     31.00     91.00      0.00
  0.8000   0.1600       14.8340    0.2511      7.00     12.00     19.00    110.00      0.00       2.3850    0.0482      1.00      2.00      3.00     24.00      0.00      22.7775    0.2813     14.00     21.00     30.00     76.00      0.00
  0.8000   0.1400       17.6300    0.3211      8.00     14.00     23.00    142.00      0.00       2.8705    0.0618      1.00      2.00      4.00     32.00      0.00      21.9815    0.2742     13.00     20.00     29.00     91.00      0.00
  0.8000   0.1200       21.6160    0.3925      9.00     17.00     29.00    165.00      0.00       3.8340    0.0865      1.00      3.00      5.00     41.00      0.00      21.5415    0.2814     13.00     20.00     28.00     92.00      0.00
  0.8000   0.1000       29.1820    0.5719     11.00     22.00     39.00    188.00      0.00       5.7120    0.1524      2.00      4.00      7.00     78.00      0.00      20.8575    0.2764     12.00     20.00     28.00     80.00      0.00
  0.8000   0.0800       37.6775    0.7619     14.00     28.00     49.00    319.00      0.00       9.0425    0.2567      2.00      5.00     11.00    143.00      0.00      19.0595    0.2679     11.00     18.00     26.00     68.00      0.00
  0.8000   0.0600       60.9160    1.3319     20.00     43.00     81.00    439.00      0.00      21.1840    0.5883      4.00     11.00     28.00    268.00      0.00      16.5330    0.3016      5.00     15.00     25.00     90.00      0.00
  0.8000   0.0400       98.7900    2.1532     29.00     68.00    135.00    838.00      0.00      49.3190    1.2027     11.00     33.00     69.00    489.00      0.00      12.0015    0.2803      1.00      9.00     20.00     66.00      0.00
  0.8000   0.0200      161.3890    3.6572     46.00    109.00    222.00   1319.00      0.00     117.0790    2.6803     32.00     80.00    167.00   1063.00      0.00       5.0380    0.2222      0.00      0.00      4.00     66.00      0.00
  0.6000   0.2000       17.6425    0.2950      9.00     14.00     23.00    121.00      0.00       1.7625    0.0301      1.00      1.00      2.00     18.00      0.00      36.1765    0.4938     21.00     33.00     48.00    213.00      0.00
  0.6000   0.1800       20.5125    0.3544     10.00     16.00     27.00    148.00      0.00       2.0335    0.0376      1.00      1.00      2.00     20.00      0.00      35.6475    0.4985     20.00     32.00     47.00    154.00      0.00
  0.6000   0.1600       23.1060    0.4292     10.00     18.00     31.00    201.00      0.00       2.3655    0.0465      1.00      2.00      3.00     19.00      0.00      34.4770    0.5006     19.00     31.00     47.00    134.00      0.00
  0.6000   0.1400       27.6840    0.5080     12.00     22.00     36.00    238.00      0.00       2.8365    0.0664      1.00      2.00      4.00     63.00      0.00      33.3765    0.4929     18.00     29.00     44.00    218.00      0.00
  0.6000   0.1200       33.9990    0.6929     13.00     25.00     44.00    444.00      0.00       3.7440    0.0969      1.00      3.00      5.00     93.00      0.00      31.7835    0.4756     17.00     28.00     44.00    140.00      0.00
  0.6000   0.1000       42.6850    0.8814     15.00     32.00     58.00    377.00      0.00       5.5480    0.1786      2.00      3.00      7.00    161.00      0.00      29.8550    0.4850     14.00     26.00     42.00    166.00      0.00
  0.6000   0.0800       57.5560    1.1413     21.00     42.00     78.00    413.00      0.00       9.5295    0.2507      3.00      6.00     12.00     92.00      0.00      28.1075    0.4827     12.00     25.00     40.00    151.00      0.00
  0.6000   0.0600       84.5670    1.8367     26.00     61.00    115.00    777.00      0.00      21.5780    0.5881      4.00     12.00     29.00    238.00      0.00      22.2100    0.4611      4.00     18.00     34.00    136.00      0.00
  0.6000   0.0400      128.1055    2.7258     41.00     90.00    182.00    984.00      0.00      50.7925    1.2265     10.00     34.00     72.00    447.00      0.00      15.6580    0.4448      0.00      6.00     26.00    131.00      0.00
  0.6000   0.0200      173.5490    3.8106     48.00    121.00    244.00   1373.00      0.00     115.7740    2.6222     31.00     78.00    164.00    817.00      0.00       5.9355    0.2970      0.00      0.00      3.00     93.00      0.00
  0.4000   0.2000       37.2525    0.6913     16.00     29.00     49.00    260.00      0.00       1.8325    0.0327      1.00      1.00      2.00     14.00      0.00      70.7005    1.1565     33.00     60.00     96.00    367.00      0.00
  0.4000   0.1800       41.5290    0.7873     17.00     31.00     55.00    251.00      0.00       1.9915    0.0413      1.00      1.00      2.00     46.00      0.00      67.4115    1.1804     29.00     56.00     92.00    409.00      0.00
  0.4000   0.1600       48.5225    0.9279     19.00     37.00     67.00    360.00      0.00       2.4395    0.0485      1.00      2.00      3.00     22.00      0.00      63.8210    1.1313     27.00     52.00     88.00    403.00      0.00
  0.4000   0.1400       55.9165    1.1308     22.00     41.00     74.00    410.00      0.00       2.8775    0.0648      1.00      2.00      4.00     36.00      0.00      60.6315    1.0823     24.00     50.00     86.00    278.00      0.00
  0.4000   0.1200       66.8025    1.3251     25.00     49.00     90.00    422.00      0.00       3.8635    0.0887      1.00      3.00      5.00     40.00      0.00      57.1135    1.0429     23.00     48.00     78.00    287.00      0.00
  0.4000   0.1000       82.8835    1.7096     31.00     60.00    110.00    715.00      0.00       5.7335    0.1673      2.00      4.00      7.00    126.00      0.00      51.2160    1.0116     16.00     41.00     71.00    351.00      0.00
  0.4000   0.0800       99.4510    2.0188     34.00     74.00    136.00    581.00      0.00       9.8755    0.2876      2.00      6.00     12.00    185.00      0.00      40.1225    0.9005      8.00     28.00     59.00    365.00      0.00
  0.4000   0.0600      123.3975    2.7422     38.00     86.00    164.00   1078.00      0.00      21.7025    0.6142      5.00     12.00     28.00    322.00      0.00      30.1635    0.8519      3.00     15.00     44.00    357.00      0.00
  0.4000   0.0400      167.2990    3.6442     50.00    117.00    233.00   1018.00      0.00      49.8645    1.2312     11.00     32.00     69.00    438.00      0.00      18.6785    0.6728      1.00      5.00     25.00    246.00      0.00
  0.4000   0.0200      197.1505    4.3580     58.00    140.00    275.00   1518.00      0.00     122.5425    2.7757     33.00     84.00    169.00    935.00      0.00       5.5445    0.3786      0.00      0.00      3.00    215.00      0.00
  0.2000   0.2000      125.7405    2.7881     39.00     89.00    168.00    916.00      0.00       1.7195    0.0289      1.00      1.00      2.00     12.00      0.00     173.3065    3.8340     51.00    120.00    236.00   1191.00      0.00
  0.2000   0.1800      134.0750    2.8902     43.00     96.00    185.00   1051.00      0.00       2.0420    0.0377      1.00      1.00      3.00     15.00      0.00     154.8225    3.4553     46.00    109.00    211.00   1039.00      0.00
  0.2000   0.1600      143.0505    3.2430     39.00     98.00    199.00   1224.00      0.00       2.4955    0.0559      1.00      2.00      3.00     44.00      0.00     131.3255    3.0910     34.00     88.00    185.00   1264.00      0.00
  0.2000   0.1400      151.4515    3.4250     44.00    104.00    208.00   1334.00      0.00       2.8100    0.0565      1.00      2.00      4.00     26.00      0.00     110.1220    2.6344     26.00     76.00    153.00   1108.00      0.00
  0.2000   0.1200      161.9745    3.7282     48.00    111.00    219.00   1658.00      0.00       3.9080    0.0968      1.00      3.00      5.00     58.00      0.00      88.5485    2.1999     19.00     57.00    125.00    813.00      0.00
  0.2000   0.1000      178.7735    3.8980     54.00    127.00    251.00   1734.00      0.00       5.5410    0.1591      2.00      3.00      7.00    120.00      0.00      70.0545    1.7434     13.00     43.00    101.00    821.00      0.00
  0.2000   0.0800      186.4410    4.1588     52.00    128.00    258.00   1364.00      0.00       9.3085    0.2528      2.00      6.00     12.00    121.00      0.00      48.0450    1.3106      8.00     26.00     67.00    462.00      0.00
  0.2000   0.0600      199.7935    4.5044     59.00    140.00    272.00   1553.00      0.00      20.7165    0.5937      4.00     11.00     28.00    303.00      0.00      29.6045    0.9466      4.00     13.00     40.00    367.00      0.00
  0.2000   0.0400      203.1800    4.5643     58.00    137.00    284.00   1797.00      0.00      49.8910    1.2479      9.00     31.00     71.00    371.00      0.00      13.9200    0.5694      0.00      4.00     15.00    249.00      0.00
  0.2000   0.0200      200.0585    4.4557     60.00    143.00    272.00   2000.00      0.00     114.9470    2.5778     32.00     81.00    163.00    980.00      0.00       3.4575    0.2199      0.00      0.00      3.00    143.00      0.00
