Amp Radius  OC_Mean OC_Std OC_Q1 OC_Med OC_Q3 OC_Max OC_Min  Exp_Mean Exp_Std Exp_Q1 Exp_Med Exp_Q3 Exp_Max Exp_Min  Num_Mean Num_Std Num_Q1 Num_Med Num_Q3 Num_Max Num_Min
  2.0000   0.2000        3.8115    0.0462      2.00      3.00      5.00     19.00      0.00       1.5240    0.0256      1.00      1.00      2.00     16.00      0.00       9.3215    0.0870      7.00     10.00     12.00     21.00      0.00
  2.0000   0.1800        4.2635    0.0568      3.00      4.00      5.00     29.00      0.00       1.7650    0.0351      1.00      1.00      2.00     27.00      0.00       8.8440    0.0831      6.00      9.00     11.00     21.00      0.00
  2.0000   0.1600        5.0815    0.0888      3.00      4.00      6.00     61.00      0.00       2.2875    0.0624      1.00      1.00      3.00     44.00      0.00       8.6065    0.0826      6.00      9.00     11.00     25.00      0.00
  2.0000   0.1400        5.8340    0.1241      3.00      5.00      7.00    122.00      0.00       2.9800    0.1099      1.00      2.00      3.00    120.00      0.00       8.3555    0.0814      6.00      9.00     11.00     20.00      0.00
  2.0000   0.1200        7.6345    0.1812      3.00      5.00      8.00     94.00      0.00       4.5290    0.1566      1.00      2.00      5.00     72.00      0.00       8.1110    0.0808      6.00      9.00     11.00     20.00      0.00
  2.0000   0.1000       11.4415    0.3107      4.00      7.00     13.00    142.00      0.00       7.7845    0.2846      1.00      3.00      8.00    142.00      0.00       7.9195    0.0820      6.00      8.00     11.00     17.00      0.00
  2.0000   0.0800       20.0330    0.5306      5.00     11.00     26.00    222.00      0.00      15.9690    0.5017      2.00      7.00     20.00    221.00      0.00       7.2375    0.0881      5.00      8.00     10.00     19.00      0.00
  2.0000   0.0600       37.7400    0.9556      9.00     23.00     51.00    349.00      0.00      32.9735    0.9084      5.00     18.00     46.00    347.00      0.00       6.7810    0.0944      3.00      7.00     10.00     18.00      0.00
  2.0000   0.0400       71.5270    1.6952     18.00     46.00    101.00    678.00      0.00      66.4265    1.6004     14.00     42.00     95.00    571.00      0.00       5.2235    0.0985      0.00      6.00      9.00     17.00      0.00
  2.0000   0.0200      138.1485    3.1011     38.00     95.00    195.00   1387.00      0.00     134.0175    3.0445     37.00     92.00    188.00   1387.00      0.00       2.3565    0.0803      0.00      0.00      5.00     17.00      0.00
  1.8000   0.2000        4.3900    0.0640      3.00      4.00      5.00     40.00      0.00       1.6230    0.0406      1.00      1.00      2.00     38.00      0.00       9.8670    0.0873      7.00     10.00     13.00     21.00      0.00
  1.8000   0.1800        4.7340    0.0672      3.00      4.00      6.00     35.00      0.00       1.8145    0.0416      1.00      1.00      2.00     35.00      0.00       9.4685    0.0869      7.00     10.00     12.00     22.00      0.00
  1.8000   0.1600        5.5225    0.1037      3.00      4.00      7.00    116.00      0.00       2.2420    0.0613      1.00      1.00      2.00     32.00      0.00       9.3035    0.0833      7.00     10.00     12.00     23.00      0.00
  1.8000   0.1400        6.5150    0.1252      3.00      5.00      8.00     63.00      0.00       3.0325    0.1014      1.00      2.00      3.00     60.00      0.00       9.0590    0.0827      7.00     10.00     12.00     23.00      0.00
  1.8000   0.1200        8.1745    0.1954      4.00      6.00      9.00    130.00      0.00       4.4070    0.1730      1.00      2.00      4.00    130.00      0.00       8.6560    0.0835      6.00      9.00     11.00     22.00      0.00
  1.8000   0.1000       12.9870    0.3522      4.00      8.00     15.00    158.00      0.00       8.4865    0.3090      1.00      3.00      9.00    154.00      0.00       8.5860    0.0853      7.00      9.00     11.00     22.00      0.00
  1.8000   0.0800       20.2205    0.5232      6.00     11.00     27.00    247.00      0.00      15.0155    0.4515      2.00      7.00     20.00    205.00      0.00       7.6970    0.0933      5.00      8.00     11.00     21.00      0.00
  1.8000   0.0600       38.4250    0.9416      9.00     25.00     52.00    328.00      0.00      32.2735    0.8769      5.00     19.00     45.00    325.00      0.00       7.2375    0.0984      4.00      8.00     11.00     21.00      0.00
  1.8000   0.0400       70.8505    1.8231     16.00     44.00     94.00    938.00      0.00      63.7825    1.6732     12.00     39.00     86.00    585.00      0.00       5.4705    0.1059      0.00      6.00     10.00     20.00      0.00
  1.8000   0.0200      135.7970    3.0817     37.00     91.00    189.00   1036.00      0.00     128.5825    2.9717     33.00     85.00    182.00    977.00      0.00       2.5965    0.0863      0.00      0.00      6.00     18.00      0.00
  1.6000   0.2000        4.7915    0.0623      3.00      4.00      6.00     31.00      0.00       1.5260    0.0267      1.00      1.00      2.00     22.00      0.00      10.7925    0.0952      8.00     11.00     13.00     34.00      0.00
  1.6000   0.1800        5.3935    0.0807      3.00      5.00      7.00     63.00      0.00       1.7845    0.0384      1.00      1.00      2.00     30.00      0.00      10.6210    0.0934      8.00     11.00     13.00     28.00      0.00
  1.6000   0.1600        6.0165    0.0972      3.00      5.00      7.00     64.00      0.00       2.1950    0.0649      1.00      1.00      2.00     62.00      0.00      10.2175    0.0930      8.00     10.00     13.00     28.00      0.00
  1.6000   0.1400        7.3095    0.1411      4.00      6.00      9.00    104.00      0.00       3.0745    0.1081      1.00      2.00      3.00     99.00      0.00       9.8145    0.0928      7.00     10.00     12.00     30.00      0.00
  1.6000   0.1200        9.2670    0.2165      4.00      7.00     11.00    140.00      0.00       4.4480    0.1671      1.00      2.00      4.00     96.00      0.00       9.5610    0.0902      7.00     10.00     12.00     23.00      0.00
  1.6000   0.1000       13.5990    0.3513      5.00      9.00     16.00    246.00      0.00       7.8855    0.2805      1.00      3.00      8.00    126.00      0.00       9.1160    0.0937      7.00     10.00     12.00     26.00      0.00
  1.6000   0.0800       22.1020    0.5437      6.00     13.00     29.00    220.00      0.00      15.4330    0.4746      2.00      6.00     20.00    175.00      0.00       8.5290    0.0965      6.00      9.00     12.00     24.00      0.00
  1.6000   0.0600       39.9770    1.0065     10.00     25.00     55.00    369.00      0.00      30.6395    0.8419      4.00     17.00     42.00    332.00      0.00       7.6400    0.1063      4.00      9.00     11.00     20.00      0.00
  1.6000   0.0400       73.7815    1.7636     18.00     48.00    103.00    540.00      0.00      63.4305    1.6010     13.00     40.00     88.00    536.00      0.00       5.8960    0.1150      0.00      7.00     10.00     23.00      0.00
  1.6000   0.0200      143.2890    3.2957     37.00    101.00    203.00   1448.00      0.00     132.7770    3.0368     33.00     93.00    188.00   1188.00      0.00       2.9245    0.0978      0.00      0.00      6.00     21.00      0.00
  1.4000   0.2000        5.5125    0.0731      3.00      5.00      7.00     34.00      0.00       1.5420    0.0288      1.00      1.00      2.00     26.00      0.00      12.1795    0.1106      9.00     12.00     15.00     32.00      0.00
  1.4000   0.1800        6.1955    0.0944      3.00      5.00      8.00     40.00      0.00       1.7680    0.0411      1.00      1.00      2.00     37.00      0.00      11.7780    0.1106      9.00     12.00     15.00     33.00      0.00
  1.4000   0.1600        7.2045    0.1199      4.00      6.00      9.00     57.00      0.00       2.2800    0.0690      1.00      1.00      3.00     56.00      0.00      11.3380    0.1043      9.00     11.00     14.00     30.00      0.00
  1.4000   0.1400        8.7985    0.1774      4.00      7.00     11.00    105.00      0.00       2.9530    0.1025      1.00      2.00      3.00     94.00      0.00      11.1085    0.1035      8.00     11.00     14.00     30.00      0.00
  1.4000   0.1200       10.8625    0.2322      5.00      8.00     13.00    106.00      0.00       4.5760    0.1798      1.00      2.00      4.00     96.00      0.00      10.7700    0.0992      8.00     11.00     13.00     31.00      0.00
  1.4000   0.1000       15.3325    0.3400      6.00     10.00     19.00    145.00      0.00       8.2440    0.2801      2.00      4.00      9.00    139.00      0.00      10.4815    0.1037      8.00     11.00     13.00     28.00      0.00
  1.4000   0.0800       24.7990    0.5928      8.00     15.00     32.00    256.00      0.00      15.9180    0.4976      2.00      7.00     21.00    251.00      0.00       9.7405    0.1137      7.00     10.00     13.00     29.00      0.00
  1.4000   0.0600       44.1660    1.0611     11.00     28.00     59.00    382.00      0.00      32.6665    0.8846      4.00     18.00     47.00    298.00      0.00       8.7315    0.1234      5.00     10.00     12.00     28.00      0.00
  1.4000   0.0400       76.4380    1.8161     19.00     50.00    106.00    697.00      0.00      63.0855    1.5742     12.00     40.00     88.00    675.00      0.00       6.5805    0.1314      0.00      7.00     11.00     27.00      0.00
  1.4000   0.0200      144.6990    3.3785     41.00    101.00    196.00   1276.00      0.00     130.4030    3.0570     35.00     88.00    181.00   1212.00      0.00       3.1230    0.1122      0.00      0.00      6.00     27.00      0.00
  1.2000   0.2000        6.7825    0.1049      4.00      6.00      8.00     73.00      0.00       1.5690    0.0334      1.00      1.00      2.00     31.00      0.00      14.5445    0.1384     11.00     14.00     18.00     45.00      0.00
  1.2000   0.1800        7.4775    0.1118      4.00      6.00      9.00     50.00      0.00       1.7640    0.0367      1.00      1.00      2.00     19.00      0.00      13.8490    0.1357     10.00     13.00     17.00     43.00      0.00
  1.2000   0.1600        8.4965    0.1386      5.00      7.00     11.00     77.00      0.00       2.2070    0.0568      1.00      1.00      3.00     45.00      0.00      13.3240    0.1301     10.00     13.00     16.00     39.00      0.00
  1.2000   0.1400       10.1285    0.1924      5.00      8.00     12.00    142.00      0.00       2.9785    0.1027      1.00      2.00      3.00     72.00      0.00      12.8525    0.1276     10.00     13.00     16.00     41.00      0.00
  1.2000   0.1200       13.2715    0.2895      6.00     10.00     16.00    158.00      0.00       4.3750    0.1669      1.00      2.00      4.00    158.00      0.00      12.6580    0.1230     10.00     12.00     16.00     35.00      0.00
  1.2000   0.1000       17.4455    0.4037      7.00     12.00     21.00    218.00      0.00       7.7060    0.2742      1.00      3.00      8.00    140.00      0.00      12.1115    0.1327      9.00     12.00     15.00     35.00      0.00
  1.2000   0.0800       27.3620    0.6335      9.00     17.00     35.00    239.00      0.00      15.4860    0.4795      2.00      6.00     21.00    210.00      0.00      11.1920    0.1409      8.00     12.00     15.00     37.00      0.00
  1.2000   0.0600       48.9785    1.1477     14.00     32.00     66.00    376.00      0.00      32.6825    0.8999      4.00     18.00     45.00    346.00      0.00       9.9030    0.1489      4.00     11.00     14.00     33.00      0.00
  1.2000   0.0400       83.3365    1.8652     24.00     56.00    115.00    755.00      0.00      65.3470    1.5651     14.00     42.00     92.00    457.00      0.00       7.8105    0.1618      0.00      8.00     13.00     37.00      0.00
  1.2000   0.0200      142.6230    3.1322     41.00     99.00    203.00   1489.00      0.00     124.1345    2.7849     32.00     87.00    179.00    952.00      0.00       3.8040    0.1356      0.00      0.00      8.00     33.00      0.00
  1.0000   0.2000        8.5235    0.1276      5.00      7.00     11.00     57.00      0.00       1.5640    0.0354      1.00      1.00      2.00     48.00      0.00      17.4245    0.1854     12.00     16.00     22.00     60.00      0.00
  1.0000   0.1800        9.6825    0.1530      5.00      8.00     12.00     55.00      0.00       1.8535    0.0425      1.00      1.00      2.00     38.00      0.00      16.9895    0.1855     11.00     16.00     22.00     57.00      0.00
  1.0000   0.1600       10.7870    0.1743      6.00      9.00     14.00     70.00      0.00       2.1280    0.0556      1.00      1.00      2.00     39.00      0.00      16.6705    0.1746     12.00     16.00     21.00     71.00      0.00
  1.0000   0.1400       13.2370    0.2439      6.00     11.00     17.00    152.00      0.00       3.1340    0.1079      1.00      2.00      3.00     71.00      0.00      16.0670    0.1747     11.00     15.00     21.00     58.00      0.00
  1.0000   0.1200       16.3125    0.3213      8.00     12.00     21.00    184.00      0.00       4.4850    0.1712      1.00      2.00      4.00    140.00      0.00      15.6745    0.1773     11.00     15.00     20.00     48.00      0.00
  1.0000   0.1000       21.9975    0.4822      9.00     15.00     27.00    179.00      0.00       7.3680    0.2654      1.00      3.00      8.00    109.00      0.00      15.1590    0.1802     11.00     15.00     20.00     59.00      0.00
  1.0000   0.0800       33.0180    0.7342     11.00     23.00     44.00    315.00      0.00      15.4105    0.4730      2.00      7.00     21.00    219.00      0.00      13.5485    0.1812      9.00     13.00     18.00     51.00      0.00
  1.0000   0.0600       54.5805    1.1894     16.00     38.00     75.00    420.00      0.00      31.4710    0.8717      4.00     17.00     45.00    420.00      0.00      11.8245    0.1919      4.00     12.00     17.00     50.00      0.00
  1.0000   0.0400       94.2920    2.1229     27.00     65.00    132.00    889.00      0.00      67.0655    1.6234     15.00     45.00     93.00    605.00      0.00       8.8410    0.1983      0.00      8.00     15.00     45.00      0.00
  1.0000   0.0200      158.0485    3.5592     44.00    109.00    223.00   1487.00      0.00     133.5745    3.0775     33.00     88.00    192.00    890.00      0.00       3.9495    0.1630      0.00      0.00      4.00     44.00      0.00
  0.8000   0.2000       12.0660    0.1859      6.00     10.00     16.00     83.00      0.00       1.5895    0.0323      1.00      1.00      2.00     29.00      0.00      23.8825    0.2883     15.00     22.00     31.00     93.00      0.00
  0.8000   0.1800       13.0300    0.2032      7.00     11.00     17.00     98.00      0.00       1.8045    0.0375      1.00      1.00      2.00     26.00      0.00      22.5970    0.2687     15.00     21.00     29.00     86.00      0.00
  0.8000   0.1600       15.2835    0.2596      7.00     13.00     20.00    124.00      0.00       2.3095    0.0741      1.00      1.00      3.00     53.00      0.00      22.6325    0.2859     14.00     21.00     30.00     97.00      0.00
  0.8000   0.1400       17.9860    0.3345      9.00     14.00     23.00    235.00      0.00       2.8340    0.0968      1.00      2.00      3.00     69.00      0.00      21.5135    0.2656     14.00     20.00     28.00     83.00      0.00
  0.8000   0.1200       22.2305    0.4335     10.00     17.00     29.00    195.00      0.00       4.4990    0.1703      1.00      2.00      4.00    106.00      0.00      20.3880    0.2679     13.00     19.00     26.00     91.00      0.00
  0.8000   0.1000       29.2425    0.6317     12.00     22.00     38.00    428.00      0.00       8.4020    0.3088      1.00      3.00      9.00    187.00      0.00      19.8330    0.2716     12.00     18.00     27.00     86.00      0.00
  0.8000   0.0800       43.1610    0.9855     14.00     29.00     56.00    426.00      0.00      15.2540    0.4987      2.00      6.00     19.00    212.00      0.00      18.1545    0.2804     10.00     17.00     25.00     90.00      0.00
  0.8000   0.0600       62.8030    1.4128     19.00     41.00     85.00    496.00      0.00      30.8380    0.8658      4.00     16.00     44.00    297.00      0.00      15.8495    0.2901      3.00     15.00     24.00     80.00      0.00
  0.8000   0.0400      107.7105    2.4922     30.00     72.00    149.00    896.00      0.00      63.8620    1.6503     13.00     39.00     89.00    767.00      0.00      11.4195    0.2915      0.00      7.00     19.00     66.00      0.00
  0.8000   0.0200      168.9160    3.7755     48.00    114.00    233.00   1357.00      0.00     134.8605    3.1431     35.00     92.00    186.00   1223.00      0.00       4.8185    0.2139      0.00      0.00      4.00     68.00      0.00
  0.6000   0.2000       19.1115    0.3136      9.00     16.00     25.00    137.00      0.00       1.5755    0.0290      1.00      1.00      2.00     18.00      0.00      36.4850    0.4838     22.00     33.00     48.00    207.00      0.00
  0.6000   0.1800       21.2490    0.3612     10.00     17.00     28.00    144.00      0.00       1.8935    0.0516      1.00      1.00      2.00     53.00      0.00      35.3600    0.4812     20.00     31.00     46.00    150.00      0.00
  0.6000   0.1600       24.4310    0.4383     11.00     19.00     31.00    207.00      0.00       2.2350    0.0705      1.00      1.00      2.00     51.00      0.00      34.5040    0.4788     19.00     30.00     46.00    146.00      0.00
  0.6000   0.1400       27.8570    0.5081     12.00     21.00     37.00    204.00      0.00       3.0120    0.1078      1.00      2.00      3.00     75.00      0.00      32.1935    0.4776     17.00     28.00     44.00    216.00      0.00
  0.6000   0.1200       32.9685    0.5932     14.00     26.00     44.00    230.00      0.00       4.4060    0.1602      1.00      2.00      4.00     88.00      0.00      31.4870    0.4579     17.00     28.00     43.00    135.00      0.00
  0.6000   0.1000       44.3555    0.8824     18.00     33.00     60.00    417.00      0.00       7.6480    0.2675      1.00      3.00      8.00    118.00      0.00      29.6635    0.4639     15.00     26.00     41.00    150.00      0.00
  0.6000   0.0800       58.1640    1.2149     20.00     42.00     78.00    501.00      0.00      14.9510    0.4750      2.00      6.00     19.00    193.00      0.00      25.9845    0.4861      8.00     22.00     38.00    123.00      0.00
  0.6000   0.0600       88.0780    1.8796     28.00     63.00    120.00    603.00      0.00      32.6325    0.8981      5.00     18.00     44.00    338.00      0.00      21.7455    0.4762      2.00     18.00     34.00    144.00      0.00
  0.6000   0.0400      124.3980    2.6789     38.00     92.00    172.00    901.00      0.00      63.5200    1.5370     13.00     41.00     93.00    561.00      0.00      15.2500    0.4575      0.00      5.00     26.00    167.00      0.00
  0.6000   0.0200      179.2565    4.1147     53.00    119.00    248.00   1573.00      0.00     129.3445    3.0213     35.00     87.00    177.00   1361.00      0.00       5.6580    0.3068      0.00      0.00      2.00    142.00      0.00
  0.4000   0.2000       41.0305    0.7910     18.00     31.00     55.00    408.00      0.00       1.5715    0.0317      1.00      1.00      2.00     24.00      0.00      71.1645    1.2409     31.00     58.00     98.00    395.00      0.00
  0.4000   0.1800       45.5865    0.8968     19.00     35.00     59.00    429.00      0.00       1.7740    0.0388      1.00      1.00      2.00     23.00      0.00      68.7225    1.1987     30.00     56.00     94.00    397.00      0.00
  0.4000   0.1600       53.3530    1.0555     21.00     40.00     72.00    420.00      0.00       2.2360    0.0651      1.00      1.00      2.00     49.00      0.00      65.5880    1.2037     27.00     53.00     89.00    412.00      0.00
  0.4000   0.1400       59.8520    1.1647     24.00     45.00     81.00    442.00      0.00       2.9615    0.1174      1.00      2.00      3.00    120.00      0.00      61.9240    1.1496     25.00     49.00     85.00    449.00      0.00
  0.4000   0.1200       72.1290    1.5559     24.00     52.00     97.00    594.00      0.00       4.4635    0.1715      1.00      2.00      4.00     90.00      0.00      55.6185    1.1277     20.00     43.00     76.00    352.00      0.00
  0.4000   0.1000       83.7925    1.7731     29.00     60.00    112.00    766.00      0.00       7.9245    0.3111      1.00      3.00      8.00    170.00      0.00      48.7995    0.9898     16.00     37.00     70.00    359.00      0.00
  0.4000   0.0800      109.0940    2.2869     37.00     78.00    146.00    924.00      0.00      16.0665    0.5236      2.00      6.00     21.00    279.00      0.00      43.3225    1.0057      8.00     31.00     64.00    343.00      0.00
  0.4000   0.0600      132.8630    2.7970     42.00     96.00    185.00    975.00      0.00      30.6735    0.8657      4.00     16.00     43.00    429.00      0.00      31.9835    0.9005      3.00     16.00     46.00    304.00      0.00
  0.4000   0.0400      161.2580    3.5309     46.00    113.00    227.00   1363.00      0.00      62.9170    1.5489     12.00     40.00     90.00    509.00      0.00      16.2865    0.6043      0.00      3.00     20.00    235.00      0.00
  0.4000   0.0200      195.7815    4.5784     54.00    132.00    266.00   1781.00      0.00     130.3335    3.1750     36.00     84.00    179.00   1759.00      0.00       4.7410    0.3162      0.00      0.00      2.00    190.00      0.00
  0.2000   0.2000      137.7200    3.0611     42.00     95.00    185.00   1170.00      0.00       1.5305    0.0269      1.00      1.00      2.00     21.00      0.00     175.9640    4.0012     53.00    123.00    240.00   1302.00      0.00
  0.2000   0.1800      144.0130    3.1091     46.00    102.00    196.00   1097.00      0.00       1.7865    0.0367      1.00      1.00      2.00     25.00      0.00     151.8710    3.4505     45.00    105.00    210.00   1431.00      0.00
  0.2000   0.1600      153.8255    3.4253     47.00    107.00    214.00   1312.00      0.00       2.2685    0.0645      1.00      1.00      2.00     56.00      0.00     130.3790    3.0414     35.00     91.00    180.00   1272.00      0.00
  0.2000   0.1400      159.5080    3.5141     49.00    114.00    218.00   1603.00      0.00       3.0695    0.1305      1.00      2.00      3.00    109.00      0.00     107.9140    2.4767     30.00     77.00    148.00    792.00      0.00
  0.2000   0.1200      163.6400    3.6688     46.00    114.00    232.00   1704.00      0.00       4.4060    0.1683      1.00      2.00      4.00     99.00      0.00      83.6810    2.0200     20.00     56.00    117.00    919.00      0.00
  0.2000   0.1000      173.3235    3.9756     46.00    114.00    244.00   1513.00      0.00       7.9540    0.2713      2.00      3.00      9.00    111.00      0.00      63.2370    1.6775     12.00     37.00     88.00    777.00      0.00
  0.2000   0.0800      189.3845    4.3017     53.00    127.00    266.00   1716.00      0.00      16.6775    0.5638      2.00      7.00     22.00    419.00      0.00      44.7630    1.2116      7.00     25.00     63.00    471.00      0.00
  0.2000   0.0600      191.3950    4.1844     52.00    138.00    269.00   1522.00      0.00      31.6770    0.9237      4.00     17.00     44.00    630.00      0.00      27.6420    0.8801      2.00     12.00     38.00    354.00      0.00
  0.2000   0.0400      197.0130    4.3560     60.00    138.00    276.00   1907.00      0.00      65.6585    1.6440     12.00     40.00     92.00    761.00      0.00      13.0255    0.5459      0.00      3.00     15.00    301.00      0.00
  0.2000   0.0200      213.6615    4.8529     59.00    148.00    295.00   2000.00      0.00     130.2225    3.1398     34.00     88.00    181.00   1703.00      0.00       3.6040    0.2168      0.00      0.00      3.00    114.00      0.00
