Amp Radius  OC_Mean OC_Std OC_Q1 OC_Med OC_Q3 OC_Max OC_Min  Exp_Mean Exp_Std Exp_Q1 Exp_Med Exp_Q3 Exp_Max Exp_Min  Num_Mean Num_Std Num_Q1 Num_Med Num_Q3 Num_Max Num_Min
  2.0000   0.2000        6.2775    0.0770      4.00      6.00      8.00     26.00      0.00       1.2940    0.0127      1.00      1.00      2.00      5.00      0.00       7.5740    0.0964      4.00      7.00     10.00     27.00      0.00
  2.0000   0.1800        6.8320    0.0850      4.00      6.00      9.00     26.00      0.00       1.3990    0.0145      1.00      1.00      2.00      5.00      0.00       6.9500    0.0885      4.00      6.00      9.00     27.00      0.00
  2.0000   0.1600        7.6060    0.0951      5.00      7.00     10.00     31.00      0.00       1.5415    0.0177      1.00      1.00      2.00      6.00      0.00       6.4595    0.0806      4.00      6.00      8.00     26.00      0.00
  2.0000   0.1400        8.4735    0.1048      5.00      8.00     11.00     36.00      0.00       1.7490    0.0219      1.00      1.00      2.00      9.00      0.00       5.7905    0.0718      3.00      5.00      8.00     20.00      0.00
  2.0000   0.1200       10.0735    0.1300      6.00      9.00     13.00     52.00      0.00       2.1050    0.0286      1.00      2.00      3.00     15.00      0.00       5.3430    0.0665      3.00      5.00      7.00     19.00      0.00
  2.0000   0.1000       12.3105    0.1646      7.00     11.00     16.00     64.00      0.00       2.6620    0.0419      1.00      2.00      3.00     20.00      0.00       4.8535    0.0612      3.00      4.00      6.00     18.00      0.00
  2.0000   0.0800       14.9790    0.2231      8.00     13.00     19.00     98.00      0.00       3.8410    0.0778      2.00      3.00      5.00     44.00      0.00       4.2775    0.0545      3.00      4.00      6.00     15.00      0.00
  2.0000   0.0600       21.4315    0.3525     11.00     17.00     28.00    132.00      0.00       7.4370    0.1732      3.00      5.00      9.00     81.00      0.00       3.8990    0.0519      2.00      4.00      5.00     16.00      0.00
  2.0000   0.0400       38.8865    0.7546     15.00     29.00     52.00    307.00      0.00      19.2320    0.4364      5.00     13.00     27.00    165.00      0.00       3.5270    0.0524      2.00      3.00      5.00     14.00      0.00
  2.0000   0.0200       92.4785    2.0333     29.00     66.00    126.00    730.00      0.00      64.0045    1.3972     18.00     44.00     90.00    479.00      0.00       2.3075    0.0532      0.00      2.00      4.00     17.00      0.00
  1.8000   0.2000        7.6765    0.0952      5.00      7.00     10.00     30.00      0.00       1.2695    0.0126      1.00      1.00      1.00      5.00      0.00       9.3105    0.1157      6.00      9.00     12.00     34.00      0.00
  1.8000   0.1800        8.5570    0.1059      5.00      8.00     11.00     34.00      0.00       1.4375    0.0156      1.00      1.00      2.00      6.00      0.00       8.8005    0.1108      5.00      8.00     12.00     34.00      0.00
  1.8000   0.1600        9.3990    0.1198      6.00      8.00     12.00     39.00      0.00       1.5355    0.0177      1.00      1.00      2.00      7.00      0.00       7.8930    0.1004      5.00      7.00     10.00     31.00      0.00
  1.8000   0.1400       10.3085    0.1315      6.00      9.00     14.00     45.00      0.00       1.7495    0.0216      1.00      1.00      2.00      7.00      0.00       7.0685    0.0915      4.00      6.00      9.00     25.00      0.00
  1.8000   0.1200       12.1810    0.1635      7.00     11.00     15.00     55.00      0.00       2.0870    0.0299      1.00      2.00      3.00     21.00      0.00       6.4555    0.0826      4.00      6.00      8.00     27.00      0.00
  1.8000   0.1000       14.5055    0.2047      8.00     13.00     19.00     66.00      0.00       2.7105    0.0444      1.00      2.00      3.00     29.00      0.00       5.7670    0.0794      3.00      5.00      8.00     27.00      0.00
  1.8000   0.0800       18.2650    0.2813     10.00     16.00     24.00    116.00      0.00       3.8530    0.0741      2.00      3.00      5.00     48.00      0.00       5.1165    0.0704      3.00      5.00      7.00     22.00      0.00
  1.8000   0.0600       25.8355    0.4510     12.00     21.00     34.00    171.00      0.00       7.4405    0.1669      3.00      5.00      9.00     84.00      0.00       4.7220    0.0688      3.00      4.00      6.00     22.00      0.00
  1.8000   0.0400       46.5160    0.9529     18.00     34.00     60.00    364.00      0.00      19.2990    0.4603      5.00     13.00     26.00    190.00      0.00       4.3555    0.0683      2.00      4.00      6.00     19.00      0.00
  1.8000   0.0200      100.6640    2.2705     32.00     69.00    136.00    910.00      0.00      61.2345    1.4592     17.00     41.00     82.00    574.00      0.00       2.6410    0.0627      0.00      2.00      4.00     22.00      0.00
  1.6000   0.2000        9.6555    0.1182      6.00      9.00     13.00     43.00      0.00       1.3035    0.0131      1.00      1.00      2.00      5.00      0.00      11.5780    0.1444      7.00     11.00     15.00     38.00      0.00
  1.6000   0.1800       10.5710    0.1373      6.00     10.00     14.00     48.00      0.00       1.3880    0.0149      1.00      1.00      2.00      7.00      0.00      10.7025    0.1404      6.00     10.00     14.00     43.00      0.00
  1.6000   0.1600       11.8825    0.1594      7.00     11.00     16.00     56.00      0.00       1.5220    0.0171      1.00      1.00      2.00      5.00      0.00       9.9350    0.1312      6.00      9.00     13.00     43.00      0.00
  1.6000   0.1400       13.2880    0.1839      8.00     12.00     17.00     80.00      0.00       1.7965    0.0232      1.00      2.00      2.00     12.00      0.00       8.9855    0.1184      5.00      8.00     12.00     39.00      0.00
  1.6000   0.1200       15.5085    0.2246      8.00     13.00     21.00    100.00      0.00       2.1570    0.0329      1.00      2.00      3.00     21.00      0.00       8.1250    0.1161      4.00      7.00     11.00     35.00      0.00
  1.6000   0.1000       18.6800    0.2724     10.00     16.00     24.00     91.00      0.00       2.7220    0.0400      1.00      2.00      4.00     18.00      0.00       7.3590    0.1069      4.00      6.00     10.00     34.00      0.00
  1.6000   0.0800       24.3490    0.4139     12.00     20.00     32.00    190.00      0.00       3.9675    0.0867      2.00      3.00      5.00     62.00      0.00       6.5065    0.0969      3.00      6.00      9.00     30.00      0.00
  1.6000   0.0600       32.7760    0.5485     16.00     27.00     43.00    245.00      0.00       7.5840    0.1642      3.00      5.00     10.00     66.00      0.00       5.8185    0.0855      3.00      5.00      8.00     27.00      0.00
  1.6000   0.0400       53.0700    1.0136     21.00     40.00     73.00    421.00      0.00      18.7515    0.4280      5.00     13.00     25.00    155.00      0.00       5.0300    0.0863      2.00      4.00      7.00     28.00      0.00
  1.6000   0.0200      114.4770    2.3623     36.00     83.00    163.00    760.00      0.00      65.7290    1.5453     17.00     43.00     89.00    604.00      0.00       3.0560    0.0763      0.00      2.00      5.00     21.00      0.00
  1.4000   0.2000       12.3975    0.1609      7.00     11.00     16.00     60.00      0.00       1.2790    0.0124      1.00      1.00      2.00      4.00      0.00      14.9345    0.1943      9.00     14.00     20.00     62.00      0.00
  1.4000   0.1800       13.9500    0.1861      8.00     12.00     18.00     63.00      0.00       1.4130    0.0152      1.00      1.00      2.00      8.00      0.00      14.1310    0.1953      8.00     13.00     19.00     52.00      0.00
  1.4000   0.1600       15.4010    0.2142      9.00     13.00     20.00     73.00      0.00       1.5690    0.0187      1.00      1.00      2.00      8.00      0.00      12.7670    0.1753      7.00     11.00     17.00     52.00      0.00
  1.4000   0.1400       17.3250    0.2607      9.00     15.00     22.00    104.00      0.00       1.7650    0.0223      1.00      1.00      2.00     10.00      0.00      11.6000    0.1720      6.00     10.00     15.00     51.00      0.00
  1.4000   0.1200       20.9180    0.3190     11.00     18.00     28.00    103.00      0.00       2.0710    0.0276      1.00      2.00      3.00     11.00      0.00      11.0130    0.1661      6.00     10.00     15.00     57.00      0.00
  1.4000   0.1000       25.4955    0.4185     13.00     21.00     34.00    141.00      0.00       2.6560    0.0425      1.00      2.00      3.00     20.00      0.00       9.6975    0.1495      5.00      8.00     13.00     52.00      0.00
  1.4000   0.0800       32.9205    0.5667     15.00     27.00     43.00    203.00      0.00       3.9330    0.0756      2.00      3.00      5.00     43.00      0.00       8.7480    0.1428      4.00      7.00     12.00     48.00      0.00
  1.4000   0.0600       44.2305    0.7927     19.00     36.00     58.00    312.00      0.00       7.5775    0.1702      3.00      5.00     10.00     74.00      0.00       7.6865    0.1273      4.00      7.00     10.00     47.00      0.00
  1.4000   0.0400       73.3650    1.5222     27.00     53.00     99.00    621.00      0.00      19.4770    0.4810      5.00     13.00     26.00    229.00      0.00       6.2900    0.1207      3.00      5.00      9.00     55.00      0.00
  1.4000   0.0200      132.3195    2.9264     40.00     94.00    177.00   1047.00      0.00      65.2200    1.4695     18.00     45.00     92.00    593.00      0.00       3.3995    0.0951      0.00      2.00      5.00     33.00      0.00
  1.2000   0.2000       17.2165    0.2503      9.00     15.00     23.00    100.00      0.00       1.2845    0.0124      1.00      1.00      2.00      5.00      0.00      20.4175    0.2946     11.00     18.00     27.00     79.00      0.00
  1.2000   0.1800       18.9595    0.2791     10.00     17.00     25.00    114.00      0.00       1.3950    0.0145      1.00      1.00      2.00      4.00      0.00      18.8960    0.2773     10.00     17.00     25.00     97.00      0.00
  1.2000   0.1600       21.7115    0.3334     11.00     19.00     28.00    157.00      0.00       1.5385    0.0181      1.00      1.00      2.00      7.00      0.00      17.4985    0.2642      9.00     15.00     23.00     91.00      0.00
  1.2000   0.1400       25.1520    0.4057     13.00     21.00     33.00    139.00      0.00       1.7465    0.0218      1.00      2.00      2.00     13.00      0.00      16.4090    0.2597      8.00     14.00     22.00     72.00      0.00
  1.2000   0.1200       29.8650    0.5328     14.00     24.00     39.00    275.00      0.00       2.1405    0.0313      1.00      2.00      3.00     24.00      0.00      14.9925    0.2597      7.00     12.00     20.00    137.00      0.00
  1.2000   0.1000       35.9075    0.6494     16.00     29.00     47.00    302.00      0.00       2.6610    0.0428      1.00      2.00      3.00     34.00      0.00      13.2260    0.2218      6.00     11.00     17.00     76.00      0.00
  1.2000   0.0800       47.2355    0.8846     19.00     37.00     64.00    428.00      0.00       3.8420    0.0723      2.00      3.00      5.00     59.00      0.00      11.8690    0.2100      5.00      9.00     16.00     75.00      0.00
  1.2000   0.0600       62.6020    1.2322     24.00     47.00     85.00    467.00      0.00       7.3550    0.1732      3.00      5.00      9.00     96.00      0.00      10.2270    0.1945      4.00      8.00     14.00     64.00      0.00
  1.2000   0.0400       92.6665    1.8957     32.00     68.00    126.00    718.00      0.00      19.8890    0.4665      5.00     13.00     27.00    148.00      0.00       7.6980    0.1607      3.00      6.00     11.00     65.00      0.00
  1.2000   0.0200      151.3325    3.1883     47.00    111.00    210.00   1202.00      0.00      65.2435    1.4722     17.00     45.00     90.00    485.00      0.00       3.4570    0.1005      0.00      2.00      5.00     42.00      0.00
  1.0000   0.2000       26.2330    0.4252     13.00     21.00     36.00    150.00      0.00       1.3095    0.0131      1.00      1.00      2.00      4.00      0.00      30.3805    0.4889     14.00     26.00     41.00    151.00      0.00
  1.0000   0.1800       29.6125    0.5282     14.00     24.00     38.00    229.00      0.00       1.4130    0.0150      1.00      1.00      2.00      6.00      0.00      28.8955    0.5040     14.00     24.00     38.00    178.00      0.00
  1.0000   0.1600       32.9250    0.5629     15.00     27.00     45.00    249.00      0.00       1.5205    0.0176      1.00      1.00      2.00      6.00      0.00      26.3255    0.4493     12.00     21.00     35.00    145.00      0.00
  1.0000   0.1400       39.4265    0.7595     17.00     31.00     51.00    301.00      0.00       1.7735    0.0217      1.00      2.00      2.00     10.00      0.00      24.5000    0.4431     11.00     20.00     32.00    163.00      0.00
  1.0000   0.1200       45.5775    0.8790     18.00     36.00     60.00    380.00      0.00       2.0955    0.0282      1.00      2.00      3.00     10.00      0.00      22.3000    0.4146      9.00     18.00     30.00    173.00      0.00
  1.0000   0.1000       55.8875    1.1106     22.00     41.00     76.00    573.00      0.00       2.6975    0.0431      1.00      2.00      4.00     21.00      0.00      19.6620    0.3810      8.00     15.00     27.00    147.00      0.00
  1.0000   0.0800       73.9010    1.5160     29.00     52.00     98.00    592.00      0.00       3.9045    0.0807      2.00      3.00      5.00     52.00      0.00      17.4410    0.3389      7.00     13.00     24.00    111.00      0.00
  1.0000   0.0600       94.0660    2.0334     31.00     67.00    124.00    708.00      0.00       7.0245    0.1708      2.00      5.00      9.00     87.00      0.00      13.9935    0.2957      5.00     10.00     19.00    108.00      0.00
  1.0000   0.0400      127.7675    2.7514     39.00     91.00    182.00   1029.00      0.00      19.3360    0.4579      5.00     13.00     26.00    210.00      0.00       9.3870    0.2148      3.00      7.00     13.00     83.00      0.00
  1.0000   0.0200      173.7185    3.8953     52.00    116.00    238.00   1639.00      0.00      62.5625    1.4276     18.00     43.00     86.00    523.00      0.00       3.4920    0.1046      0.00      2.00      5.00     30.00      0.00
  0.8000   0.2000       45.2250    0.8643     18.00     35.00     60.00    307.00      0.00       1.2865    0.0127      1.00      1.00      2.00      6.00      0.00      50.2640    0.9427     21.00     39.00     67.00    283.00      0.00
  0.8000   0.1800       52.2525    1.0425     20.00     39.00     70.00    434.00      0.00       1.4070    0.0154      1.00      1.00      2.00      5.00      0.00      48.9910    0.9474     19.00     37.00     67.00    341.00      0.00
  0.8000   0.1600       57.5525    1.2061     21.00     42.00     78.00    599.00      0.00       1.5220    0.0175      1.00      1.00      2.00      7.00      0.00      43.8225    0.8811     16.00     33.00     59.00    383.00      0.00
  0.8000   0.1400       68.0005    1.3955     25.00     49.00     92.00    461.00      0.00       1.7650    0.0225      1.00      1.00      2.00      9.00      0.00      40.8175    0.8350     15.00     30.00     55.00    294.00      0.00
  0.8000   0.1200       78.0000    1.7063     27.00     55.00    104.00    730.00      0.00       2.0825    0.0284      1.00      2.00      3.00     10.00      0.00      36.0410    0.7530     13.00     25.00     48.00    221.00      0.00
  0.8000   0.1000       92.7835    1.9768     31.00     66.00    127.00    724.00      0.00       2.6445    0.0414      1.00      2.00      3.00     18.00      0.00      30.8065    0.6534     10.00     22.00     42.00    228.00      0.00
  0.8000   0.0800      115.4500    2.5209     36.00     84.00    159.00   1229.00      0.00       3.8285    0.0707      2.00      3.00      5.00     47.00      0.00      25.6525    0.5576      8.00     18.00     35.00    196.00      0.00
  0.8000   0.0600      135.2740    2.9564     40.00     92.00    186.00   1021.00      0.00       7.7135    0.1859      3.00      5.00     10.00     87.00      0.00      17.9480    0.3938      5.00     13.00     25.00    118.00      0.00
  0.8000   0.0400      164.3230    3.5794     50.00    117.00    228.00   1174.00      0.00      19.1300    0.4619      5.00     12.00     27.00    209.00      0.00      10.7795    0.2523      2.00      7.00     15.00    107.00      0.00
  0.8000   0.0200      189.3650    4.3620     52.00    131.00    260.00   1440.00      0.00      64.7900    1.5635     17.00     41.00     91.00    683.00      0.00       3.3790    0.1082      0.00      2.00      5.00     33.00      0.00
  0.6000   0.2000       86.6425    1.7715     28.00     64.00    120.00    475.00      0.00       1.2750    0.0124      1.00      1.00      1.00      5.00      0.00      94.4225    1.9621     30.00     70.00    129.00    617.00      0.00
  0.6000   0.1800       96.0995    2.0992     31.00     68.00    129.00    743.00      0.00       1.4065    0.0153      1.00      1.00      2.00      6.00      0.00      86.6990    1.9279     29.00     61.00    116.00    729.00      0.00
  0.6000   0.1600      102.0670    2.2229     32.00     71.00    141.00    815.00      0.00       1.5835    0.0184      1.00      1.00      2.00      6.00      0.00      74.3575    1.6596     23.00     52.00    101.00    542.00      0.00
  0.6000   0.1400      114.3360    2.5224     36.00     79.00    155.00   1126.00      0.00       1.7585    0.0216      1.00      1.00      2.00      9.00      0.00      65.5340    1.4153     21.00     46.00     90.00    495.00      0.00
  0.6000   0.1200      127.6510    2.8651     40.00     89.00    174.00   1075.00      0.00       2.1495    0.0305      1.00      2.00      3.00     15.00      0.00      54.9620    1.2227     18.00     38.00     76.00    490.00      0.00
  0.6000   0.1000      140.0715    3.1151     42.00    101.00    189.00   1224.00      0.00       2.6520    0.0405      1.00      2.00      3.00     17.00      0.00      43.7055    0.9699     14.00     30.00     60.00    289.00      0.00
  0.6000   0.0800      160.2235    3.3668     50.00    115.00    227.00   1055.00      0.00       3.8280    0.0759      2.00      3.00      5.00     44.00      0.00      33.0685    0.7077     11.00     23.00     46.00    224.00      0.00
  0.6000   0.0600      165.0445    3.6453     47.00    116.00    232.00   1178.00      0.00       7.1910    0.1609      3.00      5.00      9.00     63.00      0.00      20.2000    0.4656      6.00     14.00     28.00    154.00      0.00
  0.6000   0.0400      183.3535    4.0533     55.00    129.00    256.00   1400.00      0.00      19.7180    0.4875      5.00     12.00     27.00    229.00      0.00      10.5025    0.2529      2.00      7.00     15.00     87.00      0.00
  0.6000   0.0200      193.3545    4.2096     58.00    137.00    270.00   1693.00      0.00      65.1365    1.4130     18.00     45.00     93.00    407.00      0.00       2.9205    0.0884      0.00      1.00      4.00     32.00      0.00
  0.4000   0.2000      141.5005    3.1818     42.00     99.00    193.00   1140.00      0.00       1.3075    0.0128      1.00      1.00      2.00      4.00      0.00     149.5775    3.4219     43.00    103.00    202.00   1435.00      0.00
  0.4000   0.1800      144.4335    3.1505     41.00    101.00    204.00   1149.00      0.00       1.4115    0.0152      1.00      1.00      2.00      6.00      0.00     127.9365    2.9217     35.00     87.00    176.00   1031.00      0.00
  0.4000   0.1600      158.4140    3.6028     46.00    109.00    216.00   1751.00      0.00       1.5330    0.0173      1.00      1.00      2.00      6.00      0.00     113.8265    2.7065     32.00     75.00    157.00   1467.00      0.00
  0.4000   0.1400      164.3890    3.6364     48.00    115.00    228.00   1233.00      0.00       1.7905    0.0226      1.00      2.00      2.00     12.00      0.00      90.7005    2.0558     26.00     62.00    125.00    727.00      0.00
  0.4000   0.1200      169.0910    3.7088     49.00    116.00    242.00   1253.00      0.00       2.1100    0.0286      1.00      2.00      3.00     11.00      0.00      70.3050    1.5649     21.00     47.00     99.00    541.00      0.00
  0.4000   0.1000      177.7865    3.9655     50.00    123.00    245.00   1221.00      0.00       2.7330    0.0435      1.00      2.00      4.00     30.00      0.00      52.8730    1.2109     15.00     37.00     73.00    406.00      0.00
  0.4000   0.0800      186.7820    4.1400     54.00    129.00    254.00   1451.00      0.00       4.0240    0.0825      2.00      3.00      5.00     37.00      0.00      36.4370    0.8375     10.00     24.00     50.00    305.00      0.00
  0.4000   0.0600      187.9960    4.1656     54.00    132.00    258.00   1411.00      0.00       7.4245    0.1752      3.00      5.00      9.00     82.00      0.00      21.4005    0.4912      6.00     15.00     29.00    178.00      0.00
  0.4000   0.0400      204.1350    4.5480     57.00    143.00    291.00   1843.00      0.00      19.2920    0.4538      5.00     13.00     26.00    197.00      0.00      10.6545    0.2596      2.00      7.00     15.00    111.00      0.00
  0.4000   0.0200      195.2810    4.3639     56.00    137.00    271.00   1601.00      0.00      62.7835    1.4440     17.00     44.00     86.00    724.00      0.00       2.6870    0.0796      0.00      1.00      4.00     39.00      0.00
  0.2000   0.2000      186.7390    4.2057     50.00    132.00    259.00   1829.00      0.00       1.2870    0.0128      1.00      1.00      2.00      5.00      0.00     197.0845    4.6926     51.00    134.00    271.00   2363.00      0.00
  0.2000   0.1800      181.6405    4.0543     50.00    124.00    258.00   1369.00      0.00       1.3995    0.0149      1.00      1.00      2.00      5.00      0.00     157.2465    3.6479     42.00    103.00    216.00   1212.00      0.00
  0.2000   0.1600      195.2155    4.3529     59.00    132.00    267.00   1873.00      0.00       1.5645    0.0185      1.00      1.00      2.00      6.00      0.00     135.1930    3.1249     40.00     92.00    185.00   1497.00      0.00
  0.2000   0.1400      191.5530    4.3330     56.00    132.00    269.00   1402.00      0.00       1.7315    0.0211      1.00      1.00      2.00      8.00      0.00     105.9695    2.4569     29.00     71.00    144.00    881.00      0.00
  0.2000   0.1200      184.3130    4.1675     54.00    127.00    252.00   1389.00      0.00       2.1215    0.0290      1.00      2.00      3.00     21.00      0.00      75.5805    1.7424     22.00     51.00    104.00    549.00      0.00
  0.2000   0.1000      198.2020    4.4732     58.00    133.00    277.00   1622.00      0.00       2.7490    0.0452      1.00      2.00      4.00     29.00      0.00      57.5875    1.3451     16.00     39.00     79.00    522.00      0.00
  0.2000   0.0800      195.2995    4.2233     56.00    140.00    266.00   1247.00      0.00       3.9230    0.0770      2.00      3.00      5.00     64.00      0.00      37.1985    0.8246     10.00     26.00     52.00    248.00      0.00
  0.2000   0.0600      197.3420    4.5522     51.00    139.00    277.00   2000.00      0.00       7.5140    0.1748      3.00      5.00     10.00     76.00      0.00      21.4810    0.5124      5.00     14.00     30.00    208.00      0.00
  0.2000   0.0400      196.9470    4.3680     52.00    133.00    284.00   1477.00      0.00      19.4275    0.4698      5.00     13.00     25.00    216.00      0.00       9.8140    0.2361      2.00      7.00     14.00    100.00      0.00
  0.2000   0.0200      200.6970    4.3508     59.00    143.00    284.00   1493.00      0.00      65.6015    1.5326     17.00     44.00     93.00    592.00      0.00       2.5730    0.0716      0.00      1.00      4.00     22.00      0.00
