Amp Radius  OC_Mean OC_Std OC_Q1 OC_Med OC_Q3 OC_Max OC_Min  Exp_Mean Exp_Std Exp_Q1 Exp_Med Exp_Q3 Exp_Max Exp_Min  Num_Mean Num_Std Num_Q1 Num_Med Num_Q3 Num_Max Num_Min
  2.0000   0.2000        5.2240    0.0963      2.00      4.00      7.00     30.00      0.00       3.1585    0.0748      1.00      2.00      4.00     26.00      0.00       9.0140    0.0791      7.00     10.00     11.00     23.00      0.00
  2.0000   0.1800        5.8470    0.1071      3.00      4.00      8.00     44.00      0.00       3.4445    0.0765      1.00      2.00      5.00     28.00      0.00       8.9175    0.0792      7.00     10.00     11.00     27.00      0.00
  2.0000   0.1600        7.0265    0.1454      3.00      5.00      9.00    102.00      0.00       4.4310    0.1050      1.00      3.00      6.00     48.00      0.00       8.5935    0.0787      6.00     10.00     11.00     20.00      0.00
  2.0000   0.1400        8.2510    0.1653      3.00      6.00     11.00     59.00      0.00       5.4540    0.1294      1.00      3.00      7.00     54.00      0.00       8.5865    0.0802      6.00     10.00     11.00     22.00      0.00
  2.0000   0.1200       10.1780    0.2008      4.00      7.00     14.00     93.00      0.00       6.7360    0.1502      2.00      4.00     10.00     79.00      0.00       8.4805    0.0783      7.00     10.00     11.00     21.00      0.00
  2.0000   0.1000       14.1875    0.3286      5.00     10.00     18.00    229.00      0.00      10.2380    0.2783      2.00      6.00     14.00    228.00      0.00       8.2260    0.0800      6.00      9.00     11.00     20.00      0.00
  2.0000   0.0800       21.4190    0.5063      7.00     15.00     28.00    252.00      0.00      16.6345    0.4377      4.00     11.00     22.00    243.00      0.00       7.6840    0.0861      6.00      9.00     10.00     21.00      0.00
  2.0000   0.0600       38.0730    0.8953     10.00     24.00     52.00    337.00      0.00      31.4315    0.7708      7.00     20.00     43.00    254.00      0.00       6.8755    0.0936      4.00      8.00     10.00     24.00      0.00
  2.0000   0.0400       74.0925    1.7336     20.00     48.00    103.00    696.00      0.00      66.5390    1.5852     17.00     43.00     92.00    599.00      0.00       5.1345    0.0977      0.00      6.00      9.00     18.00      0.00
  2.0000   0.0200      137.5905    3.0466     39.00     98.00    191.00   1067.00      0.00     131.5960    2.8913     38.00     93.00    184.00   1067.00      0.00       2.1445    0.0778      0.00      0.00      5.00     16.00      0.00
  1.8000   0.2000        5.8210    0.1060      3.00      4.00      7.00     43.00      0.00       3.3205    0.0770      1.00      2.00      4.00     27.00      0.00       9.7715    0.0862      7.00     10.00     12.00     27.00      0.00
  1.8000   0.1800        6.7145    0.1354      3.00      5.00      9.00     62.00      0.00       3.8675    0.0936      1.00      2.00      5.00     35.00      0.00       9.4160    0.0826      7.00     10.00     11.00     22.00      0.00
  1.8000   0.1600        7.7755    0.1599      3.00      6.00     10.00     76.00      0.00       4.4610    0.1044      1.00      3.00      6.00     45.00      0.00       9.3615    0.0829      7.00     10.00     11.00     22.00      0.00
  1.8000   0.1400        9.0885    0.1797      4.00      7.00     12.00     70.00      0.00       5.5120    0.1273      1.00      4.00      8.00     63.00      0.00       9.2055    0.0838      7.00     10.00     11.00     27.00      0.00
  1.8000   0.1200       11.8690    0.2425      4.00      9.00     16.00     94.00      0.00       7.4340    0.1784      2.00      5.00     10.00     76.00      0.00       8.9730    0.0821      7.00     10.00     11.00     22.00      0.00
  1.8000   0.1000       15.3880    0.3344      5.00     11.00     20.00    174.00      0.00       9.8925    0.2405      3.00      7.00     14.00    135.00      0.00       8.7035    0.0859      7.00     10.00     11.00     24.00      0.00
  1.8000   0.0800       22.0680    0.4750      7.00     16.00     29.00    156.00      0.00      15.6525    0.3685      4.00     11.00     22.00    153.00      0.00       8.2695    0.0916      6.00      9.00     11.00     24.00      0.00
  1.8000   0.0600       39.8390    0.8992     12.00     27.00     55.00    378.00      0.00      31.3600    0.7404      8.00     21.00     45.00    327.00      0.00       7.2160    0.0995      4.00      8.00     10.00     24.00      0.00
  1.8000   0.0400       72.6920    1.6505     20.00     49.00    100.00    587.00      0.00      62.7625    1.4597     16.00     43.00     90.00    587.00      0.00       5.3790    0.1057      0.00      6.00     10.00     23.00      0.00
  1.8000   0.0200      134.6945    2.9939     38.00     91.00    187.00    866.00      0.00     126.2520    2.8308     35.00     83.00    176.00    866.00      0.00       2.4295    0.0886      0.00      0.00      5.00     23.00      0.00
  1.6000   0.2000        6.0025    0.1112      3.00      4.00      8.00     46.00      0.00       3.0180    0.0706      1.00      2.00      4.00     39.00      0.00      10.5680    0.0953      8.00     11.00     13.00     29.00      0.00
  1.6000   0.1800        7.1665    0.1412      3.00      5.00      9.00     66.00      0.00       3.7670    0.0943      1.00      2.00      5.00     55.00      0.00      10.2915    0.0937      8.00     10.00     12.00     29.00      0.00
  1.6000   0.1600        8.4045    0.1678      3.00      6.00     11.00     72.00      0.00       4.3370    0.1047      1.00      3.00      6.00     70.00      0.00      10.0920    0.0939      8.00     10.00     12.00     26.00      0.00
  1.6000   0.1400       10.1690    0.2018      4.00      7.00     14.00     66.00      0.00       5.4115    0.1249      1.00      3.00      7.00     46.00      0.00       9.9355    0.0941      8.00     10.00     12.00     28.00      0.00
  1.6000   0.1200       12.7710    0.2834      4.00      9.00     17.00    147.00      0.00       7.0135    0.1664      2.00      5.00     10.00     94.00      0.00       9.6105    0.0924      7.00     10.00     12.00     26.00      0.00
  1.6000   0.1000       16.6700    0.3678      5.00     11.00     23.00    159.00      0.00      10.0655    0.2492      2.00      7.00     13.00    100.00      0.00       9.1830    0.0965      7.00     10.00     11.00     29.00      0.00
  1.6000   0.0800       25.5075    0.5974      8.00     18.00     33.00    256.00      0.00      16.5475    0.4214      4.00     11.00     22.00    183.00      0.00       8.8060    0.1034      6.00     10.00     11.00     30.00      0.00
  1.6000   0.0600       43.7895    1.0129     12.00     30.00     59.00    401.00      0.00      32.0705    0.8236      7.00     21.00     43.00    400.00      0.00       7.7540    0.1122      4.00      9.00     11.00     26.00      0.00
  1.6000   0.0400       77.4540    1.7038     21.00     54.00    111.00    485.00      0.00      64.0880    1.4842     16.00     43.00     90.00    455.00      0.00       5.8090    0.1194      0.00      6.00     10.00     32.00      0.00
  1.6000   0.0200      146.1040    3.1698     41.00    103.00    199.00   1066.00      0.00     133.9905    2.9522     36.00     93.00    188.00    914.00      0.00       2.6160    0.0976      0.00      0.00      5.00     25.00      0.00
  1.4000   0.2000        7.3120    0.1409      3.00      5.00     10.00     71.00      0.00       3.1570    0.0733      1.00      2.00      4.00     24.00      0.00      11.7500    0.1088      9.00     11.00     14.00     33.00      0.00
  1.4000   0.1800        8.0660    0.1620      3.00      6.00     11.00     70.00      0.00       3.7375    0.0915      1.00      2.00      5.00     36.00      0.00      11.4975    0.1103      9.00     11.00     14.00     32.00      0.00
  1.4000   0.1600        9.2330    0.1880      3.00      7.00     12.00     90.00      0.00       4.3305    0.1029      1.00      3.00      6.00     51.00      0.00      11.3665    0.1140      9.00     11.00     14.00     33.00      0.00
  1.4000   0.1400       11.0975    0.2241      4.00      8.00     15.00    106.00      0.00       5.3380    0.1183      1.00      3.00      7.00     39.00      0.00      11.0685    0.1119      9.00     11.00     14.00     36.00      0.00
  1.4000   0.1200       14.7690    0.3132      5.00     11.00     19.00    129.00      0.00       7.2905    0.1664      2.00      5.00     10.00     56.00      0.00      10.8540    0.1144      8.00     11.00     13.00     36.00      0.00
  1.4000   0.1000       19.8120    0.4214      7.00     14.00     27.00    151.00      0.00       9.9125    0.2315      2.00      7.00     14.00     91.00      0.00      10.5860    0.1108      8.00     10.00     13.00     31.00      0.00
  1.4000   0.0800       28.6495    0.6346      9.00     20.00     39.00    285.00      0.00      15.8075    0.4031      4.00     10.00     21.00    199.00      0.00       9.7690    0.1229      7.00     10.00     13.00     31.00      0.00
  1.4000   0.0600       47.1380    1.0254     14.00     33.00     66.00    404.00      0.00      30.1825    0.7008      8.00     21.00     42.00    245.00      0.00       8.4745    0.1312      3.00      9.00     12.00     34.00      0.00
  1.4000   0.0400       83.5310    1.8589     23.00     59.00    116.00    807.00      0.00      64.0110    1.4627     16.00     44.00     90.00    395.00      0.00       6.6545    0.1410      0.00      7.00     11.00     29.00      0.00
  1.4000   0.0200      147.3890    3.4315     41.00     97.00    207.00   1267.00      0.00     132.7740    3.0957     37.00     87.00    186.00   1137.00      0.00       3.0335    0.1151      0.00      0.00      6.00     28.00      0.00
  1.2000   0.2000        8.4610    0.1610      4.00      6.00     11.00     57.00      0.00       3.2445    0.0787      1.00      2.00      4.00     25.00      0.00      13.9340    0.1426     10.00     13.00     17.00     41.00      0.00
  1.2000   0.1800        9.4535    0.1969      4.00      7.00     12.00     78.00      0.00       3.6520    0.0867      1.00      2.00      5.00     38.00      0.00      13.6835    0.1403     10.00     13.00     17.00     50.00      0.00
  1.2000   0.1600       11.3425    0.2349      4.00      8.00     15.00     97.00      0.00       4.4100    0.1036      1.00      3.00      6.00     56.00      0.00      13.4180    0.1418     10.00     13.00     17.00     38.00      0.00
  1.2000   0.1400       13.9745    0.2958      5.00     10.00     18.00    111.00      0.00       5.7905    0.1499      1.00      4.00      8.00     88.00      0.00      13.0110    0.1416      9.00     12.00     17.00     37.00      0.00
  1.2000   0.1200       16.8475    0.3706      6.00     12.00     22.00    160.00      0.00       6.7790    0.1604      2.00      4.00      9.00     70.00      0.00      12.5630    0.1461      9.00     12.00     16.00     38.00      0.00
  1.2000   0.1000       22.7590    0.4762      8.00     16.00     31.00    188.00      0.00       9.8120    0.2327      3.00      7.00     14.00    117.00      0.00      12.1970    0.1459      9.00     11.00     16.00     41.00      0.00
  1.2000   0.0800       33.5645    0.7756     10.00     23.00     46.00    341.00      0.00      16.3055    0.3987      4.00     11.00     22.00    203.00      0.00      11.3265    0.1555      7.00     11.00     16.00     43.00      0.00
  1.2000   0.0600       53.5385    1.2382     15.00     36.00     75.00    581.00      0.00      32.4215    0.8426      7.00     21.00     44.00    460.00      0.00      10.0895    0.1633      3.00     10.00     15.00     34.00      0.00
  1.2000   0.0400       85.9155    1.9385     25.00     59.00    116.00    684.00      0.00      63.5465    1.4912     15.00     43.00     90.00    558.00      0.00       7.3555    0.1668      0.00      7.00     12.00     36.00      0.00
  1.2000   0.0200      146.9570    3.4580     40.00     98.00    206.00   1451.00      0.00     126.8820    3.0066     33.00     86.00    174.00   1101.00      0.00       3.1720    0.1315      0.00      0.00      4.00     37.00      0.00
  1.0000   0.2000       10.0440    0.2059      4.00      7.00     13.00    104.00      0.00       3.1425    0.0750      1.00      2.00      4.00     28.00      0.00      17.1635    0.1932     11.00     16.00     22.00     61.00      0.00
  1.0000   0.1800       11.7300    0.2264      5.00      9.00     15.00     68.00      0.00       3.6435    0.0847      1.00      2.00      5.00     27.00      0.00      17.1170    0.1904     11.00     16.00     22.00     61.00      0.00
  1.0000   0.1600       13.5590    0.2675      5.00     10.00     18.00    112.00      0.00       4.4095    0.1034      1.00      3.00      6.00     59.00      0.00      16.4790    0.1882     11.00     16.00     22.00     56.00      0.00
  1.0000   0.1400       16.2220    0.3187      6.00     12.00     21.00    114.00      0.00       5.4955    0.1271      1.00      4.00      8.00     58.00      0.00      16.2570    0.1947     11.00     15.00     21.00     52.00      0.00
  1.0000   0.1200       20.9045    0.4633      7.00     14.00     27.00    177.00      0.00       6.9735    0.1681      2.00      5.00     10.00     91.00      0.00      15.7720    0.1961     10.00     15.00     21.00     65.00      0.00
  1.0000   0.1000       27.7395    0.5895      9.00     19.00     39.00    218.00      0.00      10.4690    0.2719      3.00      7.00     14.00    173.00      0.00      14.8190    0.1940     10.00     14.00     20.00     61.00      0.00
  1.0000   0.0800       39.5955    0.8818     12.00     28.00     54.00    330.00      0.00      16.5070    0.3775      4.00     11.00     23.00    152.00      0.00      14.3190    0.2066      8.00     14.00     20.00     54.00      0.00
  1.0000   0.0600       59.9885    1.3563     17.00     41.00     84.00    469.00      0.00      30.5465    0.7343      7.00     21.00     42.00    321.00      0.00      11.8110    0.2154      2.00     11.00     19.00     47.00      0.00
  1.0000   0.0400      100.0030    2.2119     29.00     70.00    141.00    768.00      0.00      62.4955    1.4684     16.00     41.00     87.00    553.00      0.00       8.6070    0.2151      0.00      5.00     15.00     47.00      0.00
  1.0000   0.0200      158.4435    3.6306     44.00    107.00    219.00   1321.00      0.00     132.6485    3.1345     36.00     86.00    183.00   1259.00      0.00       3.6770    0.1636      0.00      0.00      2.00     46.00      0.00
  0.8000   0.2000       13.3760    0.2759      5.00     10.00     17.00    161.00      0.00       3.1810    0.0781      1.00      2.00      4.00     26.00      0.00      23.0155    0.2768     14.00     22.00     30.00     89.00      0.00
  0.8000   0.1800       15.2770    0.3149      6.00     11.00     19.00    150.00      0.00       3.6470    0.0836      1.00      2.00      5.00     28.00      0.00      22.9065    0.2714     14.00     21.00     30.00     83.00      0.00
  0.8000   0.1600       18.5995    0.3817      7.00     14.00     24.00    142.00      0.00       4.5155    0.1062      1.00      3.00      6.00     40.00      0.00      22.8690    0.3018     13.00     21.00     31.00    106.00      0.00
  0.8000   0.1400       21.4340    0.4665      7.00     15.00     28.00    218.00      0.00       5.4305    0.1421      1.00      3.00      7.00    101.00      0.00      21.3720    0.2865     13.00     20.00     29.00     94.00      0.00
  0.8000   0.1200       29.0175    0.6243     10.00     21.00     39.00    241.00      0.00       7.4875    0.1789      2.00      5.00     10.00     68.00      0.00      21.3895    0.2971     12.00     21.00     29.00     81.00      0.00
  0.8000   0.1000       35.0305    0.7589     12.00     25.00     48.00    260.00      0.00      10.2610    0.2435      2.00      7.00     14.00     76.00      0.00      19.6775    0.2849     11.00     19.00     28.00     68.00      0.00
  0.8000   0.0800       49.7765    1.0873     15.00     34.00     68.00    401.00      0.00      15.9150    0.4002      4.00     11.00     21.00    199.00      0.00      18.0875    0.3051      6.00     18.00     27.00     89.00      0.00
  0.8000   0.0600       73.9255    1.6661     22.00     50.00     99.00    637.00      0.00      31.2820    0.7628      8.00     20.00     44.00    333.00      0.00      14.9325    0.3041      2.00     13.00     24.00     91.00      0.00
  0.8000   0.0400      116.1940    2.6305     32.00     80.00    166.00   1026.00      0.00      64.6745    1.5437     16.00     43.00     89.00    612.00      0.00      10.4525    0.2879      0.00      3.00     19.00     67.00      0.00
  0.8000   0.0200      165.2075    3.7737     47.00    114.00    227.00   1364.00      0.00     129.9950    3.0472     36.00     90.00    178.00   1009.00      0.00       4.2590    0.2122      0.00      0.00      2.00     82.00      0.00
  0.6000   0.2000       19.0600    0.3879      8.00     14.00     24.00    175.00      0.00       3.0505    0.0747      1.00      2.00      4.00     31.00      0.00      35.3955    0.4742     21.00     33.00     47.00    137.00      0.00
  0.6000   0.1800       22.3265    0.4813      9.00     16.00     29.00    320.00      0.00       3.7835    0.0863      1.00      2.00      5.00     27.00      0.00      35.2435    0.4893     20.00     32.00     48.00    186.00      0.00
  0.6000   0.1600       24.2570    0.4990      9.00     18.00     32.00    217.00      0.00       4.2430    0.0979      1.00      2.00      6.00     42.00      0.00      34.4150    0.4853     19.00     31.00     48.00    134.00      0.00
  0.6000   0.1400       30.9260    0.6354     11.00     22.00     41.00    202.00      0.00       5.4075    0.1239      1.00      3.00      8.00     48.00      0.00      32.7505    0.4947     17.00     30.00     45.00    149.00      0.00
  0.6000   0.1200       39.1285    0.8374     14.00     27.00     53.00    306.00      0.00       7.3430    0.1650      2.00      5.00     11.00     55.00      0.00      30.5540    0.4878     14.00     29.00     43.00    153.00      0.00
  0.6000   0.1000       46.7160    0.9836     16.00     32.00     63.00    316.00      0.00       9.8855    0.2386      3.00      7.00     13.00     94.00      0.00      28.7375    0.5043     11.00     26.00     42.00    166.00      0.00
  0.6000   0.0800       67.3210    1.5324     21.00     47.00     88.00    551.00      0.00      15.9780    0.4294      4.00     10.00     21.00    254.00      0.00      25.7590    0.4937      5.00     23.00     39.00    132.00      0.00
  0.6000   0.0600       91.9910    2.1162     27.00     64.00    127.00   1082.00      0.00      31.1840    0.7462      8.00     20.00     43.00    255.00      0.00      20.5405    0.4999      2.00     13.00     34.00    146.00      0.00
  0.6000   0.0400      131.5170    2.9697     39.00     92.00    178.00   1166.00      0.00      64.5350    1.5326     16.00     41.00     91.00    635.00      0.00      13.1140    0.4387      0.00      2.00     21.00    162.00      0.00
  0.6000   0.0200      177.0480    3.9621     50.00    120.00    245.00   1338.00      0.00     130.3005    2.9403     36.00     93.00    181.00   1275.00      0.00       5.5965    0.3227      0.00      0.00      2.00    132.00      0.00
  0.4000   0.2000       32.9270    0.6412     13.00     25.00     43.00    233.00      0.00       3.0180    0.0698      1.00      2.00      4.00     23.00      0.00      64.1890    1.0609     28.00     56.00     90.00    388.00      0.00
  0.4000   0.1800       36.9585    0.7547     15.00     28.00     48.00    395.00      0.00       3.6140    0.0862      1.00      2.00      5.00     34.00      0.00      62.3285    1.0854     27.00     52.00     87.00    348.00      0.00
  0.4000   0.1600       44.2010    0.9296     16.00     32.00     57.00    388.00      0.00       4.2995    0.0967      1.00      3.00      6.00     33.00      0.00      63.0830    1.1180     27.00     53.00     89.00    385.00      0.00
  0.4000   0.1400       53.2745    1.1442     19.00     38.00     71.00    598.00      0.00       5.5195    0.1321      1.00      3.00      7.00     59.00      0.00      59.7975    1.1148     22.00     50.00     85.00    370.00      0.00
  0.4000   0.1200       63.4370    1.3551     21.00     47.00     86.00    547.00      0.00       6.6620    0.1604      2.00      4.00      9.00     79.00      0.00      55.1500    1.0844     16.00     45.00     83.00    318.00      0.00
  0.4000   0.1000       74.6275    1.6168     24.00     53.00    101.00    540.00      0.00       9.7960    0.2444      3.00      6.00     13.00    112.00      0.00      47.0905    1.0026      9.00     36.00     71.00    281.00      0.00
  0.4000   0.0800       95.2825    2.0990     32.00     67.00    130.00    996.00      0.00      15.5005    0.3717      4.00     10.00     22.00    187.00      0.00      40.4905    0.9974      4.00     27.00     63.00    243.00      0.00
  0.4000   0.0600      117.0860    2.5752     34.00     83.00    165.00   1073.00      0.00      29.6960    0.7199      7.00     20.00     42.00    250.00      0.00      29.6815    0.8908      1.00     10.00     48.00    247.00      0.00
  0.4000   0.0400      157.0790    3.6182     46.00    108.00    212.00   1405.00      0.00      62.7445    1.4227     18.00     44.00     85.00    449.00      0.00      17.2875    0.7496      0.00      2.00     18.00    397.00      0.00
  0.4000   0.0200      181.2770    3.9565     55.00    127.00    251.00   1272.00      0.00     125.1305    2.7720     37.00     89.00    172.00   1035.00      0.00       5.8375    0.4304      0.00      0.00      1.00    186.00      0.00
  0.2000   0.2000       98.6930    2.1059     32.00     69.00    136.00    985.00      0.00       3.1450    0.0754      1.00      2.00      4.00     25.00      0.00     164.3220    3.7373     42.00    116.00    230.00   1282.00      0.00
  0.2000   0.1800      109.2920    2.3705     35.00     78.00    151.00    858.00      0.00       3.8390    0.0900      1.00      2.00      5.00     36.00      0.00     152.7270    3.7618     36.00    100.00    214.00   1584.00      0.00
  0.2000   0.1600      117.2745    2.6013     35.00     83.00    163.00   1082.00      0.00       4.3010    0.1006      1.00      3.00      6.00     43.00      0.00     130.3925    3.1494     26.00     87.00    190.00   1210.00      0.00
  0.2000   0.1400      125.4605    2.7695     38.00     86.00    175.00    910.00      0.00       5.1505    0.1284      1.00      3.00      7.00     81.00      0.00     113.9605    2.8808     20.00     72.00    158.00    811.00      0.00
  0.2000   0.1200      142.5715    3.1663     42.00    102.00    195.00   1261.00      0.00       6.8360    0.1635      2.00      4.00     10.00     72.00      0.00      99.6130    2.6754     12.00     58.00    143.00   1039.00      0.00
  0.2000   0.1000      156.6275    3.3255     46.00    110.00    226.00   1381.00      0.00       9.9295    0.2446      2.00      6.00     14.00    147.00      0.00      71.9420    1.9326      8.00     39.00    109.00    672.00      0.00
  0.2000   0.0800      166.5960    3.8741     47.00    112.00    229.00   1461.00      0.00      15.5125    0.3936      4.00     10.00     21.00    228.00      0.00      56.1720    1.9127      3.00     19.00     75.00    754.00      0.00
  0.2000   0.0600      182.2630    4.2463     51.00    126.00    252.00   1523.00      0.00      30.3455    0.7000      7.00     21.00     43.00    252.00      0.00      31.7080    1.3132      1.00      7.00     34.00    648.00      0.00
  0.2000   0.0400      195.5955    4.4075     59.00    141.00    260.00   1595.00      0.00      64.9970    1.5044     17.00     45.00     91.00    641.00      0.00      16.3030    0.9133      0.00      2.00     11.00    454.00      0.00
  0.2000   0.0200      192.5160    4.4017     55.00    134.00    264.00   1686.00      0.00     126.6525    2.8842     35.00     85.00    176.00    966.00      0.00       3.3795    0.2900      0.00      0.00      1.00    186.00      0.00
