Amp Radius  OC_Mean OC_Std OC_Q1 OC_Med OC_Q3 OC_Max OC_Min  Exp_Mean Exp_Std Exp_Q1 Exp_Med Exp_Q3 Exp_Max Exp_Min  Num_Mean Num_Std Num_Q1 Num_Med Num_Q3 Num_Max Num_Min
  2.0000   0.2000        4.1860    0.0731      2.00      3.00      5.00     67.00      0.00       1.8970    0.0448      1.00      1.00      2.00     31.00      0.00       8.9825    0.0808      7.00      9.00     11.00     22.00      0.00
  2.0000   0.1800        4.8250    0.1014      2.00      4.00      6.00     71.00      0.00       2.4450    0.0861      1.00      1.00      2.00     69.00      0.00       8.7290    0.0759      7.00      9.00     11.00     19.00      0.00
  2.0000   0.1600        5.7890    0.1369      3.00      4.00      7.00     66.00      0.00       3.2120    0.1188      1.00      2.00      3.00     62.00      0.00       8.4945    0.0777      6.00      9.00     11.00     20.00      0.00
  2.0000   0.1400        7.6715    0.2153      3.00      5.00      8.00    153.00      0.00       4.8485    0.1960      1.00      2.00      5.00    143.00      0.00       8.3265    0.0733      6.00      9.00     11.00     18.00      0.00
  2.0000   0.1200        9.5210    0.2689      3.00      6.00     10.00    202.00      0.00       6.5660    0.2490      1.00      3.00      7.00    200.00      0.00       7.9300    0.0780      6.00      8.00     10.00     19.00      0.00
  2.0000   0.1000       14.5330    0.4391      4.00      7.00     17.00    196.00      0.00      11.2065    0.4127      1.00      4.00     13.00    185.00      0.00       7.5975    0.0802      6.00      8.00     10.00     18.00      0.00
  2.0000   0.0800       27.5760    0.8193      6.00     14.00     36.00    416.00      0.00      23.1755    0.7672      3.00     11.00     31.00    416.00      0.00       7.1020    0.0900      5.00      8.00     10.00     18.00      0.00
  2.0000   0.0600       49.4575    1.3153     10.00     29.00     69.00    548.00      0.00      44.6780    1.2534      6.00     25.00     63.00    547.00      0.00       6.1335    0.0955      2.00      7.00     10.00     21.00      0.00
  2.0000   0.0400       85.3800    2.0918     21.00     57.00    119.00   1125.00      0.00      80.3810    2.0353     18.00     52.00    111.00   1125.00      0.00       4.3290    0.0969      0.00      4.00      8.00     19.00      0.00
  2.0000   0.0200      147.1250    3.4296     41.00    101.00    197.00   1272.00      0.00     143.0535    3.3549     39.00     97.00    194.00   1266.00      0.00       2.0170    0.0770      0.00      0.00      4.00     17.00      0.00
  1.8000   0.2000        4.5540    0.0809      2.00      4.00      5.00     45.00      0.00       2.1005    0.0639      1.00      1.00      2.00     44.00      0.00       9.4955    0.0815      7.00     10.00     12.00     27.00      0.00
  1.8000   0.1800        4.8070    0.0808      3.00      4.00      6.00     53.00      0.00       2.1695    0.0609      1.00      1.00      2.00     52.00      0.00       9.3310    0.0813      7.00     10.00     12.00     25.00      0.00
  1.8000   0.1600        6.0255    0.1294      3.00      4.00      7.00     94.00      0.00       3.1045    0.1132      1.00      2.00      3.00     94.00      0.00       9.1100    0.0819      7.00      9.00     11.00     26.00      0.00
  1.8000   0.1400        7.4045    0.1897      3.00      5.00      8.00    134.00      0.00       4.0695    0.1616      1.00      2.00      4.00    132.00      0.00       8.9000    0.0789      7.00      9.00     11.00     24.00      0.00
  1.8000   0.1200       11.0505    0.3414      4.00      6.00     12.00    186.00      0.00       7.4380    0.3121      1.00      3.00      7.00    182.00      0.00       8.5885    0.0806      6.00      9.00     11.00     22.00      0.00
  1.8000   0.1000       17.0040    0.5097      5.00      8.00     20.00    202.00      0.00      12.8660    0.4668      2.00      5.00     15.00    201.00      0.00       8.1800    0.0885      6.00      9.00     11.00     21.00      0.00
  1.8000   0.0800       28.0160    0.8001      6.00     15.00     36.00    464.00      0.00      23.1470    0.7520      3.00     11.00     30.00    464.00      0.00       7.6730    0.0912      5.00      8.00     11.00     23.00      0.00
  1.8000   0.0600       48.5615    1.2264      9.00     30.00     69.00    530.00      0.00      42.7620    1.1220      6.00     24.00     60.00    342.00      0.00       6.4625    0.1018      1.00      7.00     10.00     21.00      0.00
  1.8000   0.0400       82.3210    1.9686     20.00     54.00    112.00    711.00      0.00      75.7470    1.8713     17.00     49.00    103.00    702.00      0.00       4.8850    0.1056      0.00      5.00      9.00     22.00      0.00
  1.8000   0.0200      141.3710    3.2485     37.00     93.00    196.00   1496.00      0.00     137.1730    3.1799     36.00     88.00    192.00   1491.00      0.00       2.2295    0.0861      0.00      0.00      4.00     22.00      0.00
  1.6000   0.2000        5.0950    0.0938      3.00      4.00      6.00     61.00      0.00       2.0860    0.0682      1.00      1.00      2.00     60.00      0.00      10.3140    0.0917      8.00     10.00     13.00     30.00      0.00
  1.6000   0.1800        5.9170    0.1348      3.00      5.00      7.00    107.00      0.00       2.5110    0.0977      1.00      1.00      3.00     96.00      0.00      10.1595    0.0910      8.00     10.00     13.00     33.00      0.00
  1.6000   0.1600        6.7750    0.1477      3.00      5.00      8.00     84.00      0.00       3.1140    0.1077      1.00      2.00      3.00     68.00      0.00       9.7920    0.0882      8.00     10.00     12.00     29.00      0.00
  1.6000   0.1400        8.7000    0.2257      4.00      6.00     10.00    146.00      0.00       4.6010    0.1883      1.00      2.00      4.00    140.00      0.00       9.6540    0.0907      7.00     10.00     12.00     27.00      0.00
  1.6000   0.1200       11.7520    0.3133      4.00      7.00     13.00    135.00      0.00       6.8845    0.2634      1.00      3.00      7.00    131.00      0.00       9.3975    0.0905      7.00     10.00     12.00     30.00      0.00
  1.6000   0.1000       17.9090    0.4802      5.00     10.00     22.00    204.00      0.00      12.2830    0.4174      2.00      5.00     15.00    202.00      0.00       8.9430    0.0943      7.00     10.00     12.00     25.00      0.00
  1.6000   0.0800       29.4550    0.7996      6.00     16.00     38.00    432.00      0.00      23.2900    0.7318      3.00     10.00     31.00    369.00      0.00       8.2250    0.1050      6.00      9.00     11.00     29.00      0.00
  1.6000   0.0600       50.7595    1.3151     10.00     31.00     69.00    598.00      0.00      43.0115    1.2137      5.00     24.00     60.00    558.00      0.00       7.0245    0.1127      1.00      8.00     11.00     25.00      0.00
  1.6000   0.0400       88.6015    2.1176     22.00     61.00    123.00   1014.00      0.00      78.3465    1.9126     18.00     54.00    110.00    831.00      0.00       5.4695    0.1197      0.00      6.00     10.00     24.00      0.00
  1.6000   0.0200      148.8405    3.4745     41.00     97.00    206.00   1615.00      0.00     142.1500    3.3118     37.00     93.00    198.00   1151.00      0.00       2.3475    0.0936      0.00      0.00      4.00     21.00      0.00
  1.4000   0.2000        5.7005    0.0909      3.00      5.00      7.00     41.00      0.00       1.9190    0.0509      1.00      1.00      2.00     38.00      0.00      11.9495    0.1116      9.00     12.00     15.00     33.00      0.00
  1.4000   0.1800        6.7065    0.1424      3.00      5.00      8.00    121.00      0.00       2.4485    0.0950      1.00      1.00      3.00    119.00      0.00      11.4235    0.1066      9.00     11.00     14.00     30.00      0.00
  1.4000   0.1600        7.9850    0.1864      4.00      6.00     10.00    150.00      0.00       3.1765    0.1225      1.00      2.00      3.00    115.00      0.00      11.2500    0.1036      9.00     11.00     14.00     33.00      0.00
  1.4000   0.1400        9.6420    0.2295      4.00      7.00     11.00    120.00      0.00       4.3435    0.1678      1.00      2.00      4.00     91.00      0.00      10.8350    0.1050      8.00     11.00     13.00     30.00      0.00
  1.4000   0.1200       13.0315    0.3702      5.00      8.00     15.00    199.00      0.00       6.9315    0.2962      1.00      3.00      6.00    165.00      0.00      10.4410    0.1096      8.00     11.00     13.00     37.00      0.00
  1.4000   0.1000       20.8160    0.5491      6.00     12.00     26.00    235.00      0.00      13.1370    0.4586      2.00      5.00     15.00    227.00      0.00      10.0390    0.1122      7.00     10.00     13.00     31.00      0.00
  1.4000   0.0800       34.1175    0.9376      8.00     18.00     45.00    409.00      0.00      24.6195    0.7932      3.00     11.00     33.00    405.00      0.00       9.5920    0.1228      7.00     10.00     13.00     28.00      0.00
  1.4000   0.0600       56.1235    1.3882     13.00     35.00     76.00    507.00      0.00      44.5880    1.1850      7.00     27.00     63.00    494.00      0.00       7.9015    0.1304      1.00      9.00     12.00     30.00      0.00
  1.4000   0.0400       93.9205    2.1943     22.00     62.00    131.00    821.00      0.00      81.8195    2.0427     16.00     52.00    115.00    819.00      0.00       5.9145    0.1330      0.00      6.00     11.00     25.00      0.00
  1.4000   0.0200      145.8425    3.4128     39.00     96.00    202.00   1293.00      0.00     136.4295    3.2198     35.00     91.00    188.00   1293.00      0.00       2.5300    0.1048      0.00      0.00      3.00     28.00      0.00
  1.2000   0.2000        6.7345    0.1156      4.00      5.00      8.00     69.00      0.00       1.9490    0.0505      1.00      1.00      2.00     36.00      0.00      13.6100    0.1362     10.00     13.00     17.00     44.00      0.00
  1.2000   0.1800        7.8405    0.1573      4.00      6.00      9.00     81.00      0.00       2.4115    0.0840      1.00      1.00      3.00     75.00      0.00      13.6285    0.1354     10.00     13.00     17.00     41.00      0.00
  1.2000   0.1600        9.2170    0.2065      4.00      7.00     11.00    137.00      0.00       3.1180    0.1303      1.00      2.00      3.00    110.00      0.00      13.0040    0.1328      9.00     12.00     16.00     44.00      0.00
  1.2000   0.1400       10.9525    0.2429      5.00      8.00     13.00    138.00      0.00       4.2310    0.1852      1.00      2.00      4.00    136.00      0.00      12.7205    0.1305      9.00     12.00     16.00     39.00      0.00
  1.2000   0.1200       14.8140    0.3627      5.00      9.00     18.00    183.00      0.00       6.8765    0.2701      1.00      3.00      7.00    124.00      0.00      12.3770    0.1381      9.00     12.00     15.00     42.00      0.00
  1.2000   0.1000       22.3275    0.5679      7.00     13.00     27.00    217.00      0.00      12.5510    0.4330      2.00      5.00     15.00    179.00      0.00      11.6935    0.1419      8.00     11.00     16.00     36.00      0.00
  1.2000   0.0800       36.4315    0.9504      9.00     20.00     46.00    391.00      0.00      24.0680    0.7338      3.00     10.00     31.00    235.00      0.00      10.9520    0.1517      7.00     11.00     15.00     46.00      0.00
  1.2000   0.0600       60.6105    1.3996     14.00     41.00     85.00    479.00      0.00      45.8730    1.1894      7.00     29.00     65.00    479.00      0.00       9.1040    0.1575      1.00     10.00     14.00     38.00      0.00
  1.2000   0.0400       93.1605    2.2119     23.00     62.00    133.00    772.00      0.00      77.0770    1.9080     16.00     50.00    111.00    759.00      0.00       6.6455    0.1662      0.00      3.00     12.00     36.00      0.00
  1.2000   0.0200      153.4740    3.5059     41.00    104.00    214.00   1176.00      0.00     139.9725    3.1954     38.00     95.00    198.00   1090.00      0.00       3.0425    0.1304      0.00      0.00      2.00     36.00      0.00
  1.0000   0.2000        8.6160    0.1456      4.00      7.00     11.00     80.00      0.00       1.9490    0.0501      1.00      1.00      2.00     29.00      0.00      17.0660    0.1792     12.00     16.00     22.00     52.00      0.00
  1.0000   0.1800        9.9310    0.1837      5.00      8.00     12.00     84.00      0.00       2.3795    0.0748      1.00      1.00      3.00     55.00      0.00      16.7300    0.1819     11.00     16.00     21.00     56.00      0.00
  1.0000   0.1600       11.3350    0.2141      5.00      9.00     14.00    106.00      0.00       3.0000    0.1002      1.00      2.00      3.00     59.00      0.00      16.2345    0.1792     11.00     15.00     21.00     65.00      0.00
  1.0000   0.1400       13.8760    0.2861      6.00     10.00     17.00    142.00      0.00       4.4235    0.1680      1.00      2.00      4.00     74.00      0.00      15.6890    0.1770     11.00     15.00     20.00     55.00      0.00
  1.0000   0.1200       18.4960    0.4461      7.00     12.00     22.00    169.00      0.00       6.8720    0.2905      1.00      3.00      6.00    139.00      0.00      15.5290    0.1810     10.00     15.00     20.00     52.00      0.00
  1.0000   0.1000       26.0850    0.6621      8.00     16.00     32.00    421.00      0.00      12.4340    0.4572      2.00      5.00     14.00    245.00      0.00      14.6540    0.1875     10.00     14.00     20.00     68.00      0.00
  1.0000   0.0800       40.4070    0.9862     11.00     25.00     53.00    406.00      0.00      22.7640    0.6951      3.00     10.00     30.00    278.00      0.00      13.2035    0.1996      7.00     13.00     19.00     50.00      0.00
  1.0000   0.0600       64.5220    1.5275     17.00     42.00     93.00    560.00      0.00      43.9885    1.1948      7.00     24.00     64.00    452.00      0.00      11.2060    0.2062      1.00     11.00     17.00     55.00      0.00
  1.0000   0.0400      102.7875    2.2794     26.00     71.00    143.00    770.00      0.00      77.3990    1.8580     15.00     51.00    109.00    590.00      0.00       8.1235    0.2113      0.00      4.00     15.00     49.00      0.00
  1.0000   0.0200      158.7485    3.6612     44.00    109.00    220.00   1380.00      0.00     138.5540    3.1871     37.00     92.00    196.00   1166.00      0.00       3.5490    0.1600      0.00      0.00      2.00     44.00      0.00
  0.8000   0.2000       11.4940    0.1966      6.00      9.00     14.00     91.00      0.00       2.0440    0.0715      1.00      1.00      2.00     83.00      0.00      23.1835    0.2702     15.00     21.00     30.00     91.00      0.00
  0.8000   0.1800       12.7840    0.2185      6.00     10.00     17.00     94.00      0.00       2.2890    0.0638      1.00      1.00      3.00     45.00      0.00      22.2075    0.2657     14.00     21.00     29.00     91.00      0.00
  0.8000   0.1600       15.8650    0.3112      7.00     12.00     20.00    131.00      0.00       3.2635    0.1274      1.00      2.00      3.00     82.00      0.00      22.1780    0.2724     14.00     20.00     29.00     97.00      0.00
  0.8000   0.1400       18.1425    0.3791      8.00     13.00     23.00    169.00      0.00       4.3190    0.1777      1.00      2.00      4.00    152.00      0.00      21.1380    0.2629     13.00     20.00     28.00    105.00      0.00
  0.8000   0.1200       23.8550    0.5240     10.00     17.00     30.00    245.00      0.00       7.2745    0.3045      1.00      3.00      6.00    154.00      0.00      20.5030    0.2687     12.00     19.00     27.00     85.00      0.00
  0.8000   0.1000       32.9630    0.7783     11.00     21.00     42.00    316.00      0.00      12.0160    0.4423      2.00      4.00     13.00    187.00      0.00      19.3460    0.2814     11.00     19.00     26.00     76.00      0.00
  0.8000   0.0800       48.4765    1.1787     13.00     31.00     65.00    541.00      0.00      22.4035    0.6864      3.00     10.00     30.00    245.00      0.00      17.5025    0.2873      8.00     17.00     25.00     77.00      0.00
  0.8000   0.0600       73.6860    1.7492     20.00     46.00    100.00    570.00      0.00      44.1660    1.2844      6.00     24.00     60.00    501.00      0.00      14.9430    0.3052      1.00     14.00     24.00     75.00      0.00
  0.8000   0.0400      115.8910    2.6676     33.00     81.00    161.00   1292.00      0.00      80.4245    1.9503     18.00     53.00    112.00    635.00      0.00      10.2010    0.2970      0.00      2.00     18.00    112.00      0.00
  0.8000   0.0200      164.0985    3.7225     48.00    113.00    223.00   1690.00      0.00     142.3875    3.2845     38.00     99.00    195.00   1690.00      0.00       4.4035    0.2225      0.00      0.00      1.00     72.00      0.00
  0.6000   0.2000       17.2630    0.3037      8.00     14.00     23.00    157.00      0.00       1.8745    0.0469      1.00      1.00      2.00     36.00      0.00      34.6500    0.4719     20.00     31.00     46.00    174.00      0.00
  0.6000   0.1800       19.9945    0.3631      9.00     16.00     26.00    193.00      0.00       2.4350    0.0832      1.00      1.00      2.00     53.00      0.00      33.6415    0.4703     20.00     30.00     44.00    163.00      0.00
  0.6000   0.1600       23.0085    0.4301     10.00     18.00     30.00    190.00      0.00       3.3010    0.1286      1.00      2.00      3.00     84.00      0.00      32.3045    0.4605     17.00     29.00     44.00    140.00      0.00
  0.6000   0.1400       27.2095    0.5122     11.00     21.00     36.00    207.00      0.00       4.0870    0.1464      1.00      2.00      4.00     73.00      0.00      32.6505    0.4741     17.00     30.00     44.00    145.00      0.00
  0.6000   0.1200       35.4550    0.7705     13.00     26.00     46.00    353.00      0.00       6.8155    0.2802      1.00      3.00      7.00    203.00      0.00      31.3455    0.4951     16.00     28.00     43.00    154.00      0.00
  0.6000   0.1000       45.9885    1.0457     16.00     32.00     60.00    571.00      0.00      12.5665    0.4458      2.00      5.00     15.00    200.00      0.00      27.9750    0.4837     12.00     25.00     40.00    139.00      0.00
  0.6000   0.0800       64.9345    1.4680     20.00     43.00     88.00    529.00      0.00      23.7825    0.7319      3.00     10.00     33.00    437.00      0.00      25.1810    0.4798      7.00     22.00     38.00    153.00      0.00
  0.6000   0.0600       92.7620    2.0474     29.00     63.00    127.00    870.00      0.00      43.7020    1.1596      6.00     27.00     62.00    407.00      0.00      19.6730    0.4729      1.00     14.00     31.00    114.00      0.00
  0.6000   0.0400      124.3825    2.7307     36.00     88.00    172.00    900.00      0.00      77.8150    1.9134     15.00     49.00    111.00    607.00      0.00      13.3185    0.4384      0.00      2.00     22.00    130.00      0.00
  0.6000   0.0200      181.8645    4.0902     54.00    127.00    247.00   1534.00      0.00     143.1735    3.3350     41.00     96.00    196.00   1534.00      0.00       5.2370    0.3022      0.00      0.00      2.00    124.00      0.00
  0.4000   0.2000       34.9515    0.6510     15.00     27.00     46.00    236.00      0.00       1.9625    0.0517      1.00      1.00      2.00     41.00      0.00      65.9630    1.0794     31.00     55.00     91.00    332.00      0.00
  0.4000   0.1800       41.5445    0.8194     17.00     32.00     55.00    366.00      0.00       2.3220    0.0721      1.00      1.00      2.00     64.00      0.00      66.2425    1.1008     30.00     56.00     89.00    346.00      0.00
  0.4000   0.1600       44.9490    0.8525     18.00     35.00     60.00    319.00      0.00       3.0560    0.1018      1.00      2.00      3.00     61.00      0.00      61.8110    1.0932     27.00     52.00     84.00    357.00      0.00
  0.4000   0.1400       52.5510    1.0694     20.00     38.00     70.00    459.00      0.00       4.2770    0.1759      1.00      2.00      4.00    146.00      0.00      57.0955    1.0309     23.00     46.00     81.00    299.00      0.00
  0.4000   0.1200       65.1140    1.3424     23.00     48.00     87.00    475.00      0.00       6.9760    0.2879      1.00      3.00      7.00    158.00      0.00      54.1845    1.0516     18.00     43.00     77.00    291.00      0.00
  0.4000   0.1000       77.7665    1.6326     26.00     57.00    105.00    687.00      0.00      11.8420    0.4183      2.00      4.00     13.00    227.00      0.00      47.8970    0.9909     13.00     38.00     71.00    366.00      0.00
  0.4000   0.0800       98.4590    2.1391     32.00     70.00    131.00    818.00      0.00      23.6810    0.7069      3.00     11.00     33.00    331.00      0.00      40.8545    0.9353      5.00     29.00     64.00    267.00      0.00
  0.4000   0.0600      129.0460    2.8973     38.00     91.00    177.00    971.00      0.00      42.4475    1.1427      6.00     24.00     59.00    412.00      0.00      29.6215    0.8863      1.00     12.00     46.00    307.00      0.00
  0.4000   0.0400      163.8615    3.6075     49.00    111.00    232.00   1210.00      0.00      83.2345    2.0491     19.00     55.00    114.00    845.00      0.00      15.5280    0.6568      0.00      2.00     17.00    229.00      0.00
  0.4000   0.0200      195.1075    4.4383     55.00    133.00    270.00   2000.00      0.00     140.7810    3.2405     39.00     95.00    191.00   1416.00      0.00       5.0080    0.3732      0.00      0.00      1.00    196.00      0.00
  0.2000   0.2000      116.0135    2.4510     35.00     84.00    159.00    707.00      0.00       1.9130    0.0515      1.00      1.00      2.00     36.00      0.00     163.3860    3.5732     47.00    115.00    232.00   1071.00      0.00
  0.2000   0.1800      126.5015    2.7498     41.00     87.00    175.00    977.00      0.00       2.2770    0.0715      1.00      1.00      2.00     77.00      0.00     148.4790    3.3621     42.00    101.00    207.00   1483.00      0.00
  0.2000   0.1600      131.0325    2.7849     44.00     93.00    180.00    935.00      0.00       2.9700    0.1032      1.00      2.00      3.00     66.00      0.00     127.4240    2.8174     37.00     91.00    180.00   1036.00      0.00
  0.2000   0.1400      150.5070    3.2816     45.00    106.00    206.00   1039.00      0.00       4.5310    0.1840      1.00      2.00      4.00    135.00      0.00     113.8325    2.7723     27.00     74.00    158.00   1018.00      0.00
  0.2000   0.1200      153.1710    3.3154     47.00    107.00    210.00   1019.00      0.00       6.8885    0.2734      1.00      3.00      7.00    150.00      0.00      89.4335    2.2013     18.00     58.00    126.00    661.00      0.00
  0.2000   0.1000      165.3790    3.5718     50.00    118.00    228.00   1440.00      0.00      12.7755    0.4464      2.00      5.00     15.00    232.00      0.00      67.0280    1.8073     11.00     39.00     93.00    639.00      0.00
  0.2000   0.0800      170.6315    3.7939     51.00    118.00    236.00   1647.00      0.00      22.1355    0.6566      3.00     10.00     30.00    283.00      0.00      47.1380    1.5012      4.00     21.00     63.00    621.00      0.00
  0.2000   0.0600      184.5520    4.0548     54.00    130.00    254.00   1292.00      0.00      43.9830    1.1909      7.00     25.00     62.00    401.00      0.00      30.1035    1.1072      1.00      9.00     36.00    420.00      0.00
  0.2000   0.0400      192.9560    4.4342     57.00    133.00    261.00   1908.00      0.00      78.6490    1.9692     17.00     52.00    109.00    878.00      0.00      13.7845    0.6756      0.00      2.00     12.00    367.00      0.00
  0.2000   0.0200      197.6410    4.3340     59.00    140.00    274.00   1418.00      0.00     141.0210    3.1539     37.00    101.00    197.00   1351.00      0.00       3.3745    0.2613      0.00      0.00      1.00    197.00      0.00
