Amp Radius  OC_Mean OC_Std OC_Q1 OC_Med OC_Q3 OC_Max OC_Min  Exp_Mean Exp_Std Exp_Q1 Exp_Med Exp_Q3 Exp_Max Exp_Min  Num_Mean Num_Std Num_Q1 Num_Med Num_Q3 Num_Max Num_Min
  2.0000   0.2000        4.0855    0.0593      2.00      3.00      5.00     27.00      0.00       1.9055    0.0362      1.00      1.00      2.00     19.00      0.00       9.2885    0.0807      7.00     10.00     12.00     22.00      0.00
  2.0000   0.1800        4.5515    0.0719      3.00      4.00      6.00     49.00      0.00       2.1815    0.0466      1.00      1.00      3.00     33.00      0.00       9.2180    0.0783      7.00     10.00     11.00     27.00      0.00
  2.0000   0.1600        5.2920    0.0925      3.00      4.00      7.00     48.00      0.00       2.5820    0.0584      1.00      2.00      3.00     37.00      0.00       8.9385    0.0797      7.00     10.00     11.00     22.00      0.00
  2.0000   0.1400        6.1510    0.1262      3.00      5.00      8.00     92.00      0.00       3.3765    0.1045      1.00      2.00      4.00     89.00      0.00       8.6450    0.0773      7.00      9.00     11.00     20.00      0.00
  2.0000   0.1200        7.6235    0.1579      3.00      6.00      9.00     93.00      0.00       4.5150    0.1369      1.00      3.00      5.00     89.00      0.00       8.5030    0.0766      7.00      9.00     11.00     23.00      0.00
  2.0000   0.1000       10.3615    0.2498      4.00      7.00     12.00    139.00      0.00       6.9565    0.2267      2.00      4.00      8.00    137.00      0.00       8.2435    0.0773      6.00      9.00     11.00     18.00      0.00
  2.0000   0.0800       17.2405    0.4414      5.00     10.00     22.00    196.00      0.00      13.1730    0.4001      3.00      6.00     17.00    191.00      0.00       7.7805    0.0824      6.00      9.00     10.00     20.00      0.00
  2.0000   0.0600       32.2350    0.8470      7.00     19.00     44.00    464.00      0.00      27.2135    0.7946      4.00     14.00     38.00    462.00      0.00       6.8995    0.0909      4.00      8.00     10.00     17.00      0.00
  2.0000   0.0400       68.3130    1.5921     17.00     45.00     96.00    537.00      0.00      62.0485    1.4978     14.00     40.00     87.00    534.00      0.00       5.2105    0.0988      0.00      6.00      9.00     20.00      0.00
  2.0000   0.0200      137.4750    3.0241     40.00     98.00    190.00    973.00      0.00     132.8155    2.9670     37.00     94.00    184.00    973.00      0.00       2.3600    0.0808      0.00      0.00      5.00     16.00      0.00
  1.8000   0.2000        4.4670    0.0650      3.00      4.00      6.00     28.00      0.00       1.9055    0.0356      1.00      1.00      2.00     16.00      0.00       9.8825    0.0852      8.00     10.00     12.00     27.00      0.00
  1.8000   0.1800        4.9115    0.0749      3.00      4.00      6.00     30.00      0.00       2.1740    0.0455      1.00      1.00      3.00     27.00      0.00       9.7090    0.0826      7.00     10.00     12.00     27.00      0.00
  1.8000   0.1600        5.5385    0.0896      3.00      5.00      7.00     42.00      0.00       2.5495    0.0581      1.00      2.00      3.00     32.00      0.00       9.5395    0.0807      7.00     10.00     12.00     23.00      0.00
  1.8000   0.1400        6.7440    0.1164      3.00      5.00      9.00     52.00      0.00       3.2980    0.0817      1.00      2.00      4.00     48.00      0.00       9.4730    0.0816      7.00     10.00     12.00     23.00      0.00
  1.8000   0.1200        8.2295    0.1850      3.00      6.00     10.00    126.00      0.00       4.3995    0.1430      1.00      3.00      5.00    110.00      0.00       8.8935    0.0821      7.00     10.00     11.00     23.00      0.00
  1.8000   0.1000       11.1430    0.2699      4.00      8.00     13.00    145.00      0.00       6.9605    0.2262      2.00      4.00      8.00    126.00      0.00       8.6580    0.0821      7.00     10.00     11.00     21.00      0.00
  1.8000   0.0800       19.2220    0.4870      6.00     11.00     24.00    195.00      0.00      13.7125    0.4122      3.00      7.00     17.00    166.00      0.00       8.1855    0.0878      6.00      9.00     11.00     22.00      0.00
  1.8000   0.0600       34.3890    0.8291      8.00     22.00     48.00    375.00      0.00      27.0600    0.7219      5.00     15.00     39.00    372.00      0.00       7.5130    0.0975      5.00      8.00     11.00     23.00      0.00
  1.8000   0.0400       69.6890    1.6553     17.00     46.00     95.00    511.00      0.00      61.2760    1.5234     13.00     39.00     85.00    510.00      0.00       5.5245    0.1060      0.00      6.00     10.00     21.00      0.00
  1.8000   0.0200      130.4770    2.9872     37.00     89.00    179.00   1192.00      0.00     122.4130    2.8429     33.00     85.00    168.00   1192.00      0.00       2.5915    0.0869      0.00      0.00      6.00     19.00      0.00
  1.6000   0.2000        5.0085    0.0767      3.00      4.00      6.00     36.00      0.00       1.8925    0.0340      1.00      1.00      2.00     13.00      0.00      10.7055    0.0926      8.00     11.00     13.00     28.00      0.00
  1.6000   0.1800        5.4540    0.0865      3.00      4.00      7.00     41.00      0.00       2.0985    0.0438      1.00      1.00      3.00     39.00      0.00      10.6100    0.0937      8.00     11.00     13.00     26.00      0.00
  1.6000   0.1600        6.3530    0.1094      3.00      5.00      8.00     76.00      0.00       2.5590    0.0577      1.00      2.00      3.00     32.00      0.00      10.4460    0.0892      8.00     11.00     13.00     27.00      0.00
  1.6000   0.1400        7.2515    0.1333      3.00      6.00      9.00     70.00      0.00       3.2470    0.0868      1.00      2.00      4.00     50.00      0.00      10.0960    0.0876      8.00     10.00     12.00     27.00      0.00
  1.6000   0.1200        9.7190    0.2247      4.00      7.00     12.00    183.00      0.00       4.7005    0.1547      1.00      3.00      6.00    131.00      0.00       9.8975    0.0885      8.00     10.00     12.00     24.00      0.00
  1.6000   0.1000       12.9005    0.3066      5.00      9.00     16.00    151.00      0.00       7.0650    0.2383      2.00      4.00      8.00    129.00      0.00       9.5400    0.0939      7.00     10.00     12.00     25.00      0.00
  1.6000   0.0800       19.6460    0.4813      6.00     12.00     25.00    216.00      0.00      12.7020    0.3861      2.00      6.00     16.00    176.00      0.00       8.8860    0.0972      7.00     10.00     12.00     24.00      0.00
  1.6000   0.0600       36.4325    0.8803      9.00     23.00     49.00    257.00      0.00      28.1535    0.7592      5.00     16.00     40.00    249.00      0.00       7.9495    0.1098      5.00      9.00     11.00     24.00      0.00
  1.6000   0.0400       72.6285    1.6880     18.00     46.00    101.00    606.00      0.00      62.6825    1.5663     12.00     38.00     90.00    602.00      0.00       6.2930    0.1158      0.00      7.00     10.00     22.00      0.00
  1.6000   0.0200      135.6035    3.0479     37.00     94.00    185.00    991.00      0.00     127.7665    2.9499     34.00     89.00    177.00    984.00      0.00       2.8140    0.0989      0.00      0.00      6.00     23.00      0.00
  1.4000   0.2000        5.5325    0.0843      3.00      4.00      7.00     32.00      0.00       1.8195    0.0333      1.00      1.00      2.00     16.00      0.00      12.0875    0.1036     10.00     12.00     15.00     38.00      0.00
  1.4000   0.1800        6.2500    0.0963      3.00      5.00      8.00     50.00      0.00       2.1635    0.0448      1.00      1.00      3.00     24.00      0.00      11.7995    0.1057      9.00     12.00     14.00     43.00      0.00
  1.4000   0.1600        7.6635    0.1375      4.00      6.00     10.00     83.00      0.00       2.7260    0.0765      1.00      2.00      3.00     71.00      0.00      11.5245    0.1035      9.00     11.00     14.00     31.00      0.00
  1.4000   0.1400        9.0420    0.1737      4.00      7.00     11.00     73.00      0.00       3.3830    0.0941      1.00      2.00      4.00     61.00      0.00      11.2790    0.1079      9.00     11.00     14.00     34.00      0.00
  1.4000   0.1200       10.6465    0.2398      5.00      8.00     14.00    235.00      0.00       4.3340    0.1586      1.00      3.00      5.00    233.00      0.00      10.9485    0.1054      8.00     11.00     13.00     32.00      0.00
  1.4000   0.1000       14.8995    0.3490      6.00     10.00     19.00    203.00      0.00       7.3550    0.2499      2.00      4.00      8.00    153.00      0.00      10.6290    0.1041      8.00     11.00     13.00     31.00      0.00
  1.4000   0.0800       23.3220    0.5883      7.00     15.00     30.00    305.00      0.00      13.7760    0.4301      2.00      7.00     17.00    250.00      0.00       9.9700    0.1131      7.00     10.00     13.00     33.00      0.00
  1.4000   0.0600       39.8425    0.9275     11.00     26.00     55.00    439.00      0.00      27.9875    0.7415      5.00     16.00     40.00    290.00      0.00       8.9160    0.1255      5.00     10.00     12.00     29.00      0.00
  1.4000   0.0400       73.5160    1.7018     20.00     49.00    102.00    678.00      0.00      58.4135    1.4491     13.00     38.00     81.00    614.00      0.00       6.6000    0.1324      0.00      7.00     11.00     30.00      0.00
  1.4000   0.0200      137.0415    3.0340     40.00     95.00    186.00   1017.00      0.00     125.3870    2.8326     35.00     86.00    171.00   1017.00      0.00       3.2105    0.1162      0.00      0.00      6.00     30.00      0.00
  1.2000   0.2000        6.9950    0.1089      4.00      6.00      9.00     45.00      0.00       1.9730    0.0394      1.00      1.00      2.00     20.00      0.00      14.3510    0.1440     11.00     14.00     18.00     41.00      0.00
  1.2000   0.1800        7.7745    0.1275      4.00      6.00     10.00     46.00      0.00       2.1710    0.0477      1.00      1.00      3.00     36.00      0.00      13.9555    0.1408     10.00     13.00     17.00     41.00      0.00
  1.2000   0.1600        9.0375    0.1631      4.00      7.00     11.00     95.00      0.00       2.5895    0.0758      1.00      2.00      3.00     93.00      0.00      13.7630    0.1359     10.00     13.00     17.00     38.00      0.00
  1.2000   0.1400       10.0890    0.1884      5.00      8.00     13.00    130.00      0.00       3.1265    0.0954      1.00      2.00      4.00    114.00      0.00      13.0140    0.1329     10.00     12.00     16.00     47.00      0.00
  1.2000   0.1200       13.3265    0.2984      5.00     10.00     16.00    158.00      0.00       4.6110    0.1448      1.00      3.00      5.00     95.00      0.00      12.8870    0.1338     10.00     12.00     16.00     44.00      0.00
  1.2000   0.1000       17.5300    0.3775      7.00     12.00     22.00    205.00      0.00       7.2300    0.2309      2.00      4.00      8.00    109.00      0.00      12.5510    0.1378      9.00     12.00     16.00     44.00      0.00
  1.2000   0.0800       25.7050    0.5688      9.00     18.00     34.00    196.00      0.00      13.0935    0.3829      2.00      7.00     17.00    176.00      0.00      11.3610    0.1436      8.00     11.00     15.00     44.00      0.00
  1.2000   0.0600       46.9930    1.1073     13.00     30.00     64.00    385.00      0.00      28.8435    0.7949      5.00     16.00     39.00    349.00      0.00      10.2520    0.1548      5.00     11.00     15.00     37.00      0.00
  1.2000   0.0400       87.6815    1.9906     23.00     59.00    123.00    726.00      0.00      64.6020    1.5684     13.00     43.00     90.00    502.00      0.00       7.9025    0.1634      0.00      8.00     13.00     38.00      0.00
  1.2000   0.0200      143.7540    3.2242     41.00     98.00    200.00   1080.00      0.00     125.6665    2.9082     32.00     86.00    173.00    894.00      0.00       3.3835    0.1317      0.00      0.00      6.00     29.00      0.00
  1.0000   0.2000        8.3790    0.1304      4.00      7.00     11.00     51.00      0.00       1.8550    0.0356      1.00      1.00      2.00     20.00      0.00      17.4540    0.1851     12.00     16.00     22.00     51.00      0.00
  1.0000   0.1800        9.4945    0.1619      5.00      8.00     12.00     77.00      0.00       2.0835    0.0409      1.00      1.00      3.00     17.00      0.00      17.4290    0.1890     12.00     16.00     22.00     55.00      0.00
  1.0000   0.1600       10.8930    0.1909      5.00      9.00     14.00     72.00      0.00       2.6245    0.0620      1.00      2.00      3.00     43.00      0.00      16.7655    0.1824     11.00     16.00     21.00     54.00      0.00
  1.0000   0.1400       12.9950    0.2256      6.00     10.00     17.00     85.00      0.00       3.2570    0.0792      1.00      2.00      4.00     41.00      0.00      16.8905    0.1813     12.00     16.00     22.00     58.00      0.00
  1.0000   0.1200       16.3185    0.3338      7.00     12.00     21.00    155.00      0.00       4.4145    0.1364      1.00      3.00      5.00    108.00      0.00      15.9215    0.1812     11.00     15.00     21.00     50.00      0.00
  1.0000   0.1000       21.2825    0.4406      8.00     15.00     28.00    179.00      0.00       6.9385    0.2387      2.00      4.00      8.00    131.00      0.00      15.0815    0.1828     10.00     14.00     20.00     59.00      0.00
  1.0000   0.0800       31.6700    0.7201     11.00     21.00     41.00    314.00      0.00      13.1790    0.4004      2.00      7.00     16.00    166.00      0.00      14.0340    0.1873      9.00     14.00     19.00     47.00      0.00
  1.0000   0.0600       53.7010    1.1996     16.00     36.00     73.00    437.00      0.00      28.5370    0.7897      4.00     16.00     39.00    374.00      0.00      12.4715    0.2035      5.00     12.00     18.00     56.00      0.00
  1.0000   0.0400       95.0250    2.2242     24.00     64.00    130.00    759.00      0.00      64.1470    1.6506     12.00     40.00     90.00    745.00      0.00       9.3050    0.2171      0.00      8.00     16.00     51.00      0.00
  1.0000   0.0200      151.4090    3.5267     42.00    102.00    213.00   1827.00      0.00     125.4270    2.8740     34.00     83.00    178.00    922.00      0.00       3.8510    0.1657      0.00      0.00      3.00     41.00      0.00
  0.8000   0.2000       11.1980    0.1887      6.00      9.00     15.00    104.00      0.00       1.8460    0.0344      1.00      1.00      2.00     17.00      0.00      23.9325    0.2906     15.00     22.00     31.00    100.00      0.00
  0.8000   0.1800       12.9695    0.2368      6.00     10.00     17.00    150.00      0.00       2.2005    0.0518      1.00      1.00      3.00     48.00      0.00      23.2555    0.2807     14.00     21.00     30.00     86.00      0.00
  0.8000   0.1600       14.6505    0.2761      7.00     11.00     19.00    120.00      0.00       2.6170    0.0653      1.00      2.00      3.00     65.00      0.00      22.2235    0.2733     14.00     21.00     29.00     86.00      0.00
  0.8000   0.1400       18.0300    0.3533      8.00     13.00     23.00    190.00      0.00       3.3640    0.0938      1.00      2.00      4.00     53.00      0.00      21.9395    0.2756     13.00     20.00     29.00     91.00      0.00
  0.8000   0.1200       21.9255    0.4355      9.00     16.00     29.00    205.00      0.00       4.6725    0.1417      1.00      3.00      6.00     73.00      0.00      21.0615    0.2815     12.00     19.00     28.00     78.00      0.00
  0.8000   0.1000       29.4795    0.6327     11.00     21.00     39.00    307.00      0.00       7.0110    0.2465      2.00      4.00      8.00    209.00      0.00      20.0535    0.2767     12.00     19.00     27.00     73.00      0.00
  0.8000   0.0800       41.3750    0.8660     15.00     30.00     55.00    415.00      0.00      13.3995    0.3997      3.00      7.00     17.00    188.00      0.00      18.8450    0.2824     10.00     18.00     26.00     70.00      0.00
  0.8000   0.0600       64.3135    1.4861     19.00     43.00     87.00    585.00      0.00      27.6385    0.7370      5.00     15.00     38.00    267.00      0.00      16.0420    0.3019      3.00     15.00     24.00     75.00      0.00
  0.8000   0.0400      102.3470    2.2430     30.00     70.00    143.00    848.00      0.00      60.4375    1.4101     14.00     41.00     85.00    490.00      0.00      11.7670    0.2866      0.00      8.00     20.00     80.00      0.00
  0.8000   0.0200      166.2155    3.6573     46.00    116.00    237.00   1115.00      0.00     130.4605    3.0223     33.00     87.00    181.00    980.00      0.00       4.5385    0.2123      0.00      0.00      3.00     84.00      0.00
  0.6000   0.2000       17.0105    0.2933      8.00     14.00     22.00    113.00      0.00       1.8545    0.0390      1.00      1.00      2.00     32.00      0.00      35.3685    0.4909     20.00     32.00     47.00    186.00      0.00
  0.6000   0.1800       20.3535    0.3686      9.00     16.00     26.00    173.00      0.00       2.2290    0.0461      1.00      1.00      3.00     23.00      0.00      35.0230    0.4826     20.00     32.00     46.00    143.00      0.00
  0.6000   0.1600       23.0800    0.4318     10.00     18.00     30.00    176.00      0.00       2.6910    0.0648      1.00      2.00      3.00     34.00      0.00      33.9230    0.4783     19.00     31.00     45.00    167.00      0.00
  0.6000   0.1400       26.8575    0.5046     11.00     20.00     35.00    173.00      0.00       3.3835    0.0880      1.00      2.00      4.00     54.00      0.00      32.4195    0.4660     17.00     30.00     44.00    128.00      0.00
  0.6000   0.1200       33.4900    0.6739     13.00     24.00     45.00    270.00      0.00       4.5650    0.1438      1.00      3.00      5.00    141.00      0.00      30.5505    0.4597     16.00     27.00     42.00    134.00      0.00
  0.6000   0.1000       41.9530    0.8709     16.00     30.00     55.00    342.00      0.00       7.1095    0.2283      2.00      4.00      8.00    181.00      0.00      29.8585    0.4867     14.00     27.00     42.00    169.00      0.00
  0.6000   0.0800       57.8310    1.2859     19.00     40.00     77.00    481.00      0.00      14.0065    0.4654      3.00      7.00     17.00    244.00      0.00      26.4160    0.4973      8.00     23.00     39.00    145.00      0.00
  0.6000   0.0600       84.9190    1.8189     27.00     61.00    115.00    765.00      0.00      30.0700    0.8080      5.00     17.00     41.00    276.00      0.00      20.7440    0.4722      2.00     16.00     32.00    118.00      0.00
  0.6000   0.0400      125.5250    2.7305     37.00     88.00    176.00    998.00      0.00      63.3135    1.5785     12.00     41.00     88.00    552.00      0.00      13.8770    0.4391      0.00      3.00     23.00    167.00      0.00
  0.6000   0.0200      172.7500    3.8910     47.00    121.00    241.00   1249.00      0.00     122.2335    2.7699     32.00     84.00    175.00    891.00      0.00       5.5250    0.2918      0.00      0.00      3.00    102.00      0.00
  0.4000   0.2000       36.5855    0.7108     16.00     28.00     47.00    471.00      0.00       1.9045    0.0347      1.00      1.00      2.00     15.00      0.00      69.8640    1.1581     31.00     60.00     97.00    530.00      0.00
  0.4000   0.1800       39.4480    0.7225     16.00     31.00     52.00    250.00      0.00       2.1725    0.0481      1.00      1.00      3.00     27.00      0.00      65.4520    1.1538     28.00     54.00     90.00    399.00      0.00
  0.4000   0.1600       46.0445    0.8778     18.00     35.00     62.00    299.00      0.00       2.5430    0.0612      1.00      2.00      3.00     64.00      0.00      64.5825    1.1141     28.00     53.00     91.00    326.00      0.00
  0.4000   0.1400       53.9120    1.1058     21.00     40.00     70.00    362.00      0.00       3.3360    0.1264      1.00      2.00      4.00    204.00      0.00      58.8415    1.0858     23.00     48.00     83.00    399.00      0.00
  0.4000   0.1200       60.8445    1.2598     22.00     44.00     82.00    460.00      0.00       4.1250    0.1263      1.00      3.00      5.00    105.00      0.00      53.2155    0.9975     19.00     44.00     76.00    322.00      0.00
  0.4000   0.1000       77.8410    1.6224     27.00     55.00    107.00    689.00      0.00       6.8130    0.2217      2.00      4.00      8.00    196.00      0.00      48.9765    0.9827     14.00     39.00     71.00    299.00      0.00
  0.4000   0.0800       98.6725    2.1933     31.00     70.00    133.00    765.00      0.00      13.4030    0.3993      3.00      7.00     17.00    243.00      0.00      41.1780    0.9671      7.00     28.00     61.00    257.00      0.00
  0.4000   0.0600      127.8170    2.7227     39.00     89.00    180.00    803.00      0.00      29.7225    0.8210      5.00     17.00     41.00    362.00      0.00      30.1750    0.8344      2.00     15.00     44.00    269.00      0.00
  0.4000   0.0400      158.0700    3.4436     45.00    111.00    219.00   1229.00      0.00      62.2085    1.5288     12.00     40.00     87.00    503.00      0.00      16.5825    0.6611      0.00      3.00     18.00    237.00      0.00
  0.4000   0.0200      183.3290    4.2313     56.00    126.00    246.00   1507.00      0.00     123.4730    2.9102     34.00     83.00    171.00   1049.00      0.00       5.3355    0.3556      0.00      0.00      2.00    159.00      0.00
  0.2000   0.2000      116.8980    2.4337     38.00     85.00    162.00    799.00      0.00       1.8480    0.0348      1.00      1.00      2.00     20.00      0.00     165.8805    3.5748     51.00    115.00    239.00   1299.00      0.00
  0.2000   0.1800      123.8830    2.7305     37.00     87.00    170.00   1060.00      0.00       2.1510    0.0470      1.00      1.00      3.00     35.00      0.00     145.5940    3.3105     41.00    101.00    201.00   1475.00      0.00
  0.2000   0.1600      136.6325    2.9383     41.00     98.00    190.00   1317.00      0.00       2.6510    0.0564      1.00      2.00      3.00     24.00      0.00     130.0385    3.0083     34.00     88.00    181.00   1485.00      0.00
  0.2000   0.1400      143.3220    3.1422     43.00     99.00    199.00   1219.00      0.00       3.2050    0.0821      1.00      2.00      4.00     65.00      0.00     109.8950    2.5871     27.00     72.00    151.00   1081.00      0.00
  0.2000   0.1200      159.5725    3.6247     48.00    109.00    214.00   1135.00      0.00       4.4135    0.1573      1.00      3.00      5.00    118.00      0.00      93.2970    2.2867     20.00     59.00    134.00    710.00      0.00
  0.2000   0.1000      176.4185    3.9089     52.00    121.00    246.00   1284.00      0.00       7.3695    0.2333      2.00      4.00      9.00    108.00      0.00      68.8935    1.7549     13.00     43.00     97.00    521.00      0.00
  0.2000   0.0800      181.9990    4.0960     52.00    126.00    246.00   1196.00      0.00      13.6965    0.4323      3.00      7.00     16.00    189.00      0.00      48.8040    1.4176      6.00     26.00     67.00    537.00      0.00
  0.2000   0.0600      185.2935    4.2891     52.00    126.00    250.00   1668.00      0.00      27.7205    0.7588      4.00     15.00     38.00    293.00      0.00      28.8645    1.0030      2.00     11.00     37.00    531.00      0.00
  0.2000   0.0400      193.3775    4.1879     58.00    136.00    270.00   1453.00      0.00      62.9110    1.5501     13.00     41.00     90.00    584.00      0.00      12.7805    0.5949      0.00      3.00     12.00    408.00      0.00
  0.2000   0.0200      193.5590    4.3670     54.00    135.00    266.00   1534.00      0.00     128.0365    2.9927     31.00     87.00    179.00    991.00      0.00       2.7065    0.2055      0.00      0.00      2.00    187.00      0.00
