Amp Radius  OC_Mean OC_Std OC_Q1 OC_Med OC_Q3 OC_Max OC_Min  Exp_Mean Exp_Std Exp_Q1 Exp_Med Exp_Q3 Exp_Max Exp_Min  Num_Mean Num_Std Num_Q1 Num_Med Num_Q3 Num_Max Num_Min
  2.0000   0.2000        4.3010    0.0538      3.00      4.00      5.00     31.00      0.00       1.2980    0.0280      1.00      1.00      1.00     25.00      0.00       4.9575    0.0583      3.00      4.00      6.00     18.00      0.00
  2.0000   0.1800        4.7715    0.0694      3.00      4.00      6.00     52.00      0.00       1.4605    0.0378      1.00      1.00      1.00     35.00      0.00       4.6700    0.0525      3.00      4.00      6.00     16.00      0.00
  2.0000   0.1600        5.2595    0.0807      3.00      5.00      6.00     55.00      0.00       1.8090    0.0535      1.00      1.00      2.00     51.00      0.00       4.2860    0.0483      3.00      4.00      5.00     15.00      0.00
  2.0000   0.1400        6.4815    0.1133      4.00      5.00      8.00     66.00      0.00       2.6345    0.0852      1.00      1.00      2.00     64.00      0.00       4.1635    0.0450      3.00      4.00      5.00     13.00      0.00
  2.0000   0.1200        8.3790    0.1676      4.00      6.00     10.00     79.00      0.00       4.0315    0.1323      1.00      2.00      4.00     74.00      0.00       4.1330    0.0442      3.00      4.00      5.00     16.00      0.00
  2.0000   0.1000       11.1285    0.2381      5.00      8.00     14.00    101.00      0.00       6.2170    0.1864      1.00      3.00      8.00     94.00      0.00       4.0060    0.0439      3.00      4.00      5.00     14.00      0.00
  2.0000   0.0800       16.4955    0.3756      6.00     11.00     21.00    136.00      0.00      11.0595    0.3155      2.00      6.00     14.00    107.00      0.00       3.8170    0.0453      3.00      4.00      5.00     14.00      0.00
  2.0000   0.0600       25.6645    0.5749      8.00     17.00     35.00    214.00      0.00      19.3225    0.5174      3.00     11.00     27.00    212.00      0.00       3.6815    0.0487      2.00      4.00      5.00     14.00      0.00
  2.0000   0.0400       45.5440    1.0719     13.00     30.00     61.00    358.00      0.00      36.4145    0.9019      8.00     22.00     50.00    297.00      0.00       3.1875    0.0507      2.00      3.00      5.00     11.00      0.00
  2.0000   0.0200      107.1330    2.4143     30.00     74.00    150.00   1198.00      0.00      97.4230    2.2211     26.00     67.00    138.00    874.00      0.00       1.9395    0.0513      0.00      1.00      4.00     11.00      0.00
  1.8000   0.2000        4.9975    0.0597      3.00      5.00      6.00     26.00      0.00       1.2700    0.0213      1.00      1.00      1.00     14.00      0.00       5.8775    0.0703      4.00      5.00      8.00     25.00      0.00
  1.8000   0.1800        5.5805    0.0776      3.00      5.00      7.00     64.00      0.00       1.5590    0.0475      1.00      1.00      1.00     54.00      0.00       5.4925    0.0643      3.00      5.00      7.00     18.00      0.00
  1.8000   0.1600        6.2390    0.0865      4.00      5.00      8.00     39.00      0.00       1.8085    0.0453      1.00      1.00      2.00     26.00      0.00       5.1470    0.0610      3.00      5.00      7.00     18.00      0.00
  1.8000   0.1400        7.3170    0.1201      4.00      6.00      9.00     64.00      0.00       2.5955    0.0867      1.00      1.00      2.00     63.00      0.00       4.8910    0.0556      3.00      5.00      6.00     16.00      0.00
  1.8000   0.1200        9.0165    0.1638      5.00      7.00     11.00     76.00      0.00       3.6010    0.1181      1.00      2.00      4.00     50.00      0.00       4.9625    0.0558      3.00      5.00      6.00     16.00      0.00
  1.8000   0.1000       12.7270    0.2598      5.00      9.00     16.00     95.00      0.00       6.7975    0.2111      1.00      3.00      8.00     87.00      0.00       4.6270    0.0541      3.00      4.00      6.00     14.00      0.00
  1.8000   0.0800       17.5450    0.3722      7.00     12.00     23.00    154.00      0.00      10.4730    0.2926      2.00      5.00     14.00    137.00      0.00       4.6085    0.0574      3.00      4.00      6.00     21.00      0.00
  1.8000   0.0600       27.6560    0.6085      9.00     19.00     37.00    282.00      0.00      18.7350    0.4880      4.00     11.00     26.00    215.00      0.00       4.3730    0.0600      3.00      4.00      6.00     17.00      0.00
  1.8000   0.0400       51.3925    1.1517     14.00     35.00     70.00    391.00      0.00      39.1800    0.9553      9.00     25.00     56.00    340.00      0.00       3.6740    0.0623      1.00      4.00      5.00     17.00      0.00
  1.8000   0.0200      109.4215    2.4623     33.00     75.00    148.00    889.00      0.00      94.6645    2.1857     26.00     66.00    128.00    889.00      0.00       2.2500    0.0629      0.00      1.00      4.00     18.00      0.00
  1.6000   0.2000        6.0985    0.0767      4.00      5.00      8.00     31.00      0.00       1.2320    0.0211      1.00      1.00      1.00     21.00      0.00       7.2380    0.0880      4.00      7.00      9.00     25.00      0.00
  1.6000   0.1800        6.5145    0.0852      4.00      6.00      8.00     36.00      0.00       1.4390    0.0380      1.00      1.00      1.00     33.00      0.00       6.6720    0.0833      4.00      6.00      9.00     24.00      0.00
  1.6000   0.1600        7.5190    0.1183      4.00      7.00      9.00    106.00      0.00       1.9480    0.0755      1.00      1.00      2.00    106.00      0.00       6.2200    0.0726      4.00      6.00      8.00     23.00      0.00
  1.6000   0.1400        8.7195    0.1448      5.00      7.00     11.00     99.00      0.00       2.6225    0.0821      1.00      1.00      2.00     38.00      0.00       5.9490    0.0695      4.00      6.00      8.00     21.00      0.00
  1.6000   0.1200       10.8115    0.2026      6.00      8.00     13.00    110.00      0.00       3.8410    0.1263      1.00      2.00      4.00     68.00      0.00       5.8475    0.0681      4.00      5.00      8.00     20.00      0.00
  1.6000   0.1000       13.8895    0.2629      6.00     10.00     18.00    128.00      0.00       6.1985    0.1826      1.00      3.00      8.00    109.00      0.00       5.7335    0.0691      4.00      5.00      7.00     25.00      0.00
  1.6000   0.0800       19.5255    0.3896      8.00     14.00     26.00    184.00      0.00      10.3370    0.2780      2.00      6.00     14.00    106.00      0.00       5.5600    0.0700      3.00      5.00      7.00     19.00      0.00
  1.6000   0.0600       30.6775    0.6366     10.00     22.00     41.00    185.00      0.00      19.3420    0.4979      4.00     12.00     27.00    166.00      0.00       5.1375    0.0730      3.00      5.00      7.00     23.00      0.00
  1.6000   0.0400       54.7200    1.1906     17.00     37.00     75.00    490.00      0.00      39.3700    0.9804      9.00     26.00     55.00    459.00      0.00       4.5225    0.0788      2.00      4.00      7.00     20.00      0.00
  1.6000   0.0200      110.0470    2.4386     33.00     77.00    149.00    767.00      0.00      90.9885    2.0744     25.00     63.00    125.00    766.00      0.00       2.6705    0.0758      0.00      1.00      5.00     24.00      0.00
  1.4000   0.2000        7.5555    0.1026      5.00      7.00     10.00     48.00      0.00       1.2875    0.0283      1.00      1.00      1.00     26.00      0.00       8.8985    0.1149      5.00      8.00     12.00     34.00      0.00
  1.4000   0.1800        8.3880    0.1144      5.00      7.00     11.00     59.00      0.00       1.4745    0.0346      1.00      1.00      1.00     21.00      0.00       8.3080    0.1033      5.00      8.00     11.00     33.00      0.00
  1.4000   0.1600        9.0215    0.1255      5.00      8.00     12.00     47.00      0.00       1.7960    0.0496      1.00      1.00      2.00     31.00      0.00       7.7110    0.0979      5.00      7.00     10.00     35.00      0.00
  1.4000   0.1400       10.7260    0.1617      6.00      9.00     14.00     55.00      0.00       2.4150    0.0715      1.00      1.00      2.00     47.00      0.00       7.6225    0.0940      5.00      7.00     10.00     30.00      0.00
  1.4000   0.1200       13.0055    0.2163      7.00     11.00     16.00     75.00      0.00       3.8495    0.1150      1.00      2.00      4.00     58.00      0.00       7.2295    0.0875      4.00      7.00      9.00     30.00      0.00
  1.4000   0.1000       16.7215    0.3132      8.00     13.00     21.00    146.00      0.00       6.0635    0.1951      1.00      3.00      7.00    139.00      0.00       7.2835    0.0944      4.00      7.00     10.00     31.00      0.00
  1.4000   0.0800       22.7390    0.4471     10.00     17.00     30.00    213.00      0.00      10.5985    0.2870      2.00      6.00     14.00    112.00      0.00       6.7480    0.0914      4.00      6.00      9.00     28.00      0.00
  1.4000   0.0600       34.3865    0.7125     13.00     25.00     45.00    346.00      0.00      19.2030    0.5055      3.00     11.00     26.00    179.00      0.00       6.4160    0.0959      3.00      6.00      9.00     26.00      0.00
  1.4000   0.0400       57.9950    1.2232     19.00     42.00     76.00    417.00      0.00      36.9305    0.8543      9.00     26.00     53.00    366.00      0.00       5.4495    0.1000      1.00      5.00      8.00     26.00      0.00
  1.4000   0.0200      116.1500    2.6983     33.00     77.00    160.00   1018.00      0.00      91.7685    2.1822     24.00     61.00    124.00    849.00      0.00       2.9245    0.0919      0.00      1.00      5.00     27.00      0.00
  1.2000   0.2000        9.9040    0.1339      6.00      9.00     13.00     56.00      0.00       1.3275    0.0290      1.00      1.00      1.00     19.00      0.00      11.7825    0.1559      7.00     11.00     16.00     68.00      0.00
  1.2000   0.1800       10.7255    0.1467      6.00     10.00     14.00     50.00      0.00       1.4185    0.0284      1.00      1.00      1.00     21.00      0.00      11.0665    0.1500      6.00     10.00     14.00     51.00      0.00
  1.2000   0.1600       12.0230    0.1769      7.00     10.00     16.00    101.00      0.00       1.8360    0.0563      1.00      1.00      2.00     59.00      0.00      10.2375    0.1300      6.00      9.00     14.00     41.00      0.00
  1.2000   0.1400       13.6680    0.2076      7.00     12.00     18.00     78.00      0.00       2.5485    0.0750      1.00      1.00      2.00     31.00      0.00       9.5915    0.1242      6.00      9.00     12.00     38.00      0.00
  1.2000   0.1200       15.8425    0.2603      8.00     13.00     20.00    135.00      0.00       3.8410    0.1141      1.00      2.00      4.00     44.00      0.00       9.3850    0.1281      5.00      8.00     12.00     45.00      0.00
  1.2000   0.1000       19.8775    0.3499      9.00     16.00     26.00    139.00      0.00       5.5685    0.1654      1.00      2.00      7.00     82.00      0.00       9.3870    0.1304      5.00      9.00     13.00     47.00      0.00
  1.2000   0.0800       27.3405    0.5153     11.00     21.00     36.00    196.00      0.00      10.4225    0.3027      2.00      5.00     14.00    124.00      0.00       8.7860    0.1281      5.00      8.00     12.00     35.00      0.00
  1.2000   0.0600       40.5510    0.8511     15.00     29.00     53.00    424.00      0.00      19.2285    0.4955      4.00     12.00     26.00    179.00      0.00       8.1790    0.1362      4.00      7.00     11.00     37.00      0.00
  1.2000   0.0400       66.5440    1.4263     22.00     48.00     90.00    427.00      0.00      36.8615    0.9157      9.00     24.00     51.00    353.00      0.00       6.6530    0.1359      1.00      6.00     10.00     43.00      0.00
  1.2000   0.0200      131.4040    2.9885     38.00     92.00    177.00    914.00      0.00      95.1965    2.2347     24.00     64.00    130.00    745.00      0.00       3.5735    0.1202      0.00      1.00      6.00     38.00      0.00
  1.0000   0.2000       13.6820    0.1933      8.00     12.00     18.00     85.00      0.00       1.3060    0.0233      1.00      1.00      1.00     12.00      0.00      16.5830    0.2379      9.00     15.00     22.00     77.00      0.00
  1.0000   0.1800       14.9090    0.2221      8.00     13.00     20.00     71.00      0.00       1.5230    0.0387      1.00      1.00      1.00     27.00      0.00      15.3485    0.2220      8.00     13.00     20.00     77.00      0.00
  1.0000   0.1600       16.5215    0.2366      9.00     14.00     22.00     70.00      0.00       1.7955    0.0497      1.00      1.00      2.00     32.00      0.00      14.4800    0.2014      8.00     13.00     20.00     61.00      0.00
  1.0000   0.1400       18.5710    0.2754     10.00     16.00     24.00    110.00      0.00       2.4810    0.0723      1.00      1.00      2.00     34.00      0.00      13.5710    0.1925      7.00     12.00     18.00     59.00      0.00
  1.0000   0.1200       21.3425    0.3459     11.00     18.00     28.00    236.00      0.00       3.7475    0.1197      1.00      2.00      4.00     84.00      0.00      12.9770    0.1903      7.00     11.00     17.00     57.00      0.00
  1.0000   0.1000       26.5915    0.4408     13.00     22.00     34.00    168.00      0.00       6.2670    0.1851      1.00      3.00      8.00     67.00      0.00      12.7630    0.1995      7.00     11.00     17.00     77.00      0.00
  1.0000   0.0800       34.9115    0.6501     15.00     27.00     46.00    278.00      0.00       9.7675    0.2631      2.00      5.00     13.00     94.00      0.00      12.5070    0.1966      6.00     11.00     17.00     61.00      0.00
  1.0000   0.0600       50.1880    1.0188     20.00     38.00     66.00    498.00      0.00      19.1705    0.4995      3.00     11.00     26.00    185.00      0.00      10.8755    0.1982      4.00      9.00     16.00     54.00      0.00
  1.0000   0.0400       82.4705    1.7333     26.00     60.00    116.00    658.00      0.00      39.6170    0.9756      9.00     26.00     55.00    438.00      0.00       8.5045    0.1898      1.00      6.00     13.00     55.00      0.00
  1.0000   0.0200      144.5440    3.2360     43.00    102.00    200.00   1426.00      0.00      97.4845    2.1873     27.00     69.00    132.00    877.00      0.00       4.2700    0.1580      0.00      1.00      6.00     57.00      0.00
  0.8000   0.2000       20.2385    0.3066     10.00     17.00     27.00     96.00      0.00       1.2780    0.0255      1.00      1.00      1.00     22.00      0.00      25.2820    0.3947     12.00     21.00     34.00    102.00      0.00
  0.8000   0.1800       22.6135    0.3460     12.00     19.00     30.00    142.00      0.00       1.4130    0.0259      1.00      1.00      1.00     16.00      0.00      23.9440    0.3821     12.00     20.00     32.00    132.00      0.00
  0.8000   0.1600       25.5070    0.4045     13.00     21.00     34.00    116.00      0.00       1.8650    0.0603      1.00      1.00      2.00     48.00      0.00      22.6030    0.3700     11.00     19.00     30.00    142.00      0.00
  0.8000   0.1400       29.5655    0.4916     14.00     24.00     39.00    186.00      0.00       2.5480    0.0780      1.00      1.00      2.00     34.00      0.00      21.9670    0.3621     10.00     18.00     30.00    126.00      0.00
  0.8000   0.1200       32.4290    0.5414     16.00     27.00     43.00    201.00      0.00       3.6070    0.1158      1.00      2.00      4.00     57.00      0.00      20.1625    0.3307     10.00     17.00     27.00    126.00      0.00
  0.8000   0.1000       41.6935    0.7330     18.00     34.00     55.00    260.00      0.00       6.2345    0.1981      1.00      3.00      8.00     89.00      0.00      20.4265    0.3574      9.00     17.00     28.00    125.00      0.00
  0.8000   0.0800       49.8625    0.9786     20.00     38.00     65.00    421.00      0.00      10.1500    0.3011      2.00      5.00     13.00    192.00      0.00      17.8895    0.3223      7.00     15.00     25.00     87.00      0.00
  0.8000   0.0600       68.2510    1.3426     26.00     52.00     92.00    471.00      0.00      19.3265    0.5123      3.00     11.00     27.00    214.00      0.00      15.7435    0.3245      4.00     12.00     23.00    102.00      0.00
  0.8000   0.0400      103.7460    2.1620     34.00     77.00    142.00    791.00      0.00      38.3110    0.9105      9.00     25.00     55.00    297.00      0.00      11.5625    0.2938      1.00      7.00     18.00     93.00      0.00
  0.8000   0.0200      162.2515    3.6089     51.00    109.00    220.00   1421.00      0.00      97.0695    2.2301     28.00     64.00    132.00    764.00      0.00       4.9425    0.2119      0.00      1.00      5.00     90.00      0.00
  0.6000   0.2000       37.6595    0.6751     16.00     30.00     50.00    259.00      0.00       1.2670    0.0230      1.00      1.00      1.00     22.00      0.00      46.2915    0.8362     19.00     36.00     64.00    261.00      0.00
  0.6000   0.1800       42.3405    0.7677     19.00     33.00     57.00    265.00      0.00       1.4980    0.0385      1.00      1.00      1.00     23.00      0.00      43.6305    0.8111     19.00     34.00     59.00    353.00      0.00
  0.6000   0.1600       46.1590    0.8599     19.00     35.00     61.00    334.00      0.00       1.7815    0.0455      1.00      1.00      2.00     28.00      0.00      40.0905    0.7595     16.00     30.00     54.00    242.00      0.00
  0.6000   0.1400       52.1610    0.9894     22.00     40.00     69.00    450.00      0.00       2.3895    0.0733      1.00      1.00      2.00     37.00      0.00      38.4350    0.7385     16.00     30.00     51.00    241.00      0.00
  0.6000   0.1200       59.6985    1.1334     25.00     46.00     80.00    456.00      0.00       3.7610    0.1187      1.00      2.00      4.00     75.00      0.00      36.1995    0.7081     14.00     28.00     49.00    290.00      0.00
  0.6000   0.1000       69.0235    1.3093     27.00     53.00     91.00    500.00      0.00       5.9270    0.1773      1.00      3.00      7.00     96.00      0.00      33.1395    0.6753     12.00     24.00     46.00    263.00      0.00
  0.6000   0.0800       84.2095    1.7559     31.00     64.00    113.00   1266.00      0.00      10.6075    0.3034      2.00      5.00     14.00    195.00      0.00      29.1195    0.6169      8.00     22.00     41.00    199.00      0.00
  0.6000   0.0600      103.7560    2.1562     36.00     76.00    142.00    617.00      0.00      18.2830    0.4738      3.00     11.00     25.00    151.00      0.00      23.7065    0.5806      4.00     16.00     35.00    214.00      0.00
  0.6000   0.0400      143.5950    3.1070     45.00    104.00    199.00   1113.00      0.00      39.5755    0.9421     10.00     26.00     55.00    395.00      0.00      15.4730    0.4814      1.00      7.00     22.00    172.00      0.00
  0.6000   0.0200      174.9655    3.8632     51.00    119.00    247.00   1231.00      0.00      93.7700    2.1228     24.00     66.00    130.00    863.00      0.00       4.9800    0.2564      0.00      1.00      4.00    107.00      0.00
  0.4000   0.2000       85.8700    1.8402     29.00     63.00    118.00    770.00      0.00       1.2785    0.0240      1.00      1.00      1.00     20.00      0.00     100.4825    2.1576     33.00     73.00    138.00   1209.00      0.00
  0.4000   0.1800       91.3190    1.9282     30.00     64.00    126.00    609.00      0.00       1.5025    0.0400      1.00      1.00      1.00     25.00      0.00      89.4415    1.9406     27.00     62.00    125.00    710.00      0.00
  0.4000   0.1600      101.5300    2.1898     34.00     73.00    139.00    796.00      0.00       1.8690    0.0572      1.00      1.00      2.00     38.00      0.00      80.6855    1.7406     26.00     58.00    108.00    612.00      0.00
  0.4000   0.1400      114.6990    2.4954     36.00     80.00    154.00    845.00      0.00       2.5080    0.0763      1.00      1.00      2.00     45.00      0.00      75.3845    1.6605     23.00     52.00    103.00    499.00      0.00
  0.4000   0.1200      115.9370    2.4678     37.00     86.00    154.00    939.00      0.00       3.9020    0.1244      1.00      2.00      4.00     70.00      0.00      61.5135    1.3613     18.00     43.00     84.00    484.00      0.00
  0.4000   0.1000      138.2990    2.9419     43.00     96.00    198.00   1095.00      0.00       6.0475    0.1809      1.00      3.00      7.00     84.00      0.00      55.8075    1.2715     14.00     38.00     80.00    419.00      0.00
  0.4000   0.0800      148.6955    3.4038     43.00    100.00    202.00   1188.00      0.00      10.3720    0.2927      2.00      5.00     13.00    110.00      0.00      40.1745    1.0108      8.00     26.00     57.00    438.00      0.00
  0.4000   0.0600      159.8110    3.2990     51.00    119.00    223.00    986.00      0.00      19.2205    0.5000      4.00     11.00     27.00    236.00      0.00      26.3410    0.6657      5.00     16.00     37.00    198.00      0.00
  0.4000   0.0400      175.3375    3.9608     52.00    122.00    246.00   2000.00      0.00      37.8765    0.9111      9.00     26.00     52.00    426.00      0.00      14.0360    0.4678      1.00      6.00     18.00    196.00      0.00
  0.4000   0.0200      192.0615    4.2883     53.00    130.00    270.00   1566.00      0.00      91.5050    2.1099     25.00     64.00    126.00    648.00      0.00       3.9685    0.2039      0.00      1.00      3.00     99.00      0.00
  0.2000   0.2000      167.4435    3.8771     47.00    114.00    231.00   1546.00      0.00       1.2160    0.0213      1.00      1.00      1.00     25.00      0.00     181.6895    4.3037     48.00    120.00    248.00   2049.00      0.00
  0.2000   0.1800      168.3010    3.6725     49.00    118.00    233.00   1172.00      0.00       1.5015    0.0364      1.00      1.00      1.00     21.00      0.00     151.9240    3.4363     42.00    103.00    211.00   1229.00      0.00
  0.2000   0.1600      169.9145    3.8525     49.00    118.00    234.00   1484.00      0.00       1.8255    0.0517      1.00      1.00      2.00     38.00      0.00     124.1335    2.9125     35.00     84.00    165.00   1232.00      0.00
  0.2000   0.1400      177.6395    3.9833     53.00    123.00    241.00   1426.00      0.00       2.6005    0.0789      1.00      1.00      2.00     58.00      0.00     102.2625    2.3588     28.00     71.00    141.00    854.00      0.00
  0.2000   0.1200      183.5120    4.1574     55.00    125.00    248.00   1515.00      0.00       3.8000    0.1220      1.00      2.00      4.00     63.00      0.00      79.6410    1.8821     21.00     53.00    108.00    678.00      0.00
  0.2000   0.1000      185.3235    3.8624     57.00    133.00    260.00   1634.00      0.00       6.0625    0.1828      1.00      3.00      7.00     67.00      0.00      59.0455    1.3310     15.00     42.00     84.00    552.00      0.00
  0.2000   0.0800      185.4540    4.1177     54.00    126.00    256.00   1226.00      0.00      10.6575    0.2984      2.00      6.00     14.00    130.00      0.00      38.0245    0.9241      8.00     23.00     55.00    285.00      0.00
  0.2000   0.0600      185.5790    4.1254     51.00    124.00    264.00   1403.00      0.00      18.8955    0.4855      4.00     11.00     26.00    165.00      0.00      22.1800    0.5757      3.00     13.00     33.00    201.00      0.00
  0.2000   0.0400      191.5510    4.3999     51.00    128.00    266.00   1595.00      0.00      37.5770    0.8771      9.00     26.00     52.00    269.00      0.00      10.5880    0.3264      1.00      5.00     15.00    135.00      0.00
  0.2000   0.0200      195.7455    4.2244     61.00    143.00    263.00   1238.00      0.00      93.0590    2.0904     25.00     65.00    132.00    936.00      0.00       2.7225    0.1204      0.00      1.00      3.00     74.00      0.00
