Amp Radius  OC_Mean OC_Std OC_Q1 OC_Med OC_Q3 OC_Max OC_Min  Exp_Mean Exp_Std Exp_Q1 Exp_Med Exp_Q3 Exp_Max Exp_Min  Num_Mean Num_Std Num_Q1 Num_Med Num_Q3 Num_Max Num_Min
  2.0000   0.2000        5.0465    0.0921      2.00      4.00      7.00     38.00      0.00       3.0440    0.0740      1.00      2.00      4.00     36.00      0.00       8.9150    0.0810      7.00     10.00     11.00     25.00      0.00
  2.0000   0.1800        5.5840    0.1049      2.00      4.00      7.00     43.00      0.00       3.3325    0.0824      1.00      2.00      4.00     34.00      0.00       8.8775    0.0804      7.00     10.00     11.00     22.00      0.00
  2.0000   0.1600        6.5540    0.1272      3.00      5.00      8.00     64.00      0.00       4.1485    0.1062      1.00      2.00      5.00     63.00      0.00       8.7520    0.0770      7.00     10.00     11.00     22.00      0.00
  2.0000   0.1400        8.1635    0.1892      3.00      6.00     10.00    100.00      0.00       5.3435    0.1580      1.00      3.00      7.00    100.00      0.00       8.5305    0.0779      6.00     10.00     11.00     20.00      0.00
  2.0000   0.1200       11.0810    0.2775      3.00      7.00     14.00    137.00      0.00       7.9655    0.2396      1.00      5.00     10.00    126.00      0.00       8.3125    0.0790      6.00      9.00     11.00     19.00      0.00
  2.0000   0.1000       15.5035    0.4043      5.00     10.00     19.00    246.00      0.00      11.8630    0.3718      2.00      7.00     15.00    246.00      0.00       7.7720    0.0811      6.00      9.00     10.00     20.00      0.00
  2.0000   0.0800       23.9135    0.5861      6.00     15.00     31.00    242.00      0.00      19.2975    0.5166      4.00     11.00     25.00    179.00      0.00       7.4370    0.0885      6.00      8.00     10.00     24.00      0.00
  2.0000   0.0600       44.4985    1.0811     11.00     29.00     62.00    604.00      0.00      39.1965    0.9646      8.00     25.00     55.00    434.00      0.00       6.4440    0.0950      2.00      7.00     10.00     22.00      0.00
  2.0000   0.0400       82.8130    1.9160     22.00     55.00    116.00    635.00      0.00      76.5930    1.8040     19.00     51.00    108.00    634.00      0.00       4.6085    0.0995      0.00      5.00      9.00     21.00      0.00
  2.0000   0.0200      144.2135    3.1984     43.00    100.00    204.00   1307.00      0.00     139.8595    3.1273     41.00     97.00    198.00   1217.00      0.00       1.9980    0.0776      0.00      0.00      4.00     16.00      0.00
  1.8000   0.2000        5.4245    0.1079      2.00      4.00      7.00     57.00      0.00       2.9470    0.0788      1.00      2.00      3.00     50.00      0.00       9.6445    0.0837      7.00     10.00     12.00     24.00      0.00
  1.8000   0.1800        6.2870    0.1299      3.00      4.00      8.00     80.00      0.00       3.5385    0.0905      1.00      2.00      5.00     56.00      0.00       9.3335    0.0839      7.00     10.00     11.00     25.00      0.00
  1.8000   0.1600        7.2675    0.1452      3.00      5.00     10.00     60.00      0.00       4.2730    0.1054      1.00      3.00      6.00     46.00      0.00       9.2670    0.0794      7.00     10.00     11.00     21.00      0.00
  1.8000   0.1400        9.0415    0.2037      3.00      6.00     11.00    151.00      0.00       5.5865    0.1611      1.00      3.00      7.00    140.00      0.00       9.1435    0.0823      7.00     10.00     11.00     23.00      0.00
  1.8000   0.1200       11.5865    0.2723      4.00      8.00     15.00    139.00      0.00       7.4045    0.2135      2.00      4.00      9.00    111.00      0.00       8.9695    0.0808      7.00     10.00     11.00     28.00      0.00
  1.8000   0.1000       16.6740    0.4032      5.00     11.00     21.00    157.00      0.00      11.5240    0.3324      2.00      7.00     14.00    152.00      0.00       8.4995    0.0864      6.00     10.00     11.00     23.00      0.00
  1.8000   0.0800       25.8785    0.6579      7.00     16.00     34.00    350.00      0.00      19.5655    0.5452      4.00     11.00     26.00    350.00      0.00       7.9200    0.0916      6.00      9.00     11.00     20.00      0.00
  1.8000   0.0600       47.2800    1.1105     12.00     31.00     67.00    441.00      0.00      39.9440    1.0251      8.00     24.00     56.00    430.00      0.00       6.8870    0.1038      2.00      8.00     10.00     26.00      0.00
  1.8000   0.0400       82.2835    1.9472     21.00     55.00    112.00    700.00      0.00      73.6625    1.8094     17.00     47.00    100.00    681.00      0.00       5.1445    0.1066      0.00      6.00      9.00     23.00      0.00
  1.8000   0.0200      144.5440    3.2964     41.00    101.00    197.00   1186.00      0.00     137.9165    3.1606     39.00     95.00    189.00   1186.00      0.00       2.0985    0.0837      0.00      0.00      4.00     20.00      0.00
  1.6000   0.2000        6.0795    0.1140      3.00      4.00      8.00     43.00      0.00       3.0210    0.0748      1.00      2.00      4.00     40.00      0.00      10.1955    0.0960      8.00     10.00     12.00     28.00      0.00
  1.6000   0.1800        6.9785    0.1334      3.00      5.00      9.00     58.00      0.00       3.5120    0.0842      1.00      2.00      5.00     33.00      0.00      10.2685    0.0932      8.00     10.00     12.00     35.00      0.00
  1.6000   0.1600        8.0890    0.1724      3.00      6.00     10.00    102.00      0.00       4.1385    0.1067      1.00      2.00      5.00     53.00      0.00      10.0090    0.0935      8.00     10.00     12.00     28.00      0.00
  1.6000   0.1400       10.1840    0.2296      4.00      7.00     13.00     95.00      0.00       5.5780    0.1533      1.00      3.00      7.00     87.00      0.00       9.8940    0.0934      8.00     10.00     12.00     31.00      0.00
  1.6000   0.1200       12.9575    0.3069      4.00      8.00     17.00    128.00      0.00       7.7050    0.2214      2.00      5.00     10.00    109.00      0.00       9.4510    0.0938      7.00     10.00     12.00     29.00      0.00
  1.6000   0.1000       18.4235    0.4527      6.00     12.00     24.00    243.00      0.00      11.5805    0.3357      2.00      7.00     15.00    140.00      0.00       9.0245    0.0975      7.00     10.00     11.00     23.00      0.00
  1.6000   0.0800       28.2845    0.6956      7.00     18.00     38.00    322.00      0.00      20.1685    0.5648      4.00     12.00     27.00    246.00      0.00       8.4965    0.1054      6.00      9.00     11.00     28.00      0.00
  1.6000   0.0600       48.5290    1.0965     14.00     32.00     66.00    446.00      0.00      38.6555    0.9598      9.00     24.00     53.00    445.00      0.00       7.3545    0.1132      2.00      8.00     11.00     24.00      0.00
  1.6000   0.0400       86.8110    2.0052     22.00     57.00    119.00    565.00      0.00      75.2660    1.7724     18.00     49.00    106.00    555.00      0.00       5.2910    0.1185      0.00      5.00     10.00     26.00      0.00
  1.6000   0.0200      146.4095    3.2316     43.00    102.00    201.00    982.00      0.00     138.9675    3.0938     39.00     96.00    191.00    913.00      0.00       2.2935    0.0943      0.00      0.00      2.00     23.00      0.00
  1.4000   0.2000        6.8275    0.1251      3.00      5.00      9.00     44.00      0.00       2.9615    0.0685      1.00      2.00      4.00     27.00      0.00      11.6785    0.1096      9.00     11.00     14.00     36.00      0.00
  1.4000   0.1800        8.1370    0.1574      3.00      6.00     11.00     66.00      0.00       3.6470    0.0924      1.00      2.00      5.00     46.00      0.00      11.5235    0.1118      9.00     11.00     14.00     34.00      0.00
  1.4000   0.1600        9.4395    0.1962      4.00      7.00     12.00     72.00      0.00       4.3685    0.1104      1.00      3.00      6.00     69.00      0.00      11.2145    0.1092      9.00     11.00     14.00     33.00      0.00
  1.4000   0.1400       11.3620    0.2429      4.00      8.00     15.00    158.00      0.00       5.5080    0.1422      1.00      3.00      7.00     78.00      0.00      11.0290    0.1147      8.00     11.00     14.00     44.00      0.00
  1.4000   0.1200       14.5175    0.3152      5.00     11.00     19.00    148.00      0.00       7.3450    0.1989      2.00      4.00     10.00    101.00      0.00      10.7465    0.1130      8.00     11.00     13.00     34.00      0.00
  1.4000   0.1000       20.1350    0.4908      6.00     14.00     26.00    233.00      0.00      11.6355    0.3598      2.00      7.00     15.00    233.00      0.00      10.3950    0.1171      8.00     10.00     13.00     29.00      0.00
  1.4000   0.0800       31.5095    0.7439      9.00     20.00     43.00    288.00      0.00      20.3605    0.5609      4.00     12.00     27.00    266.00      0.00       9.3950    0.1234      6.00     10.00     12.00     31.00      0.00
  1.4000   0.0600       52.2120    1.2220     13.00     34.00     75.00    465.00      0.00      38.6115    0.9860      7.00     23.00     55.00    334.00      0.00       8.3025    0.1339      2.00      9.00     12.00     32.00      0.00
  1.4000   0.0400       89.6065    1.9999     25.00     63.00    128.00    591.00      0.00      76.3370    1.7756     19.00     52.00    109.00    544.00      0.00       6.0085    0.1334      0.00      6.00     11.00     29.00      0.00
  1.4000   0.0200      147.9040    3.3789     40.00    100.00    205.00   1530.00      0.00     137.9785    3.2496     37.00     93.00    189.00   1530.00      0.00       2.5240    0.1068      0.00      0.00      2.00     26.00      0.00
  1.2000   0.2000        8.1795    0.1713      3.00      6.00     10.00     77.00      0.00       2.9670    0.0734      1.00      2.00      4.00     36.00      0.00      13.6840    0.1409     10.00     13.00     17.00     38.00      0.00
  1.2000   0.1800        9.5390    0.1956      4.00      7.00     12.00     71.00      0.00       3.5985    0.0966      1.00      2.00      4.00     50.00      0.00      13.7400    0.1431     10.00     13.00     18.00     45.00      0.00
  1.2000   0.1600       11.0705    0.2163      5.00      8.00     14.00     89.00      0.00       4.4670    0.1138      1.00      3.00      6.00     65.00      0.00      13.1355    0.1359     10.00     12.00     17.00     40.00      0.00
  1.2000   0.1400       13.7300    0.3089      5.00     10.00     18.00    164.00      0.00       5.4360    0.1694      1.00      3.00      7.00    162.00      0.00      13.2210    0.1374     10.00     13.00     17.00     44.00      0.00
  1.2000   0.1200       17.2255    0.4000      6.00     12.00     22.00    237.00      0.00       7.7335    0.2263      2.00      4.00     10.00    104.00      0.00      12.5095    0.1385      9.00     12.00     16.00     38.00      0.00
  1.2000   0.1000       22.9370    0.5184      7.00     16.00     30.00    220.00      0.00      11.3135    0.3147      2.00      6.00     15.00    139.00      0.00      11.9605    0.1460      9.00     11.00     16.00     42.00      0.00
  1.2000   0.0800       34.8435    0.8313     10.00     23.00     46.00    357.00      0.00      19.4190    0.5145      4.00     11.00     26.00    234.00      0.00      10.8445    0.1524      7.00     11.00     15.00     37.00      0.00
  1.2000   0.0600       54.1595    1.2482     15.00     38.00     74.00    589.00      0.00      37.8560    0.9934      7.00     23.00     52.00    589.00      0.00       9.7245    0.1687      1.00     10.00     15.00     36.00      0.00
  1.2000   0.0400       98.4140    2.2165     25.00     65.00    143.00    824.00      0.00      75.5900    1.7417     19.00     50.00    112.00    599.00      0.00       6.4755    0.1630      0.00      3.00     11.00     35.00      0.00
  1.2000   0.0200      150.6875    3.5104     42.00    102.00    209.00   1224.00      0.00     137.5975    3.2609     37.00     92.00    190.00   1050.00      0.00       3.1195    0.1334      0.00      0.00      3.00     37.00      0.00
  1.0000   0.2000        9.7645    0.1901      4.00      7.00     13.00     79.00      0.00       2.9880    0.0764      1.00      2.00      4.00     43.00      0.00      17.2235    0.1927     11.00     16.00     22.00     68.00      0.00
  1.0000   0.1800       11.5045    0.2385      5.00      8.00     15.00    122.00      0.00       3.4650    0.0879      1.00      2.00      4.00     40.00      0.00      17.0435    0.1887     11.00     16.00     22.00     58.00      0.00
  1.0000   0.1600       13.9735    0.2905      5.00     10.00     18.00    152.00      0.00       4.2765    0.1088      1.00      2.00      6.00     52.00      0.00      16.8295    0.1935     11.00     16.00     22.00     65.00      0.00
  1.0000   0.1400       16.1370    0.3393      6.00     11.00     21.00    135.00      0.00       5.6690    0.1533      1.00      3.00      8.00    120.00      0.00      15.5640    0.1882     10.00     15.00     21.00     57.00      0.00
  1.0000   0.1200       21.0680    0.4720      7.00     14.00     27.00    172.00      0.00       7.4550    0.2136      2.00      5.00     10.00    142.00      0.00      15.7875    0.2010     10.00     15.00     21.00     74.00      0.00
  1.0000   0.1000       28.6120    0.6676      9.00     19.00     38.00    396.00      0.00      11.8245    0.3756      3.00      7.00     15.00    223.00      0.00      15.0075    0.1988     10.00     14.00     21.00     50.00      0.00
  1.0000   0.0800       42.4295    0.9969     12.00     28.00     56.00    376.00      0.00      20.6485    0.5848      4.00     12.00     27.00    313.00      0.00      13.5300    0.2126      7.00     13.00     20.00     49.00      0.00
  1.0000   0.0600       65.2490    1.5202     17.00     44.00     87.00    623.00      0.00      38.1150    0.9680      8.00     24.00     52.00    467.00      0.00      11.3545    0.2189      1.00     11.00     18.00     49.00      0.00
  1.0000   0.0400      101.8850    2.3239     28.00     71.00    137.00    898.00      0.00      73.9125    1.7484     18.00     50.00    103.00    575.00      0.00       8.1565    0.2130      0.00      3.00     15.00     47.00      0.00
  1.0000   0.0200      162.0530    3.6812     45.00    110.00    222.00   1175.00      0.00     139.5785    3.2431     37.00     95.00    194.00   1053.00      0.00       3.6380    0.1620      0.00      0.00      2.00     41.00      0.00
  0.8000   0.2000       13.2285    0.2598      5.00     10.00     17.00    101.00      0.00       3.0795    0.0771      1.00      2.00      4.00     40.00      0.00      22.9455    0.2758     14.00     21.00     30.00     93.00      0.00
  0.8000   0.1800       14.8550    0.3050      6.00     11.00     19.00    139.00      0.00       3.4935    0.0840      1.00      2.00      5.00     38.00      0.00      22.7845    0.2849     14.00     21.00     30.00     78.00      0.00
  0.8000   0.1600       17.1295    0.3469      7.00     12.00     23.00    171.00      0.00       4.1500    0.1072      1.00      2.00      5.00     63.00      0.00      22.3565    0.2792     14.00     21.00     30.00     84.00      0.00
  0.8000   0.1400       21.2855    0.4629      8.00     15.00     27.00    176.00      0.00       5.6280    0.1531      1.00      3.00      7.00     85.00      0.00      20.9870    0.2736     12.00     20.00     29.00     69.00      0.00
  0.8000   0.1200       27.3445    0.6022      9.00     19.00     37.00    236.00      0.00       7.9850    0.2359      2.00      5.00     10.00    157.00      0.00      20.4445    0.2837     12.00     19.00     29.00     72.00      0.00
  0.8000   0.1000       35.0505    0.7752     11.00     24.00     49.00    311.00      0.00      11.6685    0.3388      2.00      7.00     15.00    220.00      0.00      19.3910    0.2993     10.00     18.00     28.00     80.00      0.00
  0.8000   0.0800       48.7385    1.1410     14.00     32.00     65.00    559.00      0.00      19.4345    0.5395      4.00     11.00     26.00    296.00      0.00      17.6420    0.2997      7.00     17.00     26.00     87.00      0.00
  0.8000   0.0600       77.6340    1.7503     23.00     53.00    104.00    707.00      0.00      38.2510    1.0147      8.00     24.00     52.00    702.00      0.00      14.7140    0.3136      1.00     12.00     25.00     73.00      0.00
  0.8000   0.0400      113.9065    2.5377     31.00     79.00    158.00    902.00      0.00      73.4735    1.8111     17.00     47.00    104.00    830.00      0.00      10.4420    0.3012      0.00      2.00     19.00     77.00      0.00
  0.8000   0.0200      166.6055    3.5519     52.00    120.00    230.00   1574.00      0.00     136.6170    3.0218     40.00     97.00    190.00   1010.00      0.00       4.2740    0.2160      0.00      0.00      2.00     60.00      0.00
  0.6000   0.2000       18.6950    0.3448      8.00     15.00     25.00    139.00      0.00       3.0180    0.0686      1.00      2.00      4.00     31.00      0.00      35.1800    0.4953     20.00     32.00     47.00    141.00      0.00
  0.6000   0.1800       21.4335    0.4273      9.00     15.00     28.00    174.00      0.00       3.5125    0.0868      1.00      2.00      5.00     50.00      0.00      33.8455    0.4651     20.00     31.00     45.00    138.00      0.00
  0.6000   0.1600       25.1240    0.5304     10.00     18.00     31.00    191.00      0.00       4.2060    0.1087      1.00      2.00      5.00     57.00      0.00      33.3755    0.4742     18.00     30.00     46.00    117.00      0.00
  0.6000   0.1400       29.7545    0.6281     11.00     21.00     39.00    299.00      0.00       5.3785    0.1460      1.00      3.00      7.00     81.00      0.00      32.3045    0.4860     17.00     30.00     44.00    142.00      0.00
  0.6000   0.1200       36.6255    0.7943     12.00     25.00     50.00    263.00      0.00       7.6570    0.2169      2.00      4.00     10.00    113.00      0.00      30.2645    0.4806     14.00     28.00     43.00    136.00      0.00
  0.6000   0.1000       48.9090    1.0336     16.00     34.00     67.00    379.00      0.00      11.3955    0.3324      2.00      6.00     15.00    182.00      0.00      28.1035    0.4748     11.00     26.00     41.00    118.00      0.00
  0.6000   0.0800       65.9635    1.4992     21.00     46.00     89.00    671.00      0.00      19.7385    0.5093      4.00     12.00     27.00    180.00      0.00      25.1735    0.5001      4.00     22.00     39.00    168.00      0.00
  0.6000   0.0600       95.6445    2.0468     29.00     68.00    132.00    868.00      0.00      40.3510    1.0445      8.00     25.00     56.00    428.00      0.00      19.6700    0.4803      1.00     12.00     33.00    130.00      0.00
  0.6000   0.0400      138.3030    3.1074     41.00     93.00    189.00   1134.00      0.00      77.6200    1.9329     19.00     53.00    107.00    900.00      0.00      13.4405    0.4494      0.00      2.00     22.00    133.00      0.00
  0.6000   0.0200      176.8345    4.0193     49.00    120.00    244.00   1373.00      0.00     136.4910    3.1589     37.00     93.00    188.00   1209.00      0.00       5.0245    0.3069      0.00      0.00      1.00    107.00      0.00
  0.4000   0.2000       32.7490    0.6247     14.00     25.00     44.00    313.00      0.00       2.9960    0.0709      1.00      2.00      4.00     29.00      0.00      63.7600    1.0463     28.00     55.00     90.00    282.00      0.00
  0.4000   0.1800       36.3965    0.7029     15.00     27.00     49.00    225.00      0.00       3.4950    0.0922      1.00      2.00      4.00     45.00      0.00      61.9410    1.0712     27.00     54.00     86.00    375.00      0.00
  0.4000   0.1600       44.0250    0.9081     17.00     32.00     58.00    416.00      0.00       4.3720    0.1213      1.00      2.00      6.00     95.00      0.00      61.7500    1.0744     25.00     52.00     88.00    280.00      0.00
  0.4000   0.1400       49.5110    0.9671     18.00     38.00     67.00    284.00      0.00       5.4825    0.1451      1.00      3.00      7.00     62.00      0.00      58.8795    1.0733     22.00     49.00     85.00    312.00      0.00
  0.4000   0.1200       63.8945    1.3521     22.00     46.00     85.00    459.00      0.00       7.3845    0.2023      2.00      4.00     10.00     78.00      0.00      54.2145    1.0461     19.00     45.00     78.00    289.00      0.00
  0.4000   0.1000       76.7005    1.6769     24.00     55.00    105.00    647.00      0.00      11.8185    0.3588      2.00      7.00     15.00    175.00      0.00      48.8695    1.0422     10.00     38.00     73.00    373.00      0.00
  0.4000   0.0800       96.9140    2.1696     29.00     66.00    134.00    956.00      0.00      20.2590    0.5670      4.00     12.00     27.00    350.00      0.00      40.9055    0.9941      4.00     26.00     64.00    268.00      0.00
  0.4000   0.0600      126.1545    2.9034     38.00     87.00    167.00   1206.00      0.00      39.0070    1.0783      8.00     23.00     55.00    862.00      0.00      30.0970    0.9513      1.00      9.00     46.00    316.00      0.00
  0.4000   0.0400      153.5230    3.4674     45.00    109.00    211.00   1268.00      0.00      72.4445    1.7319     17.00     49.00    103.00    620.00      0.00      16.7695    0.7265      0.00      2.00     17.00    272.00      0.00
  0.4000   0.0200      185.8810    4.1050     53.00    132.00    256.00   1501.00      0.00     136.1155    3.0430     36.00     95.00    190.00   1176.00      0.00       5.8700    0.4384      0.00      0.00      1.00    254.00      0.00
  0.2000   0.2000       98.0730    2.1072     32.00     71.00    133.00    889.00      0.00       3.0180    0.0777      1.00      2.00      4.00     43.00      0.00     166.1355    3.8598     46.00    117.00    229.00   1771.00      0.00
  0.2000   0.1800      105.8620    2.3186     33.00     73.00    145.00    833.00      0.00       3.6265    0.0974      1.00      2.00      5.00     73.00      0.00     142.6645    3.3179     36.00     96.00    199.00   1158.00      0.00
  0.2000   0.1600      115.2930    2.4876     38.00     80.00    157.00   1014.00      0.00       4.3215    0.1157      1.00      2.00      6.00     77.00      0.00     131.8245    3.1532     29.00     88.00    185.00   1256.00      0.00
  0.2000   0.1400      131.1030    2.8558     42.00     94.00    177.00   1091.00      0.00       5.4890    0.1447      1.00      3.00      7.00     74.00      0.00     118.7430    3.0390     20.00     74.00    164.00    850.00      0.00
  0.2000   0.1200      140.8405    3.0717     43.00    100.00    192.00   1173.00      0.00       7.6180    0.2118      2.00      4.00     10.00    101.00      0.00      97.2195    2.6112     13.00     55.00    139.00    849.00      0.00
  0.2000   0.1000      155.2310    3.4086     47.00    106.00    217.00   1168.00      0.00      10.7410    0.2993      2.00      6.00     14.00    163.00      0.00      77.4905    2.2206      8.00     40.00    108.00    793.00      0.00
  0.2000   0.0800      172.0820    3.9409     49.00    118.00    237.00   1460.00      0.00      20.0470    0.5595      4.00     12.00     26.00    264.00      0.00      55.9365    1.7924      3.00     23.00     76.00    827.00      0.00
  0.2000   0.0600      183.9245    4.1516     53.00    128.00    258.00   1696.00      0.00      38.8175    1.0214      7.00     24.00     53.00    485.00      0.00      32.2310    1.3367      1.00      7.00     35.00    570.00      0.00
  0.2000   0.0400      196.4075    4.3190     58.00    135.00    273.00   1196.00      0.00      73.5885    1.7590     19.00     49.00    102.00    605.00      0.00      16.8580    1.0118      0.00      2.00     11.00    545.00      0.00
  0.2000   0.0200      196.2420    4.4341     60.00    133.00    269.00   1540.00      0.00     136.0995    3.0494     39.00     95.00    188.00   1308.00      0.00       3.0420    0.2589      0.00      0.00      1.00    206.00      0.00
