Amp Radius  OC_Mean OC_Std OC_Q1 OC_Med OC_Q3 OC_Max OC_Min  Exp_Mean Exp_Std Exp_Q1 Exp_Med Exp_Q3 Exp_Max Exp_Min  Num_Mean Num_Std Num_Q1 Num_Med Num_Q3 Num_Max Num_Min
  2.0000   0.2000        4.1840    0.0475      3.00      4.00      5.00     24.00      0.00       1.3095    0.0196      1.00      1.00      1.00     14.00      0.00       6.7400    0.0860      4.00      6.00      9.00     23.00      0.00
  2.0000   0.1800        4.6180    0.0599      3.00      4.00      6.00     37.00      0.00       1.4855    0.0322      1.00      1.00      2.00     27.00      0.00       6.4910    0.0824      4.00      6.00      9.00     22.00      0.00
  2.0000   0.1600        5.1710    0.0822      3.00      4.00      6.00     48.00      0.00       1.9015    0.0618      1.00      1.00      2.00     45.00      0.00       5.9560    0.0798      3.00      5.00      8.00     21.00      0.00
  2.0000   0.1400        5.9560    0.1026      3.00      5.00      7.00     58.00      0.00       2.4125    0.0819      1.00      1.00      2.00     56.00      0.00       5.6850    0.0797      3.00      5.00      8.00     21.00      0.00
  2.0000   0.1200        7.5715    0.1661      4.00      6.00      9.00     90.00      0.00       3.7070    0.1335      1.00      2.00      3.00     63.00      0.00       5.3230    0.0759      3.00      4.00      7.00     19.00      0.00
  2.0000   0.1000       11.2870    0.2635      5.00      7.00     13.00    108.00      0.00       6.8375    0.2323      1.00      3.00      8.00    105.00      0.00       5.2800    0.0762      3.00      4.00      7.00     20.00      0.00
  2.0000   0.0800       17.2635    0.4221      6.00     11.00     21.00    218.00      0.00      12.5355    0.3915      2.00      6.00     16.00    214.00      0.00       5.0640    0.0786      3.00      4.00      7.00     18.00      0.00
  2.0000   0.0600       29.8635    0.7136      8.00     19.00     40.00    306.00      0.00      24.1525    0.6510      4.00     14.00     33.00    223.00      0.00       4.5925    0.0794      2.00      4.00      7.00     18.00      0.00
  2.0000   0.0400       58.3470    1.3970     14.00     39.00     81.00    626.00      0.00      52.0740    1.3159     11.00     33.00     72.00    541.00      0.00       3.8550    0.0817      0.00      3.00      6.00     17.00      0.00
  2.0000   0.0200      114.2105    2.5487     33.00     79.00    157.00    864.00      0.00     107.3260    2.4392     29.00     74.00    149.00    861.00      0.00       2.0435    0.0659      0.00      0.00      4.00     15.00      0.00
  1.8000   0.2000        4.8550    0.0553      3.00      4.00      6.00     26.00      0.00       1.3370    0.0227      1.00      1.00      1.00     20.00      0.00       7.7860    0.0948      5.00      7.00     10.00     26.00      0.00
  1.8000   0.1800        5.2425    0.0677      3.00      5.00      6.00     44.00      0.00       1.4815    0.0303      1.00      1.00      2.00     36.00      0.00       7.3700    0.0949      4.00      7.00     10.00     26.00      0.00
  1.8000   0.1600        5.9135    0.0870      4.00      5.00      7.00     55.00      0.00       1.8245    0.0536      1.00      1.00      2.00     53.00      0.00       6.8790    0.0882      4.00      6.00      9.00     25.00      0.00
  1.8000   0.1400        6.7720    0.1074      4.00      6.00      8.00     60.00      0.00       2.4210    0.0767      1.00      1.00      2.00     39.00      0.00       6.5645    0.0882      4.00      6.00      9.00     22.00      0.00
  1.8000   0.1200        8.3375    0.1838      4.00      6.00     10.00    111.00      0.00       3.6645    0.1436      1.00      2.00      3.00    110.00      0.00       6.2280    0.0842      3.00      6.00      9.00     20.00      0.00
  1.8000   0.1000       11.6880    0.2540      5.00      8.00     14.00    105.00      0.00       6.4100    0.2257      1.00      3.00      7.00    102.00      0.00       6.0605    0.0834      3.00      5.00      8.00     19.00      0.00
  1.8000   0.0800       19.5130    0.4676      6.00     11.00     25.00    195.00      0.00      13.3385    0.4168      2.00      6.00     18.00    194.00      0.00       5.9915    0.0898      3.00      5.00      9.00     21.00      0.00
  1.8000   0.0600       33.3045    0.8306      9.00     20.00     44.00    412.00      0.00      25.9945    0.7310      4.00     14.00     36.00    345.00      0.00       5.2200    0.0888      2.00      5.00      7.00     21.00      0.00
  1.8000   0.0400       60.7120    1.4356     16.00     40.00     83.00    521.00      0.00      51.3495    1.2959     10.00     32.00     72.00    512.00      0.00       4.3955    0.0924      0.00      4.00      7.00     20.00      0.00
  1.8000   0.0200      125.3620    2.7640     34.00     85.00    178.00    933.00      0.00     117.0870    2.6424     31.00     80.00    167.00    928.00      0.00       2.3670    0.0765      0.00      0.00      4.00     19.00      0.00
  1.6000   0.2000        5.5740    0.0653      4.00      5.00      7.00     29.00      0.00       1.3015    0.0211      1.00      1.00      1.00     19.00      0.00       9.2700    0.1135      5.00      9.00     12.00     32.00      0.00
  1.6000   0.1800        6.1755    0.0766      4.00      6.00      8.00     36.00      0.00       1.5220    0.0336      1.00      1.00      2.00     29.00      0.00       8.6820    0.1076      5.00      8.00     12.00     33.00      0.00
  1.6000   0.1600        6.8490    0.0959      4.00      6.00      8.00     48.00      0.00       1.7990    0.0554      1.00      1.00      2.00     42.00      0.00       8.2865    0.1039      5.00      8.00     11.00     31.00      0.00
  1.6000   0.1400        8.0730    0.1423      5.00      7.00     10.00     83.00      0.00       2.5105    0.0963      1.00      1.00      2.00     78.00      0.00       7.7965    0.0971      4.00      7.00     11.00     26.00      0.00
  1.6000   0.1200        9.8690    0.1635      5.00      8.00     12.00     69.00      0.00       3.6530    0.1266      1.00      2.00      3.00     67.00      0.00       7.5100    0.0953      4.00      7.00     10.00     25.00      0.00
  1.6000   0.1000       12.8030    0.2586      6.00      9.00     16.00    101.00      0.00       6.2220    0.2126      1.00      2.00      7.00     93.00      0.00       7.2090    0.0953      4.00      7.00     10.00     27.00      0.00
  1.6000   0.0800       20.2675    0.4377      8.00     13.00     26.00    145.00      0.00      12.6570    0.3760      2.00      6.00     16.00    140.00      0.00       6.8600    0.0979      3.00      6.00     10.00     36.00      0.00
  1.6000   0.0600       32.9810    0.7273      9.00     22.00     46.00    254.00      0.00      23.4510    0.6065      3.00     13.00     35.00    206.00      0.00       6.1265    0.0999      3.00      6.00      9.00     23.00      0.00
  1.6000   0.0400       62.1845    1.3387     18.00     43.00     88.00    434.00      0.00      49.7580    1.1806     11.00     33.00     71.00    431.00      0.00       5.1210    0.1040      0.00      4.00      8.00     26.00      0.00
  1.6000   0.0200      123.1840    2.7521     35.00     85.00    169.00   1138.00      0.00     109.9580    2.4632     30.00     75.00    155.00    824.00      0.00       2.6050    0.0871      0.00      0.00      5.00     20.00      0.00
  1.4000   0.2000        6.6660    0.0775      4.00      6.00      8.00     28.00      0.00       1.2630    0.0159      1.00      1.00      1.00     13.00      0.00      11.1385    0.1309      7.00     11.00     15.00     38.00      0.00
  1.4000   0.1800        7.2650    0.0888      5.00      7.00      9.00     31.00      0.00       1.4565    0.0275      1.00      1.00      2.00     20.00      0.00      10.4070    0.1250      6.00     10.00     14.00     32.00      0.00
  1.4000   0.1600        8.2570    0.1123      5.00      7.00     10.00     60.00      0.00       1.7855    0.0478      1.00      1.00      2.00     33.00      0.00       9.8660    0.1205      6.00      9.00     13.00     33.00      0.00
  1.4000   0.1400        9.8555    0.1591      6.00      8.00     12.00     87.00      0.00       2.4510    0.0861      1.00      1.00      2.00     65.00      0.00       9.3565    0.1132      6.00      9.00     13.00     33.00      0.00
  1.4000   0.1200       11.8640    0.2204      6.00      9.00     14.00    175.00      0.00       3.7145    0.1369      1.00      2.00      3.00     83.00      0.00       8.7890    0.1112      5.00      8.00     12.00     28.00      0.00
  1.4000   0.1000       15.8025    0.3309      7.00     12.00     19.00    132.00      0.00       6.7205    0.2378      1.00      3.00      7.00    105.00      0.00       8.6555    0.1132      5.00      8.00     12.00     28.00      0.00
  1.4000   0.0800       22.8490    0.4828      9.00     16.00     30.00    179.00      0.00      12.2325    0.3650      2.00      6.00     16.00    128.00      0.00       8.2875    0.1140      4.00      8.00     12.00     27.00      0.00
  1.4000   0.0600       38.7160    0.8596     12.00     27.00     54.00    373.00      0.00      25.4770    0.6753      4.00     14.00     37.00    310.00      0.00       7.5150    0.1153      4.00      7.00     11.00     29.00      0.00
  1.4000   0.0400       68.3955    1.5077     20.00     46.00     95.00    449.00      0.00      51.3930    1.2589     11.00     33.00     71.00    381.00      0.00       6.0415    0.1217      0.00      5.00     10.00     28.00      0.00
  1.4000   0.0200      127.4785    2.8990     36.00     84.00    177.00    887.00      0.00     113.1440    2.6769     30.00     75.00    157.00    887.00      0.00       2.9875    0.1051      0.00      0.00      5.00     24.00      0.00
  1.2000   0.2000        8.4585    0.1045      5.00      8.00     11.00     34.00      0.00       1.3135    0.0224      1.00      1.00      1.00     23.00      0.00      13.7490    0.1669      8.00     13.00     18.00     48.00      0.00
  1.2000   0.1800        9.4595    0.1252      6.00      8.00     12.00     62.00      0.00       1.4715    0.0308      1.00      1.00      2.00     22.00      0.00      13.2985    0.1629      8.00     12.00     18.00     47.00      0.00
  1.2000   0.1600       10.3430    0.1494      6.00      9.00     13.00     76.00      0.00       1.8680    0.0556      1.00      1.00      2.00     53.00      0.00      12.1360    0.1520      7.00     11.00     16.00     46.00      0.00
  1.2000   0.1400       11.8870    0.1842      7.00     10.00     15.00     96.00      0.00       2.5125    0.0909      1.00      1.00      2.00     54.00      0.00      11.4295    0.1391      7.00     11.00     15.00     42.00      0.00
  1.2000   0.1200       14.4890    0.2422      8.00     12.00     18.00    116.00      0.00       3.7830    0.1329      1.00      2.00      3.00     71.00      0.00      11.0130    0.1376      6.00     11.00     15.00     44.00      0.00
  1.2000   0.1000       19.8230    0.4078      9.00     15.00     24.00    178.00      0.00       7.4205    0.2679      1.00      3.00      8.00    124.00      0.00      10.6290    0.1378      6.00     10.00     14.00     37.00      0.00
  1.2000   0.0800       27.1640    0.5520     11.00     19.00     36.00    211.00      0.00      12.8615    0.3989      2.00      6.00     17.00    162.00      0.00      10.0425    0.1428      5.00     10.00     14.00     49.00      0.00
  1.2000   0.0600       42.9190    0.8807     14.00     29.00     60.00    301.00      0.00      25.2990    0.6626      4.00     14.00     36.00    218.00      0.00       9.1845    0.1482      4.00      9.00     14.00     35.00      0.00
  1.2000   0.0400       71.8290    1.6303     20.00     48.00    100.00    552.00      0.00      49.7710    1.2416     10.00     31.00     71.00    544.00      0.00       7.0985    0.1489      0.00      6.00     12.00     38.00      0.00
  1.2000   0.0200      130.8110    2.9337     38.00     90.00    184.00   1014.00      0.00     107.6575    2.4978     29.00     73.00    147.00   1014.00      0.00       3.5300    0.1219      0.00      0.00      7.00     28.00      0.00
  1.0000   0.2000       11.2040    0.1439      7.00     10.00     15.00     47.00      0.00       1.3140    0.0197      1.00      1.00      1.00     22.00      0.00      18.2030    0.2301     11.00     17.00     24.00     70.00      0.00
  1.0000   0.1800       12.3435    0.1610      7.00     11.00     16.00     56.00      0.00       1.5070    0.0339      1.00      1.00      2.00     28.00      0.00      17.2760    0.2233     10.00     16.00     23.00     67.00      0.00
  1.0000   0.1600       13.8835    0.1905      8.00     12.00     18.00     68.00      0.00       1.8680    0.0525      1.00      1.00      2.00     39.00      0.00      16.1035    0.2004     10.00     15.00     21.00     63.00      0.00
  1.0000   0.1400       16.5040    0.2537      9.00     14.00     21.00    115.00      0.00       2.5975    0.0914      1.00      1.00      2.00     67.00      0.00      15.5555    0.1970      9.00     15.00     21.00     57.00      0.00
  1.0000   0.1200       19.1895    0.3119     10.00     16.00     25.00    121.00      0.00       3.6995    0.1325      1.00      2.00      3.00     74.00      0.00      14.7150    0.1956      9.00     14.00     20.00     67.00      0.00
  1.0000   0.1000       24.9970    0.4660     12.00     20.00     32.00    240.00      0.00       6.6850    0.2338      1.00      3.00      7.00    111.00      0.00      14.1465    0.1928      8.00     13.00     19.00     55.00      0.00
  1.0000   0.0800       33.1445    0.6404     14.00     25.00     43.00    337.00      0.00      12.2655    0.3721      2.00      6.00     16.00    157.00      0.00      12.8430    0.1906      6.00     12.00     18.00     56.00      0.00
  1.0000   0.0600       50.1820    1.0624     18.00     35.00     66.00    352.00      0.00      24.0205    0.6575      4.00     14.00     33.00    280.00      0.00      11.4550    0.2026      4.00     11.00     17.00     55.00      0.00
  1.0000   0.0400       83.9900    1.7847     27.00     60.00    115.00    610.00      0.00      50.0765    1.2330     10.00     33.00     70.00    508.00      0.00       9.1245    0.2029      0.00      8.00     15.00     51.00      0.00
  1.0000   0.0200      142.8640    3.1520     43.00    101.00    196.00   1228.00      0.00     112.3935    2.5900     30.00     78.00    156.00   1162.00      0.00       4.1985    0.1635      0.00      0.00      6.00     45.00      0.00
  0.8000   0.2000       17.0990    0.2439     10.00     15.00     22.00     99.00      0.00       1.3550    0.0274      1.00      1.00      1.00     20.00      0.00      26.7880    0.3656     15.00     24.00     35.00    132.00      0.00
  0.8000   0.1800       18.6415    0.2814     10.00     16.00     24.00    115.00      0.00       1.4670    0.0298      1.00      1.00      2.00     24.00      0.00      25.0215    0.3596     14.00     22.00     33.00    111.00      0.00
  0.8000   0.1600       20.5740    0.3160     11.00     17.00     27.00    122.00      0.00       1.7355    0.0389      1.00      1.00      2.00     26.00      0.00      23.2925    0.3442     12.00     20.00     31.00    119.00      0.00
  0.8000   0.1400       23.4640    0.3765     12.00     20.00     30.00    135.00      0.00       2.4905    0.0899      1.00      1.00      2.00     69.00      0.00      21.6455    0.3212     12.00     19.00     29.00    112.00      0.00
  0.8000   0.1200       29.1145    0.4984     14.00     24.00     38.00    173.00      0.00       3.7210    0.1376      1.00      2.00      3.00     67.00      0.00      21.5090    0.3108     12.00     19.00     29.00     88.00      0.00
  0.8000   0.1000       34.5840    0.6405     16.00     28.00     46.00    316.00      0.00       6.6915    0.2347      1.00      3.00      7.00    118.00      0.00      19.4460    0.3099     10.00     17.00     27.00     93.00      0.00
  0.8000   0.0800       46.0310    0.8499     20.00     36.00     61.00    353.00      0.00      13.1790    0.3902      2.00      6.00     18.00    152.00      0.00      17.8965    0.3015      8.00     16.00     25.00     95.00      0.00
  0.8000   0.0600       64.9135    1.3077     24.00     49.00     88.00    427.00      0.00      23.7725    0.6469      3.00     13.00     34.00    213.00      0.00      16.6115    0.3184      5.00     15.00     25.00     96.00      0.00
  0.8000   0.0400      101.4645    2.1979     33.00     71.00    135.00    782.00      0.00      50.7645    1.2512     11.00     34.00     70.00    410.00      0.00      11.9620    0.3023      0.00      8.00     19.00     85.00      0.00
  0.8000   0.0200      150.9265    3.3662     44.00    102.00    208.00    987.00      0.00     107.8760    2.5041     29.00     74.00    147.00    987.00      0.00       5.1500    0.2284      0.00      0.00      5.00    103.00      0.00
  0.6000   0.2000       29.6760    0.5003     14.00     24.00     39.00    195.00      0.00       1.3480    0.0227      1.00      1.00      1.00     14.00      0.00      43.7735    0.7371     20.00     37.00     57.00    305.00      0.00
  0.6000   0.1800       33.2450    0.5567     15.00     27.00     44.00    195.00      0.00       1.5345    0.0408      1.00      1.00      2.00     41.00      0.00      41.9820    0.7066     20.00     34.00     56.00    263.00      0.00
  0.6000   0.1600       36.1980    0.6372     16.00     29.00     47.00    211.00      0.00       1.7380    0.0384      1.00      1.00      2.00     24.00      0.00      38.5275    0.6833     17.00     31.00     53.00    227.00      0.00
  0.6000   0.1400       42.6020    0.7618     19.00     34.00     57.00    288.00      0.00       2.3795    0.0787      1.00      1.00      2.00     69.00      0.00      37.3845    0.6531     16.00     30.00     50.00    205.00      0.00
  0.6000   0.1200       50.9365    0.9155     22.00     40.00     70.00    343.00      0.00       4.0610    0.1482      1.00      2.00      4.00     74.00      0.00      35.0645    0.6355     15.00     28.00     47.00    263.00      0.00
  0.6000   0.1000       57.1730    1.0524     24.00     45.00     77.00    421.00      0.00       6.4880    0.2205      1.00      3.00      7.00    132.00      0.00      31.5760    0.6032     13.00     25.00     43.00    228.00      0.00
  0.6000   0.0800       74.0345    1.4220     28.00     56.00    103.00    530.00      0.00      12.5245    0.3874      2.00      6.00     17.00    165.00      0.00      28.4840    0.5941      8.00     23.00     40.00    251.00      0.00
  0.6000   0.0600       93.3120    1.9278     32.00     68.00    129.00    712.00      0.00      24.3475    0.6559      4.00     14.00     34.00    209.00      0.00      22.7330    0.5511      3.00     17.00     33.00    190.00      0.00
  0.6000   0.0400      131.9020    2.8021     41.00     93.00    185.00    845.00      0.00      51.0745    1.2534     11.00     32.00     71.00    445.00      0.00      14.7525    0.4417      0.00      7.00     22.00    171.00      0.00
  0.6000   0.0200      168.1670    3.7584     51.00    118.00    229.00   1530.00      0.00     106.4260    2.4340     30.00     74.00    144.00    900.00      0.00       5.3320    0.2700      0.00      0.00      3.00    122.00      0.00
  0.4000   0.2000       68.6985    1.3750     25.00     52.00     95.00    426.00      0.00       1.3775    0.0409      1.00      1.00      1.00     73.00      0.00      90.5335    1.8300     33.00     68.00    124.00    731.00      0.00
  0.4000   0.1800       74.7335    1.5932     26.00     53.00     99.00    775.00      0.00       1.4570    0.0303      1.00      1.00      2.00     38.00      0.00      85.0405    1.8458     28.00     62.00    113.00    910.00      0.00
  0.4000   0.1600       81.0090    1.7517     28.00     57.00    108.00    962.00      0.00       1.8070    0.0497      1.00      1.00      2.00     60.00      0.00      74.9320    1.5707     25.00     54.00    103.00    671.00      0.00
  0.4000   0.1400       94.4425    1.9955     31.00     68.00    131.00    715.00      0.00       2.4290    0.0805      1.00      1.00      2.00     54.00      0.00      70.6075    1.5480     21.00     51.00     98.00    529.00      0.00
  0.4000   0.1200      108.1680    2.2722     38.00     77.00    147.00    974.00      0.00       3.5615    0.1276      1.00      2.00      3.00     78.00      0.00      63.5195    1.3786     20.00     44.00     88.00    581.00      0.00
  0.4000   0.1000      117.4160    2.4861     39.00     85.00    159.00    770.00      0.00       6.7880    0.2268      1.00      3.00      8.00    114.00      0.00      51.1940    1.1546     15.00     35.00     70.00    364.00      0.00
  0.4000   0.0800      133.7470    2.9074     43.00     96.00    178.00   1011.00      0.00      12.6195    0.3724      2.00      6.00     17.00    124.00      0.00      41.9140    1.0436      9.00     27.00     57.00    378.00      0.00
  0.4000   0.0600      155.3160    3.4978     49.00    107.00    205.00   1319.00      0.00      25.4920    0.6960      4.00     14.00     36.00    280.00      0.00      29.6320    0.8162      3.00     17.00     43.00    247.00      0.00
  0.4000   0.0400      176.0385    3.9487     49.00    120.00    246.00   1431.00      0.00      50.2690    1.3002     10.00     32.00     70.00    537.00      0.00      16.1195    0.5670      0.00      5.00     22.00    217.00      0.00
  0.4000   0.0200      188.9930    4.1647     56.00    131.00    257.00   1417.00      0.00     109.3575    2.4848     29.00     74.00    153.00    954.00      0.00       4.2165    0.2504      0.00      0.00      3.00    111.00      0.00
  0.2000   0.2000      156.3660    3.4744     45.00    107.00    223.00   1257.00      0.00       1.3640    0.0306      1.00      1.00      1.00     42.00      0.00     174.4470    4.0471     47.00    118.00    241.00   1477.00      0.00
  0.2000   0.1800      158.6780    3.5980     45.00    108.00    218.00   1594.00      0.00       1.5045    0.0334      1.00      1.00      2.00     35.00      0.00     149.3265    3.5529     39.00     99.00    206.00   1740.00      0.00
  0.2000   0.1600      169.9960    3.6928     50.00    121.00    232.00   1358.00      0.00       1.8350    0.0643      1.00      1.00      2.00     74.00      0.00     129.7420    2.9130     37.00     90.00    181.00   1185.00      0.00
  0.2000   0.1400      167.5305    3.6486     50.00    120.00    231.00   1157.00      0.00       2.3645    0.0719      1.00      1.00      2.00     41.00      0.00     101.1150    2.3073     27.00     68.00    138.00    746.00      0.00
  0.2000   0.1200      175.6320    3.9590     55.00    125.00    237.00   1474.00      0.00       3.6785    0.1273      1.00      2.00      4.00     80.00      0.00      79.4040    1.8834     21.00     54.00    109.00    731.00      0.00
  0.2000   0.1000      182.1615    4.1108     55.00    126.00    246.00   1396.00      0.00       6.2745    0.2250      1.00      3.00      7.00    159.00      0.00      60.1825    1.4389     16.00     40.00     83.00    492.00      0.00
  0.2000   0.0800      184.7145    4.1712     52.00    129.00    257.00   1501.00      0.00      12.8170    0.3924      2.00      6.00     17.00    180.00      0.00      40.1865    1.0465      8.00     25.00     56.00    367.00      0.00
  0.2000   0.0600      189.0305    4.3248     52.00    125.00    262.00   1393.00      0.00      24.6645    0.6763      3.00     13.00     35.00    391.00      0.00      24.1185    0.6963      3.00     13.00     35.00    356.00      0.00
  0.2000   0.0400      192.4095    4.2865     57.00    136.00    261.00   1930.00      0.00      50.4500    1.2270     11.00     32.00     71.00    429.00      0.00      11.4475    0.3919      0.00      4.00     16.00    187.00      0.00
  0.2000   0.0200      194.6645    4.2484     58.00    137.00    272.00   1353.00      0.00     109.6470    2.4733     28.00     77.00    152.00    834.00      0.00       3.0810    0.1700      0.00      0.00      3.00    106.00      0.00
