Amp Radius  OC_Mean OC_Std OC_Q1 OC_Med OC_Q3 OC_Max OC_Min  Exp_Mean Exp_Std Exp_Q1 Exp_Med Exp_Q3 Exp_Max Exp_Min  Num_Mean Num_Std Num_Q1 Num_Med Num_Q3 Num_Max Num_Min
  2.0000   0.2000        6.0140    0.1319      2.00      4.00      8.00    106.00      0.00       3.8075    0.0968      1.00      2.00      5.00     42.00      0.00       8.9460    0.0818      7.00     10.00     11.00     27.00      0.00
  2.0000   0.1800        6.8905    0.1400      3.00      5.00      9.00     51.00      0.00       4.4270    0.1089      1.00      3.00      6.00     50.00      0.00       8.8650    0.0779      7.00     10.00     11.00     25.00      0.00
  2.0000   0.1600        7.6680    0.1532      3.00      5.00     10.00     73.00      0.00       5.0805    0.1190      1.00      3.00      7.00     39.00      0.00       8.8700    0.0775      7.00     10.00     11.00     21.00      0.00
  2.0000   0.1400        9.3600    0.1977      3.00      7.00     12.00     68.00      0.00       6.3885    0.1546      1.00      4.00      9.00     62.00      0.00       8.6690    0.0773      7.00     10.00     11.00     20.00      0.00
  2.0000   0.1200       12.3405    0.2532      4.00      9.00     17.00    100.00      0.00       8.6830    0.2019      2.00      6.00     12.00     99.00      0.00       8.2745    0.0804      6.00      9.00     11.00     19.00      0.00
  2.0000   0.1000       16.5550    0.3599      5.00     12.00     23.00    149.00      0.00      12.6320    0.3057      3.00      8.00     18.00    148.00      0.00       8.0185    0.0829      6.00      9.00     10.00     21.00      0.00
  2.0000   0.0800       24.1145    0.5434      7.00     17.00     32.00    223.00      0.00      18.8500    0.4569      5.00     13.00     26.00    192.00      0.00       7.5145    0.0867      6.00      9.00     10.00     20.00      0.00
  2.0000   0.0600       42.8690    0.9780     12.00     29.00     57.00    417.00      0.00      36.2230    0.8440      9.00     25.00     50.00    321.00      0.00       6.4800    0.0937      2.00      7.00     10.00     20.00      0.00
  2.0000   0.0400       77.6365    1.7725     20.00     54.00    108.00    605.00      0.00      71.3720    1.6808     17.00     48.00    100.00    605.00      0.00       4.7585    0.0986      0.00      5.00      9.00     17.00      0.00
  2.0000   0.0200      136.4965    3.0030     39.00     96.00    189.00    913.00      0.00     131.2800    2.9132     38.00     92.00    181.00    913.00      0.00       2.0535    0.0778      0.00      0.00      4.00     19.00      0.00
  1.8000   0.2000        6.3935    0.1370      2.00      4.00      8.00     55.00      0.00       3.7440    0.0999      1.00      2.00      5.00     52.00      0.00       9.5755    0.0861      7.00     10.00     12.00     30.00      0.00
  1.8000   0.1800        7.4030    0.1535      3.00      5.00     10.00     63.00      0.00       4.3580    0.1105      1.00      2.00      6.00     62.00      0.00       9.4760    0.0812      7.00     10.00     11.00     25.00      0.00
  1.8000   0.1600        8.7950    0.1852      3.00      6.00     12.00     81.00      0.00       5.3805    0.1293      1.00      3.00      7.00     44.00      0.00       9.0835    0.0861      7.00     10.00     11.00     27.00      0.00
  1.8000   0.1400       10.2635    0.2156      4.00      7.00     14.00     87.00      0.00       6.5395    0.1602      1.00      4.00      9.00     59.00      0.00       9.0125    0.0849      7.00     10.00     11.00     25.00      0.00
  1.8000   0.1200       14.0205    0.3210      5.00     10.00     18.00    161.00      0.00       9.3655    0.2327      2.00      6.00     13.00    149.00      0.00       8.5430    0.0860      6.00     10.00     11.00     25.00      0.00
  1.8000   0.1000       17.4360    0.3913      5.00     12.00     24.00    184.00      0.00      12.1660    0.3078      3.00      8.00     17.00    182.00      0.00       8.3850    0.0898      6.00     10.00     11.00     23.00      0.00
  1.8000   0.0800       26.3320    0.6059      8.00     18.00     36.00    280.00      0.00      19.8530    0.4898      5.00     13.00     27.00    223.00      0.00       7.8460    0.0937      6.00      9.00     11.00     23.00      0.00
  1.8000   0.0600       45.4480    1.0141     14.00     33.00     62.00    420.00      0.00      35.7110    0.8455      9.00     24.00     50.00    369.00      0.00       6.9375    0.1035      2.00      8.00     10.00     22.00      0.00
  1.8000   0.0400       83.4095    1.9594     23.00     56.00    114.00    612.00      0.00      73.5765    1.7603     19.00     49.00    100.00    605.00      0.00       5.0280    0.1064      0.00      6.00      9.00     19.00      0.00
  1.8000   0.0200      144.1790    3.2759     38.00     99.00    204.00   1227.00      0.00     136.0770    3.0784     36.00     94.00    196.00   1227.00      0.00       2.2415    0.0878      0.00      0.00      4.00     19.00      0.00
  1.6000   0.2000        6.7710    0.1396      3.00      5.00      9.00     80.00      0.00       3.6390    0.0931      1.00      2.00      5.00     51.00      0.00      10.3710    0.0926      8.00     10.00     12.00     27.00      0.00
  1.6000   0.1800        7.9935    0.1655      3.00      6.00     10.00     58.00      0.00       4.2870    0.1042      1.00      2.00      6.00     32.00      0.00      10.1640    0.0972      8.00     10.00     12.00     27.00      0.00
  1.6000   0.1600        9.6255    0.1960      3.00      7.00     13.00     98.00      0.00       5.3770    0.1255      1.00      3.00      8.00     60.00      0.00       9.9515    0.0926      8.00     10.00     12.00     25.00      0.00
  1.6000   0.1400       11.3790    0.2457      4.00      8.00     15.00    103.00      0.00       6.6310    0.1652      1.00      4.00      9.00     91.00      0.00       9.8560    0.0956      8.00     10.00     12.00     25.00      0.00
  1.6000   0.1200       14.8890    0.3261      5.00     10.00     20.00    139.00      0.00       8.6405    0.2140      2.00      6.00     12.00    110.00      0.00       9.4485    0.0950      7.00     10.00     12.00     27.00      0.00
  1.6000   0.1000       20.0260    0.4452      6.00     14.00     27.00    163.00      0.00      12.5840    0.3074      3.00      9.00     17.00    159.00      0.00       9.1010    0.0981      7.00     10.00     11.00     25.00      0.00
  1.6000   0.0800       29.9740    0.7007      9.00     21.00     40.00    352.00      0.00      20.4170    0.4932      5.00     14.00     28.00    206.00      0.00       8.6545    0.1022      6.00     10.00     11.00     25.00      0.00
  1.6000   0.0600       48.3250    1.1050     13.00     33.00     66.00    407.00      0.00      36.1045    0.8656      8.00     24.00     51.00    334.00      0.00       7.4310    0.1155      2.00      8.00     11.00     22.00      0.00
  1.6000   0.0400       85.2875    1.9623     22.00     57.00    117.00    657.00      0.00      70.3610    1.6657     17.00     47.00     99.00    629.00      0.00       5.7395    0.1216      0.00      6.00     10.00     24.00      0.00
  1.6000   0.0200      148.0040    3.2909     45.00    108.00    199.00   1130.00      0.00     137.3605    3.0569     41.00     99.00    185.00   1130.00      0.00       2.2950    0.0935      0.00      0.00      3.00     20.00      0.00
  1.4000   0.2000        7.8210    0.1683      3.00      5.00     10.00    105.00      0.00       3.7295    0.0935      1.00      2.00      5.00     32.00      0.00      11.7075    0.1103      9.00     11.00     14.00     30.00      0.00
  1.4000   0.1800        8.9570    0.1879      3.00      6.00     12.00     83.00      0.00       4.3455    0.1081      1.00      2.00      6.00     52.00      0.00      11.3255    0.1156      9.00     11.00     14.00     36.00      0.00
  1.4000   0.1600       10.8275    0.2325      4.00      8.00     14.00     98.00      0.00       5.2085    0.1233      1.00      3.00      7.00     42.00      0.00      11.3070    0.1140      9.00     11.00     14.00     36.00      0.00
  1.4000   0.1400       13.4020    0.3030      4.00      9.00     18.00    188.00      0.00       6.5400    0.1537      1.00      4.00      9.00     63.00      0.00      10.9980    0.1167      8.00     11.00     14.00     38.00      0.00
  1.4000   0.1200       17.3455    0.3989      5.00     11.00     23.00    190.00      0.00       8.9800    0.2238      2.00      6.00     13.00    107.00      0.00      10.7850    0.1167      8.00     11.00     14.00     31.00      0.00
  1.4000   0.1000       21.8900    0.4977      6.00     16.00     29.00    230.00      0.00      12.0665    0.2956      3.00      8.00     17.00    135.00      0.00      10.2300    0.1199      7.00     10.00     13.00     30.00      0.00
  1.4000   0.0800       32.1880    0.7283      9.00     23.00     44.00    320.00      0.00      19.4140    0.4722      4.00     13.00     27.00    197.00      0.00       9.3600    0.1288      6.00     10.00     12.00     31.00      0.00
  1.4000   0.0600       52.8330    1.2241     15.00     37.00     69.00    461.00      0.00      37.1025    0.8863      9.00     25.00     51.00    308.00      0.00       8.2980    0.1370      1.00      9.00     12.00     30.00      0.00
  1.4000   0.0400       91.9640    2.1012     27.00     64.00    128.00    762.00      0.00      72.0070    1.7171     19.00     49.00     99.00    742.00      0.00       6.0425    0.1380      0.00      6.00     10.00     33.00      0.00
  1.4000   0.0200      151.6755    3.4597     42.00    100.00    210.00   1032.00      0.00     137.7635    3.1571     36.00     93.00    194.00    956.00      0.00       2.7960    0.1129      0.00      0.00      4.00     29.00      0.00
  1.2000   0.2000        9.2990    0.1961      4.00      6.00     12.00    120.00      0.00       3.6215    0.0881      1.00      2.00      5.00     27.00      0.00      14.0745    0.1460     10.00     13.00     18.00     49.00      0.00
  1.2000   0.1800       10.4170    0.2075      4.00      7.00     14.00     78.00      0.00       4.2890    0.1040      1.00      2.00      6.00     29.00      0.00      13.5905    0.1435     10.00     13.00     17.00     45.00      0.00
  1.2000   0.1600       12.0445    0.2534      5.00      9.00     15.00    110.00      0.00       5.0675    0.1202      1.00      3.00      7.00     61.00      0.00      13.4090    0.1450     10.00     12.00     17.00     43.00      0.00
  1.2000   0.1400       15.3855    0.3276      5.00     11.00     20.00    130.00      0.00       6.5915    0.1531      2.00      4.00      9.00     69.00      0.00      13.0045    0.1464      9.00     12.00     17.00     46.00      0.00
  1.2000   0.1200       18.9310    0.4187      6.00     13.00     26.00    197.00      0.00       8.5220    0.2091      2.00      6.00     12.00    117.00      0.00      12.3185    0.1493      9.00     12.00     16.00     39.00      0.00
  1.2000   0.1000       27.0285    0.5966      8.00     18.00     36.00    210.00      0.00      12.7760    0.3183      3.00      8.00     17.00    145.00      0.00      11.8855    0.1499      8.00     11.00     16.00     43.00      0.00
  1.2000   0.0800       37.6200    0.8622     11.00     26.00     50.00    357.00      0.00      19.5155    0.4689      5.00     13.00     26.00    183.00      0.00      11.2510    0.1555      7.00     11.00     16.00     53.00      0.00
  1.2000   0.0600       61.2295    1.3885     17.00     42.00     85.00    746.00      0.00      36.3610    0.8363      9.00     26.00     50.00    324.00      0.00       9.8620    0.1704      2.00     10.00     15.00     41.00      0.00
  1.2000   0.0400       94.5510    2.1036     27.00     67.00    131.00    832.00      0.00      69.3040    1.5718     18.00     48.00     99.00    455.00      0.00       6.8915    0.1703      0.00      5.00     12.00     43.00      0.00
  1.2000   0.0200      150.4675    3.3423     43.00    105.00    209.00   1096.00      0.00     132.5385    2.9526     37.00     92.00    188.00    995.00      0.00       2.9285    0.1290      0.00      0.00      2.00     39.00      0.00
  1.0000   0.2000       10.9625    0.2327      4.00      8.00     14.00     87.00      0.00       3.8345    0.0968      1.00      2.00      5.00     48.00      0.00      16.7420    0.1898     11.00     16.00     22.00     52.00      0.00
  1.0000   0.1800       13.1000    0.2675      5.00     10.00     18.00    137.00      0.00       4.5815    0.1105      1.00      3.00      6.00     47.00      0.00      16.8280    0.1901     11.00     16.00     22.00     52.00      0.00
  1.0000   0.1600       15.7165    0.3348      6.00     11.00     21.00    121.00      0.00       5.5580    0.1391      1.00      3.00      8.00     59.00      0.00      16.3105    0.1959     11.00     16.00     21.00     63.00      0.00
  1.0000   0.1400       18.4375    0.4053      6.00     13.00     24.00    156.00      0.00       6.4315    0.1552      1.00      4.00      9.00     69.00      0.00      15.7945    0.1915     10.00     15.00     21.00     50.00      0.00
  1.0000   0.1200       24.3925    0.5810      7.00     16.00     33.00    252.00      0.00       8.5325    0.2135      2.00      5.00     12.00    107.00      0.00      15.5270    0.1996     10.00     15.00     21.00     64.00      0.00
  1.0000   0.1000       30.6020    0.6652     10.00     21.00     41.00    215.00      0.00      12.3165    0.2902      3.00      8.00     18.00    133.00      0.00      14.5780    0.1999      9.00     14.00     21.00     47.00      0.00
  1.0000   0.0800       44.2660    1.0462     13.00     29.00     59.00    451.00      0.00      19.8155    0.5235      5.00     13.00     27.00    283.00      0.00      13.5625    0.2079      7.00     13.00     20.00     52.00      0.00
  1.0000   0.0600       66.7940    1.5497     19.00     45.00     93.00    654.00      0.00      36.5025    0.9064      8.00     24.00     51.00    447.00      0.00      11.4320    0.2177      1.00     11.00     18.00     52.00      0.00
  1.0000   0.0400      107.1240    2.3899     30.00     75.00    148.00    857.00      0.00      73.9050    1.7901     18.00     52.00     97.00    652.00      0.00       8.0160    0.2115      0.00      3.00     15.00     53.00      0.00
  1.0000   0.0200      155.1725    3.5251     42.00    105.00    217.00   1315.00      0.00     133.2085    3.1091     35.00     89.00    184.00   1121.00      0.00       3.4535    0.1629      0.00      0.00      1.00     46.00      0.00
  0.8000   0.2000       13.8495    0.2855      6.00     10.00     18.00    103.00      0.00       3.5630    0.0891      1.00      2.00      5.00     39.00      0.00      23.1305    0.2905     14.00     22.00     31.00     84.00      0.00
  0.8000   0.1800       17.0075    0.3709      6.00     12.00     22.00    145.00      0.00       4.2460    0.1030      1.00      2.00      6.00     34.00      0.00      22.6205    0.2773     14.00     21.00     30.00     86.00      0.00
  0.8000   0.1600       19.7070    0.4555      7.00     13.00     26.00    296.00      0.00       5.1655    0.1354      1.00      3.00      7.00     85.00      0.00      21.9015    0.2882     13.00     20.00     30.00     88.00      0.00
  0.8000   0.1400       24.3380    0.5472      9.00     17.00     32.00    219.00      0.00       6.9945    0.1680      2.00      4.00     10.00     91.00      0.00      21.7785    0.2970     12.00     20.00     29.00     87.00      0.00
  0.8000   0.1200       30.5175    0.6877     10.00     20.00     40.00    303.00      0.00       8.7405    0.2068      2.00      6.00     12.00     78.00      0.00      20.6175    0.2883     11.00     20.00     29.00     83.00      0.00
  0.8000   0.1000       39.9665    0.8888     12.00     27.00     54.00    348.00      0.00      12.3510    0.3089      3.00      8.00     17.00    149.00      0.00      19.6360    0.3025     10.00     19.00     28.00     75.00      0.00
  0.8000   0.0800       55.9605    1.2559     16.00     38.00     76.00    445.00      0.00      19.0955    0.4833      5.00     12.00     26.00    256.00      0.00      18.1080    0.3163      6.00     17.00     27.00     93.00      0.00
  0.8000   0.0600       80.8100    1.8600     23.00     56.00    112.00    794.00      0.00      37.1145    0.8673      9.00     25.00     52.00    345.00      0.00      14.6640    0.3109      1.00     13.00     24.00     77.00      0.00
  0.8000   0.0400      121.3020    2.8032     33.00     85.00    165.00   1484.00      0.00      73.9625    1.7873     18.00     49.00    102.00    773.00      0.00      10.8535    0.3074      0.00      3.00     20.00     88.00      0.00
  0.8000   0.0200      162.4770    3.5034     44.00    115.00    233.00   1055.00      0.00     133.3100    2.9293     36.00     91.00    192.00    916.00      0.00       4.3000    0.2166      0.00      0.00      1.00     63.00      0.00
  0.6000   0.2000       20.8520    0.4578      8.00     15.00     27.00    356.00      0.00       3.8245    0.0986      1.00      2.00      5.00     52.00      0.00      35.1945    0.4865     20.00     32.00     48.00    164.00      0.00
  0.6000   0.1800       23.0270    0.4788      8.00     16.00     31.00    213.00      0.00       4.1955    0.1031      1.00      2.00      5.00     40.00      0.00      34.0935    0.4843     19.00     31.00     47.00    148.00      0.00
  0.6000   0.1600       27.1850    0.5859     10.00     19.00     34.00    288.00      0.00       5.2265    0.1274      1.00      3.00      7.00     51.00      0.00      33.6235    0.4895     18.00     31.00     47.00    119.00      0.00
  0.6000   0.1400       32.2895    0.6986     11.00     23.00     44.00    275.00      0.00       6.6990    0.1560      1.00      4.00      9.00     76.00      0.00      31.5975    0.4743     17.00     29.00     43.00    181.00      0.00
  0.6000   0.1200       42.0320    0.9403     14.00     29.00     56.00    343.00      0.00       8.8610    0.2114      2.00      6.00     12.00    104.00      0.00      31.4560    0.5002     15.00     29.00     45.00    121.00      0.00
  0.6000   0.1000       51.9650    1.1296     17.00     36.00     71.00    404.00      0.00      12.0310    0.2812      3.00      9.00     17.00    107.00      0.00      27.9880    0.5033     10.00     25.00     41.00    165.00      0.00
  0.6000   0.0800       72.1190    1.5894     22.00     50.00     99.00    506.00      0.00      19.7315    0.4874      5.00     13.00     26.00    188.00      0.00      25.7975    0.5083      4.00     23.00     39.00    145.00      0.00
  0.6000   0.0600       99.0075    2.2068     30.00     72.00    134.00   1043.00      0.00      36.6110    0.8530      9.00     25.00     51.00    293.00      0.00      20.2475    0.5079      1.00     13.00     34.00    161.00      0.00
  0.6000   0.0400      134.4270    2.9823     38.00     94.00    188.00    929.00      0.00      70.1165    1.6176     18.00     47.00     98.00    565.00      0.00      12.6240    0.4274      0.00      2.00     21.00    141.00      0.00
  0.6000   0.0200      174.5285    3.9080     48.00    116.00    243.00   1364.00      0.00     136.2000    3.1407     36.00     92.00    191.00   1299.00      0.00       4.5595    0.2898      0.00      0.00      1.00    134.00      0.00
  0.4000   0.2000       33.8800    0.7051     13.00     25.00     45.00    306.00      0.00       3.6740    0.0931      1.00      2.00      5.00     30.00      0.00      62.9710    1.0564     28.00     54.00     88.00    323.00      0.00
  0.4000   0.1800       38.2870    0.7964     15.00     29.00     49.00    335.00      0.00       4.3160    0.1040      1.00      2.00      6.00     41.00      0.00      61.2820    1.0413     27.00     53.00     87.00    343.00      0.00
  0.4000   0.1600       44.1115    0.8816     17.00     32.00     59.00    342.00      0.00       5.2855    0.1297      1.00      3.00      7.00     65.00      0.00      60.7940    1.0505     25.00     54.00     86.00    308.00      0.00
  0.4000   0.1400       52.1695    1.1353     18.00     37.00     70.00    431.00      0.00       6.9860    0.1719      1.00      4.00     10.00    102.00      0.00      55.6605    1.0172     20.00     48.00     81.00    318.00      0.00
  0.4000   0.1200       62.6380    1.3603     21.00     44.00     83.00    454.00      0.00       8.5155    0.2102      2.00      5.00     12.00     93.00      0.00      52.5235    1.0822     12.00     43.00     79.00    281.00      0.00
  0.4000   0.1000       78.3700    1.7600     24.00     54.00    108.00    787.00      0.00      12.4515    0.3094      3.00      8.00     17.00    187.00      0.00      46.3075    1.0509      6.00     35.00     71.00    354.00      0.00
  0.4000   0.0800       99.7400    2.2280     31.00     71.00    132.00    939.00      0.00      19.2655    0.4616      5.00     13.00     27.00    248.00      0.00      38.0670    1.0117      3.00     21.00     59.00    323.00      0.00
  0.4000   0.0600      127.3610    2.8550     39.00     89.00    175.00    977.00      0.00      36.0610    0.8816      9.00     24.00     49.00    293.00      0.00      29.4140    0.9361      1.00      8.00     45.00    261.00      0.00
  0.4000   0.0400      162.2570    3.7405     47.00    111.00    217.00   1718.00      0.00      71.8715    1.6474     20.00     50.00     98.00    545.00      0.00      17.9220    0.7839      0.00      2.00     18.00    340.00      0.00
  0.4000   0.0200      190.4025    4.4666     50.00    129.00    261.00   1614.00      0.00     132.2630    3.0320     35.00     90.00    184.00    959.00      0.00       6.4760    0.5009      0.00      0.00      1.00    259.00      0.00
  0.2000   0.2000       93.9105    1.9916     30.00     65.00    128.00    611.00      0.00       3.8180    0.0969      1.00      2.00      5.00     33.00      0.00     160.9880    3.6922     40.00    108.00    228.00   1172.00      0.00
  0.2000   0.1800      104.4470    2.2855     33.00     74.00    139.00    967.00      0.00       4.5155    0.1095      1.00      3.00      6.00     37.00      0.00     152.7335    3.7252     36.00     98.00    214.00   1336.00      0.00
  0.2000   0.1600      115.2355    2.5644     34.00     81.00    155.00    797.00      0.00       5.2710    0.1258      1.00      3.00      7.00     49.00      0.00     138.6495    3.4545     28.00     89.00    194.00   1293.00      0.00
  0.2000   0.1400      124.3090    2.7898     39.00     87.00    166.00   1062.00      0.00       6.6985    0.1609      2.00      4.00      9.00     59.00      0.00     117.8585    3.0977     19.00     72.00    168.00   1316.00      0.00
  0.2000   0.1200      140.5605    3.0697     42.00     99.00    192.00   1165.00      0.00       8.9060    0.2304      2.00      6.00     12.00    125.00      0.00      97.8155    2.7641     10.00     51.00    140.00   1132.00      0.00
  0.2000   0.1000      147.2800    3.3118     45.00    100.00    201.00   1091.00      0.00      12.3460    0.3058      3.00      8.00     17.00    188.00      0.00      74.2510    2.3909      5.00     31.00     98.00    887.00      0.00
  0.2000   0.0800      170.7980    3.7578     53.00    119.00    231.00   1517.00      0.00      20.1720    0.4921      5.00     14.00     28.00    227.00      0.00      58.1850    1.9729      3.00     19.00     78.00    694.00      0.00
  0.2000   0.0600      182.9640    4.1004     53.00    129.00    248.00   1489.00      0.00      37.8060    0.9645      8.00     24.00     53.00    408.00      0.00      34.1400    1.4823      1.00      6.00     35.00    862.00      0.00
  0.2000   0.0400      187.8155    4.3450     54.00    128.00    257.00   1867.00      0.00      70.7365    1.6910     18.00     46.00     99.00    575.00      0.00      15.8105    0.9421      0.00      1.00     10.00    505.00      0.00
  0.2000   0.0200      197.0490    4.4485     54.00    138.00    273.00   1412.00      0.00     133.0405    3.0227     37.00     90.00    190.00   1163.00      0.00       3.5225    0.3160      0.00      0.00      1.00    273.00      0.00
