Amp Radius  OC_Mean OC_Std OC_Q1 OC_Med OC_Q3 OC_Max OC_Min  Exp_Mean Exp_Std Exp_Q1 Exp_Med Exp_Q3 Exp_Max Exp_Min  Num_Mean Num_Std Num_Q1 Num_Med Num_Q3 Num_Max Num_Min
  2.0000   0.2000        5.8735    0.1177      2.00      4.00      8.00     69.00      0.00       3.7405    0.0942      1.00      2.00      5.00     57.00      0.00       9.2255    0.0790      7.00     10.00     11.00     27.00      0.00
  2.0000   0.1800        6.4970    0.1274      3.00      5.00      8.00     61.00      0.00       4.2530    0.1032      1.00      2.00      6.00     38.00      0.00       8.9810    0.0789      7.00     10.00     11.00     27.00      0.00
  2.0000   0.1600        7.6045    0.1552      3.00      5.00     10.00     64.00      0.00       4.9905    0.1228      1.00      3.00      7.00     53.00      0.00       8.7010    0.0783      7.00     10.00     11.00     21.00      0.00
  2.0000   0.1400        9.4425    0.1991      3.00      7.00     13.00     77.00      0.00       6.4500    0.1526      1.00      4.00      9.00     61.00      0.00       8.4160    0.0745      6.00     10.00     11.00     19.00      0.00
  2.0000   0.1200       11.3910    0.2558      4.00      8.00     15.00    130.00      0.00       8.0570    0.2028      2.00      5.00     11.00     96.00      0.00       8.5405    0.0766      7.00     10.00     11.00     20.00      0.00
  2.0000   0.1000       16.0440    0.3822      5.00     11.00     21.00    200.00      0.00      12.0175    0.3145      3.00      8.00     16.00    142.00      0.00       7.9310    0.0801      6.00      9.00     10.00     19.00      0.00
  2.0000   0.0800       23.8640    0.5346      7.00     17.00     32.00    204.00      0.00      19.0975    0.4688      4.00     12.00     26.00    174.00      0.00       7.5250    0.0881      6.00      9.00     10.00     19.00      0.00
  2.0000   0.0600       40.4005    0.9202     10.00     27.00     55.00    306.00      0.00      33.7225    0.8003      8.00     22.00     47.00    303.00      0.00       6.5785    0.0949      3.00      7.00     10.00     19.00      0.00
  2.0000   0.0400       78.6290    1.8351     21.00     53.00    109.00    660.00      0.00      72.5360    1.7591     17.00     48.00    101.00    657.00      0.00       4.9210    0.1002      0.00      6.00      9.00     20.00      0.00
  2.0000   0.0200      139.9530    3.1977     39.00     96.00    193.00   1100.00      0.00     134.6805    3.0817     36.00     93.00    187.00   1093.00      0.00       2.0350    0.0764      0.00      0.00      4.00     17.00      0.00
  1.8000   0.2000        6.0085    0.1207      2.00      4.00      8.00     51.00      0.00       3.4980    0.0838      1.00      2.00      4.00     33.00      0.00       9.6170    0.0833      7.00     10.00     12.00     28.00      0.00
  1.8000   0.1800        6.8840    0.1421      3.00      5.00      9.00     61.00      0.00       4.0440    0.0994      1.00      2.00      5.00     39.00      0.00       9.4035    0.0845      7.00     10.00     11.00     26.00      0.00
  1.8000   0.1600        8.3295    0.1784      3.00      6.00     11.00     96.00      0.00       5.0315    0.1267      1.00      3.00      7.00     96.00      0.00       9.1995    0.0834      7.00     10.00     11.00     28.00      0.00
  1.8000   0.1400        9.7145    0.2033      3.00      7.00     13.00     85.00      0.00       6.0920    0.1521      1.00      4.00      8.00     78.00      0.00       8.9625    0.0858      7.00     10.00     11.00     27.00      0.00
  1.8000   0.1200       12.4360    0.2583      4.00      9.00     16.00    120.00      0.00       8.0055    0.1871      2.00      5.00     11.00     85.00      0.00       8.8515    0.0850      7.00     10.00     11.00     26.00      0.00
  1.8000   0.1000       17.0460    0.3815      6.00     12.00     23.00    215.00      0.00      11.9155    0.3007      3.00      8.00     16.00    187.00      0.00       8.5560    0.0854      7.00     10.00     11.00     23.00      0.00
  1.8000   0.0800       25.2160    0.5753      7.00     17.00     35.00    201.00      0.00      19.0510    0.4650      5.00     13.00     26.00    201.00      0.00       7.9525    0.0937      6.00      9.00     11.00     25.00      0.00
  1.8000   0.0600       43.9675    1.0243     12.00     29.00     60.00    353.00      0.00      35.1530    0.8676      8.00     22.00     49.00    352.00      0.00       7.0240    0.1025      2.00      8.00     10.00     21.00      0.00
  1.8000   0.0400       76.8665    1.8131     21.00     51.00    105.00    539.00      0.00      67.5605    1.6088     18.00     45.00     93.00    539.00      0.00       4.9245    0.1047      0.00      5.00      9.00     22.00      0.00
  1.8000   0.0200      146.0400    3.3369     40.00     98.00    204.00   1485.00      0.00     138.9015    3.1636     38.00     94.00    192.00   1485.00      0.00       2.1765    0.0853      0.00      0.00      4.00     21.00      0.00
  1.6000   0.2000        6.5950    0.1283      3.00      5.00      9.00     56.00      0.00       3.3995    0.0832      1.00      2.00      4.00     30.00      0.00      10.4490    0.0890      8.00     10.00     12.00     27.00      0.00
  1.6000   0.1800        8.0365    0.1685      3.00      6.00     11.00     74.00      0.00       4.3400    0.1114      1.00      2.00      6.00     50.00      0.00      10.3355    0.0916      8.00     10.00     12.00     33.00      0.00
  1.6000   0.1600        9.0520    0.1891      3.00      6.00     12.00     84.00      0.00       4.9825    0.1181      1.00      3.00      7.00     40.00      0.00      10.0620    0.0946      8.00     10.00     12.00     28.00      0.00
  1.6000   0.1400       10.7610    0.2343      4.00      8.00     14.00    145.00      0.00       6.0300    0.1471      1.00      4.00      8.00     73.00      0.00       9.7655    0.0959      7.00     10.00     12.00     30.00      0.00
  1.6000   0.1200       14.1280    0.3044      5.00     10.00     19.00    118.00      0.00       8.2045    0.2051      2.00      5.00     11.00    101.00      0.00       9.5295    0.0954      7.00     10.00     12.00     24.00      0.00
  1.6000   0.1000       19.5020    0.4341      7.00     14.00     26.00    194.00      0.00      12.1485    0.2980      3.00      9.00     17.00    190.00      0.00       9.1970    0.1001      7.00     10.00     11.00     33.00      0.00
  1.6000   0.0800       28.0240    0.6624      8.00     19.00     38.00    272.00      0.00      19.0060    0.4926      4.00     13.00     26.00    271.00      0.00       8.7380    0.1032      6.00     10.00     11.00     29.00      0.00
  1.6000   0.0600       48.2980    1.1195     13.00     32.00     67.00    399.00      0.00      35.5685    0.8936      8.00     22.00     50.00    399.00      0.00       7.3805    0.1139      2.00      8.00     11.00     26.00      0.00
  1.6000   0.0400       83.5080    1.8935     23.00     57.00    116.00    627.00      0.00      69.1725    1.6056     18.00     47.00     96.00    560.00      0.00       5.5435    0.1212      0.00      6.00     10.00     29.00      0.00
  1.6000   0.0200      145.5405    3.3270     40.00     99.00    199.00   1247.00      0.00     132.6225    3.0119     36.00     91.00    186.00    968.00      0.00       2.5475    0.0960      0.00      0.00      5.00     23.00      0.00
  1.4000   0.2000        7.5250    0.1598      3.00      5.00     10.00    113.00      0.00       3.4525    0.0812      1.00      2.00      4.00     33.00      0.00      11.5345    0.1154      9.00     11.00     14.00     36.00      0.00
  1.4000   0.1800        8.7770    0.1759      3.00      6.00     12.00     73.00      0.00       4.0650    0.0959      1.00      2.00      5.00     30.00      0.00      11.5260    0.1095      9.00     11.00     14.00     35.00      0.00
  1.4000   0.1600       10.6020    0.2236      4.00      7.00     14.00    105.00      0.00       5.2115    0.1309      1.00      3.00      7.00     57.00      0.00      11.2490    0.1098      9.00     11.00     14.00     34.00      0.00
  1.4000   0.1400       12.3575    0.2642      4.00      8.00     16.00    109.00      0.00       6.1345    0.1483      1.00      4.00      8.00     57.00      0.00      11.0215    0.1149      8.00     11.00     14.00     35.00      0.00
  1.4000   0.1200       15.8195    0.3618      5.00     11.00     21.00    266.00      0.00       8.4320    0.2583      2.00      5.00     11.00    259.00      0.00      10.8005    0.1156      8.00     11.00     13.00     35.00      0.00
  1.4000   0.1000       20.7820    0.4716      7.00     14.00     27.00    248.00      0.00      11.1165    0.2888      3.00      7.00     16.00    208.00      0.00      10.2940    0.1205      7.00     10.00     13.00     29.00      0.00
  1.4000   0.0800       31.8735    0.7922      9.00     22.00     42.00    591.00      0.00      19.2235    0.5113      4.00     13.00     25.00    320.00      0.00       9.6320    0.1277      7.00     10.00     13.00     30.00      0.00
  1.4000   0.0600       52.8275    1.2231     15.00     34.00     73.00    479.00      0.00      35.2370    0.8510      8.00     23.00     49.00    270.00      0.00       8.4405    0.1341      2.00      9.00     12.00     32.00      0.00
  1.4000   0.0400       91.9745    2.1167     25.00     63.00    127.00    685.00      0.00      71.6125    1.6762     18.00     51.00     99.00    540.00      0.00       6.3030    0.1384      0.00      6.00     11.00     29.00      0.00
  1.4000   0.0200      148.6090    3.2544     40.00    104.00    209.00   1107.00      0.00     133.9420    2.9750     35.00     92.00    190.00    980.00      0.00       2.6470    0.1072      0.00      0.00      3.00     29.00      0.00
  1.2000   0.2000        8.7260    0.1792      3.00      6.00     11.00     66.00      0.00       3.4475    0.0826      1.00      2.00      4.00     28.00      0.00      13.7640    0.1435     10.00     13.00     17.00     46.00      0.00
  1.2000   0.1800        9.9270    0.1957      4.00      7.00     13.00     64.00      0.00       4.1270    0.0999      1.00      2.00      5.00     35.00      0.00      13.5500    0.1415     10.00     13.00     18.00     40.00      0.00
  1.2000   0.1600       12.4265    0.2796      5.00      9.00     16.00    135.00      0.00       5.0280    0.1253      1.00      3.00      7.00     69.00      0.00      13.2450    0.1437     10.00     12.00     17.00     42.00      0.00
  1.2000   0.1400       15.0245    0.3182      5.00     10.00     20.00    131.00      0.00       6.2845    0.1555      1.00      4.00      9.00     57.00      0.00      13.1380    0.1461     10.00     12.00     17.00     40.00      0.00
  1.2000   0.1200       19.0190    0.4476      7.00     12.00     25.00    206.00      0.00       8.1640    0.2024      2.00      5.00     11.00    108.00      0.00      12.5975    0.1433      9.00     12.00     17.00     45.00      0.00
  1.2000   0.1000       24.0585    0.5506      8.00     16.00     32.00    246.00      0.00      11.2690    0.2830      3.00      8.00     16.00    171.00      0.00      12.2670    0.1495      9.00     12.00     16.00     42.00      0.00
  1.2000   0.0800       36.8500    0.8222     11.00     25.00     49.00    258.00      0.00      18.9710    0.4622      5.00     13.00     26.00    201.00      0.00      11.2400    0.1578      7.00     11.00     16.00     38.00      0.00
  1.2000   0.0600       57.4165    1.2966     17.00     40.00     79.00    499.00      0.00      35.8295    0.8531      9.00     24.00     50.00    386.00      0.00       9.6515    0.1661      2.00     10.00     15.00     36.00      0.00
  1.2000   0.0400       95.5920    2.1496     27.00     67.00    134.00    830.00      0.00      70.9355    1.6339     19.00     50.00     98.00    624.00      0.00       7.1905    0.1700      0.00      6.00     12.00     39.00      0.00
  1.2000   0.0200      157.3940    3.4796     46.00    109.00    216.00   1009.00      0.00     139.2640    3.1618     40.00     95.00    190.00    976.00      0.00       3.3335    0.1420      0.00      0.00      3.00     36.00      0.00
  1.0000   0.2000       10.9495    0.2312      4.00      8.00     14.00    116.00      0.00       3.4790    0.0834      1.00      2.00      4.00     30.00      0.00      17.3990    0.1905     11.00     17.00     22.00     59.00      0.00
  1.0000   0.1800       12.3090    0.2571      5.00      9.00     16.00    122.00      0.00       4.1760    0.1003      1.00      2.00      6.00     42.00      0.00      16.8615    0.1925     11.00     16.00     22.00     68.00      0.00
  1.0000   0.1600       14.3730    0.2959      5.00     10.00     18.00    146.00      0.00       5.0390    0.1245      1.00      3.00      7.00     84.00      0.00      16.7545    0.1968     11.00     16.00     22.00     65.00      0.00
  1.0000   0.1400       18.1250    0.3988      6.00     12.00     23.00    147.00      0.00       6.1520    0.1481      1.00      4.00      9.00     55.00      0.00      15.9375    0.1920     11.00     15.00     21.00     57.00      0.00
  1.0000   0.1200       22.3005    0.4984      7.00     15.00     29.00    188.00      0.00       7.9905    0.2081      2.00      5.00     11.00    177.00      0.00      15.6060    0.1881     10.00     15.00     21.00     56.00      0.00
  1.0000   0.1000       29.8180    0.6829      9.00     20.00     40.00    236.00      0.00      11.7590    0.2977      3.00      8.00     16.00    217.00      0.00      15.2185    0.1986     10.00     14.00     21.00     54.00      0.00
  1.0000   0.0800       42.0825    0.9281     13.00     30.00     57.00    477.00      0.00      19.4940    0.4988      5.00     13.00     26.00    287.00      0.00      13.8550    0.2123      8.00     13.00     20.00     52.00      0.00
  1.0000   0.0600       66.7840    1.4821     21.00     47.00     92.00    549.00      0.00      36.1335    0.9158      9.00     24.00     49.00    463.00      0.00      11.5880    0.2181      2.00     11.00     18.00     47.00      0.00
  1.0000   0.0400      103.9620    2.3125     29.00     73.00    143.00    768.00      0.00      69.2405    1.6511     17.00     46.00     94.00    556.00      0.00       8.5555    0.2188      0.00      4.00     16.00     58.00      0.00
  1.0000   0.0200      157.0550    3.6152     44.00    105.00    225.00   1778.00      0.00     130.8015    2.9727     37.00     88.00    186.00   1148.00      0.00       3.4215    0.1594      0.00      0.00      2.00     42.00      0.00
  0.8000   0.2000       13.9300    0.2912      5.00     10.00     18.00    129.00      0.00       3.3565    0.0827      1.00      2.00      4.00     30.00      0.00      23.2295    0.2800     15.00     22.00     30.00     77.00      0.00
  0.8000   0.1800       16.3500    0.3929      6.00     11.00     21.00    317.00      0.00       4.2255    0.1058      1.00      2.00      6.00     37.00      0.00      22.5625    0.2902     14.00     21.00     30.00     86.00      0.00
  0.8000   0.1600       18.8880    0.3882      7.00     14.00     25.00    145.00      0.00       4.9590    0.1153      1.00      3.00      7.00     40.00      0.00      22.2110    0.2909     13.00     21.00     30.00     77.00      0.00
  0.8000   0.1400       24.0615    0.5119      8.00     18.00     33.00    261.00      0.00       6.2625    0.1533      2.00      4.00      9.00    108.00      0.00      21.9440    0.2892     13.00     21.00     29.00     78.00      0.00
  0.8000   0.1200       29.2265    0.6833      9.00     20.00     38.00    304.00      0.00       8.1840    0.2108      2.00      5.00     11.00     91.00      0.00      20.7495    0.2831     12.00     20.00     29.00     86.00      0.00
  0.8000   0.1000       37.1095    0.7973     12.00     25.00     51.00    284.00      0.00      11.3320    0.2776      3.00      8.00     16.00    123.00      0.00      20.0835    0.3038     10.00     19.00     28.00     77.00      0.00
  0.8000   0.0800       53.4700    1.2670     15.00     35.00     73.00    627.00      0.00      19.3880    0.5003      4.00     13.00     27.00    279.00      0.00      17.6160    0.3107      5.00     17.00     27.00     73.00      0.00
  0.8000   0.0600       75.7510    1.7032     21.00     51.00    106.00    592.00      0.00      36.3555    0.8988      8.00     24.00     50.00    384.00      0.00      14.7010    0.3118      1.00     13.00     24.00     81.00      0.00
  0.8000   0.0400      118.0770    2.7405     33.00     79.00    161.00   1101.00      0.00      70.6730    1.7329     17.00     47.00     99.00    946.00      0.00      10.0260    0.2889      0.00      2.00     18.00     75.00      0.00
  0.8000   0.0200      166.0530    3.7547     48.00    115.00    224.00   1325.00      0.00     132.1460    3.0551     37.00     91.00    180.00   1204.00      0.00       4.3250    0.2214      0.00      0.00      2.00     70.00      0.00
  0.6000   0.2000       20.1610    0.4433      8.00     14.00     26.00    196.00      0.00       3.4755    0.0866      1.00      2.00      4.00     42.00      0.00      34.9765    0.4855     20.00     32.00     47.00    161.00      0.00
  0.6000   0.1800       23.0065    0.4760      9.00     16.00     30.00    220.00      0.00       4.1500    0.1052      1.00      2.00      6.00     53.00      0.00      33.8470    0.4752     19.00     31.00     46.00    136.00      0.00
  0.6000   0.1600       26.8950    0.5807     10.00     19.00     35.00    205.00      0.00       4.8920    0.1200      1.00      3.00      7.00     45.00      0.00      32.1805    0.4691     17.00     29.00     45.00    138.00      0.00
  0.6000   0.1400       32.9110    0.7187     11.00     23.00     43.00    356.00      0.00       6.3640    0.1597      1.00      4.00      9.00     94.00      0.00      32.6945    0.5007     17.00     30.00     45.00    134.00      0.00
  0.6000   0.1200       39.3740    0.8477     14.00     28.00     54.00    361.00      0.00       8.2155    0.2007      2.00      5.00     11.00    142.00      0.00      29.8465    0.4817     13.00     27.00     43.00    123.00      0.00
  0.6000   0.1000       53.7665    1.2220     18.00     37.00     70.00    535.00      0.00      11.8835    0.3074      3.00      8.00     17.00    171.00      0.00      28.2040    0.5007     10.00     26.00     41.00    139.00      0.00
  0.6000   0.0800       68.5830    1.5257     20.00     49.00     93.00    743.00      0.00      19.0200    0.5051      4.00     12.00     25.00    230.00      0.00      25.1065    0.5029      4.00     21.00     40.00    122.00      0.00
  0.6000   0.0600       95.0515    2.1255     29.00     67.00    129.00   1096.00      0.00      35.9275    0.8441      9.00     24.00     51.00    278.00      0.00      20.5710    0.4970      1.00     14.00     34.00    155.00      0.00
  0.6000   0.0400      129.2795    2.9588     36.00     87.00    180.00   1121.00      0.00      69.4390    1.6426     16.00     47.00     98.00    537.00      0.00      12.9005    0.4389      0.00      2.00     21.00    140.00      0.00
  0.6000   0.0200      175.5340    3.8613     51.00    124.00    244.00   1580.00      0.00     136.9320    3.0707     40.00     96.00    188.00   1252.00      0.00       5.0155    0.3023      0.00      0.00      1.00    155.00      0.00
  0.4000   0.2000       35.2515    0.6919     14.00     26.00     46.00    264.00      0.00       3.6080    0.0896      1.00      2.00      5.00     32.00      0.00      65.6425    1.0891     29.00     58.00     92.00    395.00      0.00
  0.4000   0.1800       39.4655    0.7995     15.00     29.00     52.00    345.00      0.00       4.1855    0.0990      1.00      2.00      6.00     41.00      0.00      63.3395    1.0486     28.00     56.00     90.00    304.00      0.00
  0.4000   0.1600       43.5340    0.9249     16.00     31.00     58.00    367.00      0.00       5.1425    0.1293      1.00      3.00      7.00     73.00      0.00      59.9510    1.0912     23.00     51.00     84.00    403.00      0.00
  0.4000   0.1400       51.8670    1.0579     19.00     37.00     70.00    482.00      0.00       6.3190    0.1593      1.00      4.00      9.00     97.00      0.00      58.6890    1.0666     22.00     50.00     84.00    326.00      0.00
  0.4000   0.1200       64.4065    1.3778     22.00     46.00     85.00    539.00      0.00       8.2845    0.1926      2.00      6.00     12.00     79.00      0.00      52.4820    1.0313     14.00     43.00     75.00    325.00      0.00
  0.4000   0.1000       78.5350    1.6883     25.00     54.00    107.00    573.00      0.00      11.8955    0.3021      3.00      8.00     16.00    147.00      0.00      46.8470    1.0204      8.00     36.00     70.00    283.00      0.00
  0.4000   0.0800       98.4750    2.2087     30.00     67.00    137.00    962.00      0.00      19.0210    0.5106      4.00     12.00     25.00    308.00      0.00      38.1225    0.9490      3.00     23.00     62.00    283.00      0.00
  0.4000   0.0600      121.7640    2.6552     36.00     83.00    166.00    724.00      0.00      35.7125    0.8781      9.00     23.00     48.00    328.00      0.00      29.0880    0.9084      1.00      9.00     45.00    292.00      0.00
  0.4000   0.0400      157.4660    3.5127     46.00    110.00    218.00   1257.00      0.00      70.3440    1.6627     19.00     48.00     96.00    749.00      0.00      17.2325    0.7424      0.00      2.00     17.00    226.00      0.00
  0.4000   0.0200      187.5970    4.1029     55.00    135.00    256.00   1345.00      0.00     139.0635    3.1149     38.00     99.00    195.00    903.00      0.00       5.5120    0.4143      0.00      0.00      1.00    206.00      0.00
  0.2000   0.2000       97.4500    2.1600     33.00     69.00    133.00    732.00      0.00       3.5600    0.0883      1.00      2.00      5.00     33.00      0.00     164.0400    3.7658     40.00    111.00    235.00   1203.00      0.00
  0.2000   0.1800      107.5985    2.2926     35.00     74.00    149.00    759.00      0.00       4.0310    0.1046      1.00      2.00      5.00     68.00      0.00     156.6130    3.6580     38.00    106.00    225.00   1243.00      0.00
  0.2000   0.1600      113.4595    2.4959     36.00     80.00    157.00   1086.00      0.00       4.9810    0.1246      1.00      3.00      7.00     58.00      0.00     132.5495    3.2532     23.00     86.00    190.00   1328.00      0.00
  0.2000   0.1400      128.4765    2.8431     39.00     90.00    178.00   1040.00      0.00       6.1835    0.1576      1.00      4.00      8.00     75.00      0.00     119.2965    3.0503     19.00     72.00    171.00    946.00      0.00
  0.2000   0.1200      142.1960    3.1843     43.00    100.00    195.00   1191.00      0.00       8.3510    0.2084      2.00      6.00     12.00    139.00      0.00     101.5210    2.8561     12.00     52.00    143.00    933.00      0.00
  0.2000   0.1000      158.2275    3.4163     47.00    113.00    217.00   1077.00      0.00      11.6105    0.2780      3.00      8.00     16.00    107.00      0.00      77.2610    2.2687      7.00     37.00    112.00    796.00      0.00
  0.2000   0.0800      166.6980    3.5769     51.00    116.00    243.00   1271.00      0.00      19.1805    0.4835      4.00     13.00     26.00    231.00      0.00      54.5280    1.8636      3.00     18.00     72.00    696.00      0.00
  0.2000   0.0600      176.0105    3.9290     51.00    123.00    248.00   1372.00      0.00      35.3305    0.8728      9.00     23.00     49.00    349.00      0.00      33.0530    1.4960      1.00      6.00     33.00    760.00      0.00
  0.2000   0.0400      185.4915    4.1540     56.00    129.00    253.00   1305.00      0.00      69.4870    1.6440     18.00     48.00     93.00    592.00      0.00      15.5855    0.9134      0.00      2.00      8.00    460.00      0.00
  0.2000   0.0200      196.4250    4.4844     54.00    136.00    273.00   1846.00      0.00     133.6500    3.1443     35.00     92.00    186.00   1287.00      0.00       3.4720    0.3261      0.00      0.00      1.00    341.00      0.00
