Amp Radius  OC_Mean OC_Std OC_Q1 OC_Med OC_Q3 OC_Max OC_Min  Exp_Mean Exp_Std Exp_Q1 Exp_Med Exp_Q3 Exp_Max Exp_Min  Num_Mean Num_Std Num_Q1 Num_Med Num_Q3 Num_Max Num_Min
  2.0000   0.2000        3.8200    0.0442      3.00      3.00      5.00     26.00      0.00       1.3935    0.0180      1.00      1.00      2.00     10.00      0.00       8.9780    0.0922      6.00      9.00     12.00     24.00      0.00
  2.0000   0.1800        4.3365    0.0620      3.00      4.00      5.00     39.00      0.00       1.6685    0.0383      1.00      1.00      2.00     38.00      0.00       8.7455    0.0897      6.00      9.00     12.00     21.00      0.00
  2.0000   0.1600        4.7465    0.0704      3.00      4.00      6.00     51.00      0.00       1.9765    0.0525      1.00      1.00      2.00     50.00      0.00       8.4540    0.0876      6.00      9.00     11.00     20.00      0.00
  2.0000   0.1400        5.7455    0.1138      3.00      5.00      7.00     75.00      0.00       2.6100    0.0851      1.00      2.00      3.00     58.00      0.00       8.1135    0.0877      5.00      9.00     11.00     19.00      0.00
  2.0000   0.1200        7.4015    0.1712      4.00      5.00      8.00     97.00      0.00       3.8240    0.1400      1.00      2.00      4.00     94.00      0.00       8.0220    0.0840      5.00      9.00     11.00     18.00      0.00
  2.0000   0.1000        9.9355    0.2681      4.00      6.00     11.00    188.00      0.00       6.2250    0.2398      1.00      3.00      6.00    162.00      0.00       7.6710    0.0851      5.00      8.00     11.00     18.00      0.00
  2.0000   0.0800       16.8180    0.4430      5.00     10.00     20.00    158.00      0.00      12.6270    0.4139      2.00      5.00     15.00    154.00      0.00       7.2340    0.0885      4.00      8.00     11.00     18.00      0.00
  2.0000   0.0600       32.3035    0.8057      7.00     19.00     45.00    341.00      0.00      27.1490    0.7485      4.00     14.00     39.00    299.00      0.00       6.6540    0.0929      3.00      7.00     10.00     17.00      0.00
  2.0000   0.0400       63.6370    1.4861     16.00     42.00     88.00    438.00      0.00      57.9975    1.4217     13.00     37.00     83.00    429.00      0.00       5.3510    0.0992      0.00      6.00      9.00     18.00      0.00
  2.0000   0.0200      122.9640    2.8445     32.00     82.00    171.00    882.00      0.00     117.1045    2.7255     30.00     78.00    162.00    882.00      0.00       2.4835    0.0813      0.00      0.00      5.00     16.00      0.00
  1.8000   0.2000        4.2855    0.0520      3.00      4.00      5.00     25.00      0.00       1.4235    0.0206      1.00      1.00      2.00     12.00      0.00       9.6820    0.0956      7.00     10.00     13.00     25.00      0.00
  1.8000   0.1800        4.6415    0.0572      3.00      4.00      6.00     32.00      0.00       1.6095    0.0310      1.00      1.00      2.00     30.00      0.00       9.5800    0.0923      7.00     10.00     12.00     26.00      0.00
  1.8000   0.1600        5.3225    0.0810      3.00      5.00      7.00     67.00      0.00       1.9270    0.0479      1.00      1.00      2.00     45.00      0.00       9.2060    0.0912      6.00     10.00     12.00     23.00      0.00
  1.8000   0.1400        6.1955    0.1006      4.00      5.00      7.00     63.00      0.00       2.5225    0.0742      1.00      2.00      3.00     59.00      0.00       8.8585    0.0874      6.00      9.00     12.00     21.00      0.00
  1.8000   0.1200        8.0150    0.1685      4.00      6.00      9.00     86.00      0.00       3.7210    0.1292      1.00      2.00      4.00     81.00      0.00       8.7015    0.0885      6.00      9.00     12.00     21.00      0.00
  1.8000   0.1000       11.3560    0.2880      5.00      7.00     13.00    203.00      0.00       6.6080    0.2539      1.00      3.00      7.00    194.00      0.00       8.3360    0.0912      6.00      9.00     11.00     26.00      0.00
  1.8000   0.0800       18.3865    0.4608      6.00     11.00     23.00    275.00      0.00      13.1230    0.4107      2.00      5.00     17.00    231.00      0.00       7.8185    0.0934      5.00      8.00     11.00     20.00      0.00
  1.8000   0.0600       33.4885    0.8280      8.00     20.00     46.00    314.00      0.00      27.1385    0.7655      4.00     14.00     38.00    304.00      0.00       7.1985    0.1004      3.00      8.00     11.00     19.00      0.00
  1.8000   0.0400       62.4995    1.4330     16.00     41.00     88.00    436.00      0.00      54.5605    1.3309     12.00     35.00     78.00    433.00      0.00       5.5030    0.1050      0.00      6.00     10.00     19.00      0.00
  1.8000   0.0200      128.5220    2.8484     37.00     90.00    180.00    957.00      0.00     120.3575    2.6714     34.00     85.00    169.00    905.00      0.00       2.5685    0.0879      0.00      0.00      5.00     19.00      0.00
  1.6000   0.2000        5.0580    0.0751      3.00      4.00      6.00     75.00      0.00       1.4990    0.0454      1.00      1.00      2.00     72.00      0.00      10.9225    0.1050      8.00     11.00     14.00     33.00      0.00
  1.6000   0.1800        5.3570    0.0724      3.00      5.00      7.00     38.00      0.00       1.6625    0.0365      1.00      1.00      2.00     35.00      0.00      10.4950    0.0994      7.00     11.00     13.00     29.00      0.00
  1.6000   0.1600        6.2000    0.0969      4.00      5.00      7.00     52.00      0.00       2.0840    0.0619      1.00      1.00      2.00     49.00      0.00      10.1795    0.0947      7.00     11.00     13.00     27.00      0.00
  1.6000   0.1400        7.5005    0.1357      4.00      6.00      9.00     91.00      0.00       2.6735    0.0852      1.00      2.00      3.00     72.00      0.00       9.8855    0.0932      7.00     10.00     13.00     37.00      0.00
  1.6000   0.1200        8.6610    0.1579      4.00      7.00     11.00     84.00      0.00       3.5750    0.1077      1.00      2.00      4.00     48.00      0.00       9.4530    0.0938      7.00     10.00     12.00     26.00      0.00
  1.6000   0.1000       11.6840    0.2516      5.00      8.00     14.00    115.00      0.00       6.0720    0.2068      1.00      3.00      6.00     95.00      0.00       9.3560    0.0931      7.00     10.00     12.00     22.00      0.00
  1.6000   0.0800       19.5695    0.4870      7.00     12.00     24.00    217.00      0.00      12.3650    0.4041      2.00      5.00     15.00    177.00      0.00       8.7415    0.0959      6.00      9.00     12.00     22.00      0.00
  1.6000   0.0600       35.6525    0.8747      9.00     22.00     48.00    333.00      0.00      27.1530    0.7696      4.00     15.00     38.00    313.00      0.00       7.8550    0.1082      4.00      9.00     11.00     23.00      0.00
  1.6000   0.0400       67.7230    1.5537     18.00     46.00     92.00    584.00      0.00      56.8010    1.3961     12.00     37.00     80.00    483.00      0.00       6.4120    0.1159      0.00      7.00     11.00     22.00      0.00
  1.6000   0.0200      130.7560    2.8504     37.00     89.00    184.00    864.00      0.00     120.6325    2.6964     32.00     82.00    172.00    856.00      0.00       2.8565    0.0968      0.00      0.00      6.00     24.00      0.00
  1.4000   0.2000        5.6375    0.0692      4.00      5.00      7.00     29.00      0.00       1.4315    0.0191      1.00      1.00      2.00      8.00      0.00      12.3420    0.1186      9.00     12.00     15.00     35.00      0.00
  1.4000   0.1800        6.4720    0.0842      4.00      6.00      8.00     37.00      0.00       1.6515    0.0292      1.00      1.00      2.00     23.00      0.00      12.0255    0.1102      9.00     12.00     15.00     34.00      0.00
  1.4000   0.1600        6.9815    0.1047      4.00      6.00      9.00     55.00      0.00       1.9010    0.0511      1.00      1.00      2.00     36.00      0.00      11.5200    0.1104      8.00     12.00     14.00     31.00      0.00
  1.4000   0.1400        8.2780    0.1356      4.00      7.00     10.00     85.00      0.00       2.3930    0.0725      1.00      2.00      3.00     80.00      0.00      11.1255    0.1067      8.00     11.00     14.00     31.00      0.00
  1.4000   0.1200       10.3380    0.2012      5.00      8.00     13.00    114.00      0.00       3.6295    0.1328      1.00      2.00      4.00    114.00      0.00      10.8000    0.1051      8.00     11.00     14.00     32.00      0.00
  1.4000   0.1000       14.3130    0.3184      6.00     10.00     17.00    195.00      0.00       6.2735    0.2304      1.00      3.00      7.00    190.00      0.00      10.4095    0.1055      8.00     11.00     13.00     31.00      0.00
  1.4000   0.0800       22.3270    0.5200      7.00     14.00     29.00    187.00      0.00      12.8010    0.4044      2.00      6.00     16.00    174.00      0.00       9.7920    0.1125      7.00     11.00     13.00     29.00      0.00
  1.4000   0.0600       38.6105    0.8995     11.00     25.00     52.00    359.00      0.00      26.2740    0.6904      4.00     15.00     37.00    235.00      0.00       8.8430    0.1229      5.00     10.00     13.00     30.00      0.00
  1.4000   0.0400       70.7750    1.6322     18.00     48.00     99.00    588.00      0.00      55.5690    1.4057     11.00     35.00     79.00    582.00      0.00       6.6715    0.1318      0.00      7.00     11.00     29.00      0.00
  1.4000   0.0200      131.3985    2.9552     37.00     91.00    180.00   1167.00      0.00     118.4600    2.6813     31.00     83.00    166.00   1160.00      0.00       3.0630    0.1083      0.00      0.00      6.00     24.00      0.00
  1.2000   0.2000        6.8590    0.0921      4.00      6.00      9.00     39.00      0.00       1.4310    0.0212      1.00      1.00      2.00     11.00      0.00      14.3900    0.1455     10.00     14.00     18.00     47.00      0.00
  1.2000   0.1800        7.7205    0.1054      5.00      7.00     10.00     50.00      0.00       1.6555    0.0357      1.00      1.00      2.00     37.00      0.00      13.9550    0.1398     10.00     13.00     17.00     46.00      0.00
  1.2000   0.1600        8.8245    0.1251      5.00      8.00     11.00     46.00      0.00       1.9320    0.0396      1.00      1.00      2.00     22.00      0.00      13.6540    0.1320     10.00     13.00     17.00     49.00      0.00
  1.2000   0.1400       10.3550    0.1652      6.00      9.00     13.00     86.00      0.00       2.6315    0.0811      1.00      2.00      3.00     71.00      0.00      13.0425    0.1333     10.00     13.00     16.00     41.00      0.00
  1.2000   0.1200       12.8310    0.2525      6.00     10.00     15.00    150.00      0.00       3.9105    0.1432      1.00      2.00      4.00     75.00      0.00      12.5965    0.1256      9.00     13.00     16.00     39.00      0.00
  1.2000   0.1000       16.4855    0.3714      7.00     12.00     20.00    270.00      0.00       6.1720    0.2304      1.00      3.00      7.00    171.00      0.00      12.0965    0.1281      9.00     12.00     16.00     35.00      0.00
  1.2000   0.0800       25.7540    0.5846      9.00     18.00     32.00    225.00      0.00      12.7100    0.4158      2.00      6.00     16.00    214.00      0.00      11.2020    0.1344      8.00     12.00     15.00     36.00      0.00
  1.2000   0.0600       41.4035    0.9438     12.00     27.00     56.00    330.00      0.00      25.2485    0.7260      4.00     13.00     34.00    281.00      0.00      10.2250    0.1454      6.00     11.00     14.00     35.00      0.00
  1.2000   0.0400       78.9955    1.7339     23.00     55.00    108.00    642.00      0.00      57.5455    1.3930     12.00     38.00     81.00    462.00      0.00       7.7450    0.1581      0.00      8.00     13.00     34.00      0.00
  1.2000   0.0200      137.7825    3.1069     37.00     96.00    194.00   1072.00      0.00     116.8355    2.6230     30.00     81.00    165.00    790.00      0.00       3.8350    0.1353      0.00      0.00      8.00     39.00      0.00
  1.0000   0.2000        8.9145    0.1228      5.00      8.00     11.00     63.00      0.00       1.4885    0.0355      1.00      1.00      2.00     43.00      0.00      17.9600    0.1938     12.00     17.00     23.00     65.00      0.00
  1.0000   0.1800        9.9405    0.1445      6.00      9.00     13.00     81.00      0.00       1.5905    0.0312      1.00      1.00      2.00     40.00      0.00      17.7770    0.1897     12.00     17.00     22.00     59.00      0.00
  1.0000   0.1600       10.9675    0.1664      6.00      9.00     14.00    102.00      0.00       1.9095    0.0534      1.00      1.00      2.00     72.00      0.00      16.5115    0.1769     11.00     16.00     21.00     54.00      0.00
  1.0000   0.1400       12.9365    0.2160      7.00     11.00     16.00    115.00      0.00       2.5745    0.0951      1.00      2.00      3.00    101.00      0.00      15.9905    0.1746     11.00     15.00     20.00     57.00      0.00
  1.0000   0.1200       15.8975    0.2754      8.00     13.00     20.00    110.00      0.00       3.5755    0.1276      1.00      2.00      4.00    100.00      0.00      15.4760    0.1743     11.00     15.00     20.00     60.00      0.00
  1.0000   0.1000       19.9715    0.3828      9.00     15.00     26.00    147.00      0.00       6.0960    0.2132      1.00      3.00      6.00    104.00      0.00      14.7290    0.1698     10.00     14.00     19.00     49.00      0.00
  1.0000   0.0800       29.6470    0.6275     11.00     21.00     39.00    243.00      0.00      11.9535    0.3771      2.00      5.00     15.00    160.00      0.00      13.7315    0.1797      9.00     14.00     18.00     52.00      0.00
  1.0000   0.0600       50.0690    1.0751     16.00     35.00     69.00    480.00      0.00      26.7830    0.7245      4.00     15.00     37.00    318.00      0.00      12.1035    0.1951      4.00     12.00     17.00     49.00      0.00
  1.0000   0.0400       87.7495    1.9794     26.00     62.00    116.00    774.00      0.00      57.9760    1.4818     11.00     37.00     80.00    638.00      0.00       9.3850    0.2063      0.00      9.00     16.00     60.00      0.00
  1.0000   0.0200      142.8660    3.2754     41.00     97.00    194.00   1032.00      0.00     117.4930    2.7504     30.00     80.00    159.00    919.00      0.00       4.1325    0.1663      0.00      0.00      6.00     61.00      0.00
  0.8000   0.2000       12.6980    0.1976      7.00     11.00     16.00    112.00      0.00       1.4545    0.0238      1.00      1.00      2.00     22.00      0.00      24.2705    0.2950     15.00     22.00     32.00     88.00      0.00
  0.8000   0.1800       14.2360    0.2250      8.00     12.00     18.00    146.00      0.00       1.6105    0.0290      1.00      1.00      2.00     20.00      0.00      24.1585    0.3002     15.00     22.00     31.00    130.00      0.00
  0.8000   0.1600       15.9230    0.2628      8.00     13.00     20.00    110.00      0.00       1.9655    0.0457      1.00      1.00      2.00     27.00      0.00      22.3725    0.2840     14.00     20.00     29.00    123.00      0.00
  0.8000   0.1400       18.8540    0.3054      9.00     16.00     25.00    111.00      0.00       2.7740    0.0981      1.00      2.00      3.00     67.00      0.00      21.8280    0.2724     14.00     20.00     28.00     90.00      0.00
  0.8000   0.1200       21.8995    0.3787     10.00     17.00     30.00    144.00      0.00       3.5580    0.1201      1.00      2.00      4.00     73.00      0.00      20.8145    0.2665     13.00     19.00     27.00     78.00      0.00
  0.8000   0.1000       28.3330    0.5810     11.00     21.00     37.00    305.00      0.00       5.7770    0.2043      1.00      3.00      6.00     85.00      0.00      19.8235    0.2629     12.00     18.00     26.00     77.00      0.00
  0.8000   0.0800       41.1985    0.8640     15.00     29.00     55.00    369.00      0.00      13.1990    0.4337      2.00      5.00     16.00    157.00      0.00      18.1640    0.2792     10.00     17.00     25.00     84.00      0.00
  0.8000   0.0600       61.6495    1.3276     20.00     42.00     84.00    492.00      0.00      26.6695    0.7506      4.00     14.00     38.00    357.00      0.00      15.9760    0.2880      5.00     15.00     23.00     97.00      0.00
  0.8000   0.0400      100.5610    2.2099     30.00     71.00    139.00    884.00      0.00      58.2415    1.4094     12.00     39.00     83.00    481.00      0.00      11.7000    0.2885      0.00      9.00     19.00     87.00      0.00
  0.8000   0.0200      153.1970    3.3785     45.00    106.00    215.00   1350.00      0.00     113.9180    2.6722     31.00     77.00    157.00    959.00      0.00       5.0015    0.2216      0.00      0.00      4.00     64.00      0.00
  0.6000   0.2000       21.1235    0.3425     10.00     18.00     28.00    130.00      0.00       1.4355    0.0208      1.00      1.00      2.00     14.00      0.00      38.6370    0.5682     20.00     34.00     51.00    193.00      0.00
  0.6000   0.1800       23.5835    0.3962     11.00     19.00     31.00    152.00      0.00       1.7170    0.0535      1.00      1.00      2.00     89.00      0.00      36.6320    0.5437     20.00     32.00     49.00    182.00      0.00
  0.6000   0.1600       27.0070    0.4726     13.00     22.00     35.00    221.00      0.00       1.9845    0.0448      1.00      1.00      2.00     25.00      0.00      34.9620    0.5143     19.00     30.00     47.00    142.00      0.00
  0.6000   0.1400       31.0800    0.5378     14.00     25.00     41.00    174.00      0.00       2.5060    0.0711      1.00      2.00      3.00     40.00      0.00      33.3515    0.4985     18.00     29.00     45.00    167.00      0.00
  0.6000   0.1200       36.5070    0.6379     16.00     29.00     48.00    201.00      0.00       3.7695    0.1331      1.00      2.00      4.00     78.00      0.00      31.6230    0.4907     16.00     27.00     43.00    140.00      0.00
  0.6000   0.1000       47.2910    0.9251     19.00     36.00     62.00    325.00      0.00       5.8810    0.2057      1.00      3.00      6.00    109.00      0.00      30.9210    0.5014     15.00     27.00     41.00    179.00      0.00
  0.6000   0.0800       61.7365    1.2588     23.00     46.00     83.00    475.00      0.00      13.0485    0.4115      2.00      5.00     17.00    257.00      0.00      27.5825    0.4962     12.00     23.00     39.00    135.00      0.00
  0.6000   0.0600       83.3310    1.7913     29.00     59.00    106.00    548.00      0.00      26.3560    0.7456      4.00     15.00     36.00    365.00      0.00      21.5290    0.4768      3.00     17.00     33.00    170.00      0.00
  0.6000   0.0400      127.8610    2.8112     38.00     91.00    173.00   1242.00      0.00      56.4835    1.4335     11.00     37.00     80.00    720.00      0.00      14.7285    0.4477      0.00      5.00     24.00    174.00      0.00
  0.6000   0.0200      178.9300    3.9845     55.00    124.00    242.00   1587.00      0.00     119.5155    2.7701     32.00     80.00    168.00    962.00      0.00       5.6795    0.2992      0.00      0.00      3.00    124.00      0.00
  0.4000   0.2000       48.7515    1.0124     20.00     37.00     64.00    665.00      0.00       1.4305    0.0265      1.00      1.00      2.00     28.00      0.00      77.3965    1.4983     33.00     60.00    100.00    579.00      0.00
  0.4000   0.1800       53.6740    1.0636     21.00     40.00     73.00    416.00      0.00       1.6615    0.0365      1.00      1.00      2.00     26.00      0.00      70.6540    1.2980     29.00     54.00     98.00    410.00      0.00
  0.4000   0.1600       61.2385    1.2264     23.00     45.00     83.00    497.00      0.00       1.9780    0.0538      1.00      1.00      2.00     52.00      0.00      68.5945    1.3270     26.00     52.00     95.00    448.00      0.00
  0.4000   0.1400       69.2375    1.4080     27.00     51.00     92.00    563.00      0.00       2.4835    0.0697      1.00      2.00      3.00     55.00      0.00      61.4360    1.1531     24.00     48.00     84.00    368.00      0.00
  0.4000   0.1200       78.9430    1.6447     28.00     57.00    105.00    599.00      0.00       4.0180    0.1589      1.00      2.00      4.00    100.00      0.00      56.0665    1.1515     20.00     43.00     77.00    423.00      0.00
  0.4000   0.1000       97.4540    2.1184     33.00     69.00    131.00    774.00      0.00       6.5240    0.2547      1.00      3.00      6.00    150.00      0.00      50.6700    1.1256     15.00     36.00     71.00    434.00      0.00
  0.4000   0.0800      114.9440    2.5158     36.00     81.00    162.00    926.00      0.00      13.1850    0.4177      2.00      5.00     17.00    177.00      0.00      41.7075    0.9693      9.00     29.00     60.00    400.00      0.00
  0.4000   0.0600      141.5725    3.1442     46.00     99.00    190.00   1037.00      0.00      27.1865    0.7570      4.00     15.00     37.00    306.00      0.00      29.4715    0.8009      3.00     17.00     42.00    252.00      0.00
  0.4000   0.0400      176.9380    3.7787     52.00    126.00    248.00   1294.00      0.00      58.2860    1.4294     12.00     38.00     82.00    506.00      0.00      17.8455    0.6635      0.00      5.00     23.00    267.00      0.00
  0.4000   0.0200      199.9065    4.4691     56.00    138.00    281.00   1664.00      0.00     125.7815    2.9014     32.00     84.00    182.00    910.00      0.00       4.4750    0.2921      0.00      0.00      2.00    174.00      0.00
  0.2000   0.2000      139.4540    3.1824     41.00     98.00    191.00   1220.00      0.00       1.4345    0.0215      1.00      1.00      2.00     12.00      0.00     171.2550    3.9244     49.00    120.00    236.00   1698.00      0.00
  0.2000   0.1800      145.4995    3.2098     42.00    103.00    200.00   1314.00      0.00       1.6520    0.0324      1.00      1.00      2.00     25.00      0.00     145.3845    3.2738     40.00    100.00    202.00   1203.00      0.00
  0.2000   0.1600      153.7395    3.4499     45.00    105.00    212.00   1515.00      0.00       1.8910    0.0408      1.00      1.00      2.00     27.00      0.00     127.8345    2.9048     34.00     86.00    182.00   1116.00      0.00
  0.2000   0.1400      171.6785    3.7728     49.00    119.00    243.00   1558.00      0.00       2.5090    0.0750      1.00      2.00      3.00     45.00      0.00     110.3365    2.4601     31.00     75.00    155.00    782.00      0.00
  0.2000   0.1200      163.2185    3.6093     48.00    110.00    227.00   1553.00      0.00       3.9715    0.1574      1.00      2.00      4.00    115.00      0.00      80.0760    1.8884     19.00     52.00    113.00    777.00      0.00
  0.2000   0.1000      180.8440    4.1338     52.00    123.00    249.00   1631.00      0.00       6.3005    0.2222      1.00      3.00      6.00    118.00      0.00      63.0375    1.5919     14.00     41.00     90.00    682.00      0.00
  0.2000   0.0800      190.6455    4.2813     55.00    128.00    263.00   1466.00      0.00      12.8570    0.4193      2.00      5.00     16.00    185.00      0.00      44.2605    1.1830      8.00     27.00     60.00    532.00      0.00
  0.2000   0.0600      189.0830    4.1846     57.00    137.00    261.00   1538.00      0.00      26.5695    0.7345      4.00     14.00     37.00    246.00      0.00      26.1870    0.7800      3.00     13.00     35.00    242.00      0.00
  0.2000   0.0400      183.7845    4.1262     51.00    130.00    252.00   1547.00      0.00      54.9440    1.4183     11.00     34.00     75.00    530.00      0.00      10.9265    0.4046      0.00      3.00     13.00    157.00      0.00
  0.2000   0.0200      200.4545    4.4987     59.00    141.00    279.00   1725.00      0.00     119.2640    2.7438     31.00     82.00    166.00   1139.00      0.00       2.9660    0.1777      0.00      0.00      2.00     93.00      0.00
