Amp Radius  OC_Mean OC_Std OC_Q1 OC_Med OC_Q3 OC_Max OC_Min  Exp_Mean Exp_Std Exp_Q1 Exp_Med Exp_Q3 Exp_Max Exp_Min  Num_Mean Num_Std Num_Q1 Num_Med Num_Q3 Num_Max Num_Min
  2.0000   0.2000        4.3570    0.0664      2.00      3.00      5.00     23.00      0.00       2.2720    0.0460      1.00      1.00      3.00     22.00      0.00       9.2915    0.0791      7.00     10.00     11.00     23.00      0.00
  2.0000   0.1800        4.7430    0.0756      2.00      4.00      6.00     25.00      0.00       2.5890    0.0551      1.00      2.00      3.00     23.00      0.00       9.0400    0.0783      7.00     10.00     11.00     23.00      0.00
  2.0000   0.1600        5.6945    0.1003      3.00      4.00      7.00     47.00      0.00       3.0970    0.0698      1.00      2.00      4.00     34.00      0.00       8.8670    0.0769      7.00     10.00     11.00     22.00      0.00
  2.0000   0.1400        6.6240    0.1298      3.00      5.00      9.00     75.00      0.00       3.8365    0.0917      1.00      2.00      5.00     70.00      0.00       8.7425    0.0758      7.00     10.00     11.00     22.00      0.00
  2.0000   0.1200        8.1055    0.1674      3.00      6.00     10.00     98.00      0.00       4.8460    0.1287      1.00      3.00      6.00     95.00      0.00       8.4480    0.0789      6.00      9.00     11.00     21.00      0.00
  2.0000   0.1000       10.9650    0.2265      4.00      8.00     14.00     81.00      0.00       7.3505    0.1853      2.00      5.00     10.00     68.00      0.00       8.3160    0.0780      6.00      9.00     11.00     22.00      0.00
  2.0000   0.0800       17.1400    0.4247      6.00     11.00     22.00    222.00      0.00      12.5330    0.3626      3.00      7.00     16.00    203.00      0.00       7.9830    0.0831      6.00      9.00     11.00     21.00      0.00
  2.0000   0.0600       30.4355    0.7569      8.00     18.00     42.00    307.00      0.00      25.1200    0.6805      5.00     14.00     35.00    291.00      0.00       6.9290    0.0925      4.00      8.00     10.00     19.00      0.00
  2.0000   0.0400       63.2955    1.5100     15.00     40.00     88.00    578.00      0.00      56.4345    1.3902     12.00     35.00     80.00    462.00      0.00       5.3790    0.0985      0.00      6.00      9.00     19.00      0.00
  2.0000   0.0200      127.1030    2.8720     35.00     85.00    176.00    842.00      0.00     120.8230    2.7560     32.00     80.00    169.00    826.00      0.00       2.3505    0.0807      0.00      0.00      5.00     17.00      0.00
  1.8000   0.2000        4.5540    0.0720      2.00      4.00      6.00     31.00      0.00       2.2075    0.0462      1.00      1.00      3.00     22.00      0.00       9.7540    0.0850      7.00     10.00     12.00     25.00      0.00
  1.8000   0.1800        5.3570    0.0894      3.00      4.00      7.00     38.00      0.00       2.6255    0.0564      1.00      2.00      3.00     27.00      0.00       9.7880    0.0800      8.00     10.00     12.00     24.00      0.00
  1.8000   0.1600        5.9490    0.1040      3.00      5.00      7.00     51.00      0.00       2.9615    0.0663      1.00      2.00      4.00     36.00      0.00       9.4840    0.0799      7.00     10.00     12.00     22.00      0.00
  1.8000   0.1400        7.1845    0.1296      3.00      5.00      9.00     72.00      0.00       3.8210    0.0899      1.00      2.00      5.00     68.00      0.00       9.3385    0.0819      7.00     10.00     11.00     24.00      0.00
  1.8000   0.1200        9.1140    0.1749      4.00      7.00     12.00     71.00      0.00       5.0095    0.1218      1.00      3.00      7.00     60.00      0.00       9.1485    0.0831      7.00     10.00     11.00     21.00      0.00
  1.8000   0.1000       11.6495    0.2383      4.00      8.00     15.00     89.00      0.00       6.7955    0.1650      2.00      4.00      9.00     76.00      0.00       8.9620    0.0818      7.00     10.00     11.00     23.00      0.00
  1.8000   0.0800       17.8090    0.4100      6.00     12.00     23.00    162.00      0.00      12.2555    0.3372      3.00      8.00     15.00    158.00      0.00       8.4415    0.0867      6.00     10.00     11.00     21.00      0.00
  1.8000   0.0600       31.4870    0.7208      9.00     21.00     43.00    273.00      0.00      24.5185    0.6190      5.00     15.00     34.00    182.00      0.00       7.4645    0.0954      5.00      8.00     11.00     23.00      0.00
  1.8000   0.0400       62.1645    1.4440     17.00     43.00     86.00    550.00      0.00      53.8730    1.2871     12.00     36.00     77.00    482.00      0.00       5.6870    0.1045      0.00      6.00     10.00     23.00      0.00
  1.8000   0.0200      133.9155    3.0518     38.00     92.00    186.00   1186.00      0.00     125.9490    2.8712     34.00     88.00    179.00   1001.00      0.00       2.5185    0.0867      0.00      0.00      6.00     19.00      0.00
  1.6000   0.2000        5.1775    0.0820      3.00      4.00      7.00     33.00      0.00       2.2510    0.0468      1.00      1.00      3.00     17.00      0.00      10.6580    0.0909      8.00     11.00     13.00     29.00      0.00
  1.6000   0.1800        5.8950    0.1015      3.00      5.00      8.00     48.00      0.00       2.6305    0.0588      1.00      2.00      3.00     33.00      0.00      10.4315    0.0916      8.00     11.00     13.00     27.00      0.00
  1.6000   0.1600        6.7900    0.1210      3.00      5.00      9.00     52.00      0.00       3.0690    0.0679      1.00      2.00      4.00     33.00      0.00      10.2990    0.0910      8.00     10.00     12.00     27.00      0.00
  1.6000   0.1400        8.2060    0.1498      4.00      6.00     11.00     72.00      0.00       3.8080    0.0832      1.00      2.00      5.00     38.00      0.00      10.0275    0.0890      8.00     10.00     12.00     25.00      0.00
  1.6000   0.1200       10.1050    0.2029      4.00      7.00     13.00     92.00      0.00       4.9280    0.1282      1.00      3.00      7.00     91.00      0.00       9.6540    0.0879      8.00     10.00     12.00     33.00      0.00
  1.6000   0.1000       13.5330    0.3077      5.00     10.00     17.00    166.00      0.00       7.3745    0.2151      2.00      5.00      9.00    155.00      0.00       9.2815    0.0915      7.00     10.00     12.00     24.00      0.00
  1.6000   0.0800       20.2520    0.4662      7.00     14.00     27.00    218.00      0.00      12.8755    0.3639      3.00      8.00     16.00    183.00      0.00       8.8675    0.0993      7.00     10.00     11.00     27.00      0.00
  1.6000   0.0600       35.3165    0.8207     10.00     23.00     48.00    303.00      0.00      25.6365    0.6737      5.00     15.00     35.00    277.00      0.00       8.1235    0.1076      6.00      9.00     11.00     25.00      0.00
  1.6000   0.0400       69.6560    1.5730     19.00     49.00     95.00    575.00      0.00      58.1605    1.3866     13.00     40.00     82.00    572.00      0.00       6.0940    0.1152      0.00      7.00     10.00     28.00      0.00
  1.6000   0.0200      135.1630    3.1253     36.00     91.00    185.00   1207.00      0.00     124.4280    2.8761     32.00     85.00    172.00   1205.00      0.00       2.8690    0.1009      0.00      0.00      6.00     27.00      0.00
  1.4000   0.2000        6.0535    0.0994      3.00      5.00      8.00     42.00      0.00       2.2515    0.0460      1.00      1.00      3.00     27.00      0.00      11.7780    0.1087      9.00     12.00     14.00     31.00      0.00
  1.4000   0.1800        6.6740    0.1133      3.00      5.00      8.00     42.00      0.00       2.5595    0.0524      1.00      2.00      3.00     22.00      0.00      11.5705    0.1075      9.00     11.00     14.00     32.00      0.00
  1.4000   0.1600        8.1285    0.1587      4.00      6.00     10.00     68.00      0.00       3.0970    0.0719      1.00      2.00      4.00     49.00      0.00      11.6420    0.1080      9.00     11.00     14.00     32.00      0.00
  1.4000   0.1400        9.5235    0.1883      4.00      7.00     12.00     96.00      0.00       3.8595    0.0958      1.00      2.00      5.00     67.00      0.00      11.1380    0.1053      9.00     11.00     13.00     30.00      0.00
  1.4000   0.1200       11.7355    0.2326      5.00      9.00     15.00    108.00      0.00       4.9555    0.1217      1.00      3.00      7.00     70.00      0.00      10.8770    0.1071      8.00     11.00     13.00     30.00      0.00
  1.4000   0.1000       15.2465    0.3227      6.00     11.00     19.00    153.00      0.00       7.1060    0.1988      2.00      5.00      9.00    133.00      0.00      10.6875    0.1112      8.00     11.00     13.00     32.00      0.00
  1.4000   0.0800       22.0775    0.4965      8.00     15.00     28.00    210.00      0.00      12.6345    0.3588      3.00      7.00     15.00    195.00      0.00      10.0160    0.1140      7.00     10.00     13.00     35.00      0.00
  1.4000   0.0600       37.8125    0.8696     11.00     26.00     51.00    448.00      0.00      24.7645    0.6535      5.00     14.00     34.00    273.00      0.00       8.8120    0.1234      5.00     10.00     12.00     30.00      0.00
  1.4000   0.0400       74.1615    1.6430     22.00     51.00    104.00    599.00      0.00      58.1180    1.3985     14.00     38.00     81.00    502.00      0.00       6.9920    0.1376      0.00      7.00     11.00     36.00      0.00
  1.4000   0.0200      132.3105    2.9063     39.00     90.00    186.00   1066.00      0.00     116.6820    2.6003     33.00     81.00    164.00   1066.00      0.00       3.2610    0.1174      0.00      0.00      6.00     29.00      0.00
  1.2000   0.2000        7.0905    0.1236      4.00      6.00      9.00     71.00      0.00       2.1370    0.0414      1.00      1.00      3.00     19.00      0.00      14.1945    0.1459     10.00     13.00     18.00     49.00      0.00
  1.2000   0.1800        7.7535    0.1355      4.00      6.00     10.00     69.00      0.00       2.4755    0.0516      1.00      2.00      3.00     27.00      0.00      13.7590    0.1328     10.00     13.00     17.00     42.00      0.00
  1.2000   0.1600        9.2935    0.1690      4.00      7.00     12.00     57.00      0.00       3.0325    0.0649      1.00      2.00      4.00     30.00      0.00      13.5735    0.1378     10.00     13.00     17.00     39.00      0.00
  1.2000   0.1400       11.0185    0.2044      5.00      8.00     15.00     77.00      0.00       3.6500    0.0846      1.00      2.00      5.00     44.00      0.00      13.4275    0.1366     10.00     12.00     17.00     48.00      0.00
  1.2000   0.1200       14.1935    0.3004      6.00     11.00     18.00    190.00      0.00       5.0130    0.1327      1.00      3.00      7.00    111.00      0.00      12.8425    0.1390     10.00     12.00     16.00     40.00      0.00
  1.2000   0.1000       18.1455    0.3884      6.00     13.00     24.00    191.00      0.00       7.1975    0.2044      2.00      4.00      9.00    126.00      0.00      12.3295    0.1418      9.00     12.00     16.00     41.00      0.00
  1.2000   0.0800       25.4900    0.5538      9.00     18.00     34.00    241.00      0.00      12.3510    0.3290      3.00      8.00     16.00    173.00      0.00      11.6445    0.1532      8.00     11.00     16.00     46.00      0.00
  1.2000   0.0600       44.7370    1.0978     13.00     28.00     59.00    488.00      0.00      25.4345    0.6839      5.00     15.00     34.00    235.00      0.00      10.4690    0.1586      6.00     11.00     15.00     41.00      0.00
  1.2000   0.0400       81.8390    1.8381     23.00     57.00    114.00    642.00      0.00      58.1535    1.3640     14.00     38.00     83.00    426.00      0.00       7.9910    0.1655      0.00      8.00     13.00     44.00      0.00
  1.2000   0.0200      138.9470    3.1163     42.00     97.00    193.00   1151.00      0.00     121.4090    2.7823     32.00     83.00    169.00    980.00      0.00       3.5815    0.1386      0.00      0.00      6.00     33.00      0.00
  1.0000   0.2000        8.9655    0.1491      5.00      7.00     11.00     66.00      0.00       2.2365    0.0443      1.00      1.00      3.00     17.00      0.00      17.6215    0.1865     12.00     17.00     23.00     57.00      0.00
  1.0000   0.1800       10.1370    0.1759      5.00      8.00     13.00     69.00      0.00       2.5475    0.0551      1.00      2.00      3.00     30.00      0.00      17.3740    0.1872     12.00     16.00     22.00     55.00      0.00
  1.0000   0.1600       11.5915    0.2074      5.00      9.00     15.00     88.00      0.00       3.0270    0.0630      1.00      2.00      4.00     25.00      0.00      16.6845    0.1868     11.00     16.00     21.00     57.00      0.00
  1.0000   0.1400       14.1195    0.2732      6.00     11.00     19.00    113.00      0.00       3.9450    0.0967      1.00      3.00      5.00     61.00      0.00      16.2550    0.1842     11.00     15.00     21.00     53.00      0.00
  1.0000   0.1200       17.3085    0.3733      7.00     13.00     22.00    326.00      0.00       4.9355    0.1197      1.00      3.00      7.00     65.00      0.00      15.9345    0.1857     11.00     15.00     21.00     65.00      0.00
  1.0000   0.1000       23.4430    0.5291      8.00     16.00     30.00    219.00      0.00       7.4305    0.2080      2.00      5.00     10.00    111.00      0.00      15.3540    0.1909     10.00     15.00     21.00     49.00      0.00
  1.0000   0.0800       32.3230    0.6962     11.00     23.00     43.00    275.00      0.00      12.3290    0.3537      3.00      7.00     15.00    201.00      0.00      14.6985    0.2058      9.00     14.00     20.00     59.00      0.00
  1.0000   0.0600       53.0475    1.2131     16.00     37.00     72.00    591.00      0.00      26.1325    0.6957      5.00     16.00     37.00    332.00      0.00      12.6265    0.2112      4.00     12.00     19.00     57.00      0.00
  1.0000   0.0400       88.7270    2.0632     25.00     60.00    121.00    724.00      0.00      57.1970    1.4606     11.00     37.00     80.00    555.00      0.00       9.1400    0.2156      0.00      7.00     16.00     46.00      0.00
  1.0000   0.0200      151.4890    3.3741     42.00    103.00    211.00   1228.00      0.00     120.8375    2.7524     32.00     81.00    173.00    916.00      0.00       3.9525    0.1664      0.00      0.00      4.00     57.00      0.00
  0.8000   0.2000       11.7095    0.2025      5.00      9.00     15.00     77.00      0.00       2.2335    0.0469      1.00      1.00      3.00     21.00      0.00      23.7590    0.2879     15.00     22.00     31.00     97.00      0.00
  0.8000   0.1800       13.6985    0.2497      6.00     11.00     18.00    126.00      0.00       2.6290    0.0583      1.00      2.00      3.00     34.00      0.00      23.2960    0.2818     14.00     22.00     30.00     84.00      0.00
  0.8000   0.1600       14.9905    0.2895      7.00     11.00     19.00    113.00      0.00       2.9035    0.0623      1.00      2.00      4.00     21.00      0.00      21.7430    0.2697     13.00     21.00     29.00     76.00      0.00
  0.8000   0.1400       18.5745    0.3629      8.00     14.00     24.00    205.00      0.00       3.8785    0.0873      1.00      3.00      5.00     34.00      0.00      22.1295    0.2822     13.00     21.00     29.00    104.00      0.00
  0.8000   0.1200       23.0870    0.4734      9.00     17.00     30.00    184.00      0.00       4.9405    0.1230      1.00      3.00      7.00     62.00      0.00      21.2890    0.2859     13.00     20.00     28.00     87.00      0.00
  0.8000   0.1000       29.9345    0.6310     11.00     21.00     40.00    228.00      0.00       7.0185    0.1840      2.00      4.00      9.00     91.00      0.00      20.8455    0.2928     12.00     20.00     28.00     81.00      0.00
  0.8000   0.0800       42.5585    0.9087     14.00     30.00     58.00    397.00      0.00      12.2170    0.3422      3.00      7.00     15.00    183.00      0.00      19.4075    0.2991     10.00     18.00     27.00     98.00      0.00
  0.8000   0.0600       63.9490    1.4845     18.00     41.00     87.00    512.00      0.00      24.5525    0.6611      5.00     14.00     33.00    288.00      0.00      15.6115    0.3007      3.00     14.00     24.00     79.00      0.00
  0.8000   0.0400      103.2495    2.3367     29.00     68.00    143.00    942.00      0.00      58.4400    1.4271     14.00     38.00     79.00    522.00      0.00      10.9630    0.2845      0.00      5.00     19.00     79.00      0.00
  0.8000   0.0200      160.4170    3.6873     46.00    109.00    226.00   2000.00      0.00     120.7705    2.8487     32.00     79.00    170.00   1084.00      0.00       4.6930    0.2199      0.00      0.00      3.00     66.00      0.00
  0.6000   0.2000       17.3100    0.3018      8.00     14.00     23.00    119.00      0.00       2.2590    0.0482      1.00      1.00      3.00     18.00      0.00      35.3930    0.4876     20.00     32.00     47.00    175.00      0.00
  0.6000   0.1800       19.9270    0.3592      9.00     16.00     26.00    138.00      0.00       2.5410    0.0536      1.00      2.00      3.00     24.00      0.00      34.7295    0.4770     20.00     32.00     45.00    189.00      0.00
  0.6000   0.1600       23.1045    0.4406     10.00     18.00     30.00    222.00      0.00       2.9590    0.0629      1.00      2.00      4.00     29.00      0.00      33.4235    0.4715     19.00     30.00     46.00    133.00      0.00
  0.6000   0.1400       27.5425    0.5622     11.00     21.00     36.00    347.00      0.00       3.6570    0.0828      1.00      2.00      5.00     41.00      0.00      32.7135    0.4831     17.00     30.00     45.00    161.00      0.00
  0.6000   0.1200       33.5455    0.6848     12.00     23.00     44.00    257.00      0.00       4.6650    0.1103      1.00      3.00      6.00     52.00      0.00      30.7540    0.4791     15.00     28.00     43.00    137.00      0.00
  0.6000   0.1000       44.4775    0.9309     16.00     32.00     60.00    277.00      0.00       7.1980    0.1895      2.00      4.00      9.00     95.00      0.00      30.2715    0.5001     14.00     27.00     44.00    145.00      0.00
  0.6000   0.0800       59.4665    1.3164     20.00     41.00     81.00    512.00      0.00      12.2165    0.3564      3.00      7.00     15.00    174.00      0.00      26.5935    0.4908      8.00     24.00     39.00    155.00      0.00
  0.6000   0.0600       86.0430    1.9316     25.00     59.00    117.00    647.00      0.00      26.4505    0.7184      6.00     15.00     35.00    325.00      0.00      21.5130    0.4717      3.00     18.00     35.00    149.00      0.00
  0.6000   0.0400      121.8935    2.8254     35.00     82.00    173.00   1162.00      0.00      55.2035    1.3201     13.00     36.00     78.00    579.00      0.00      15.0520    0.4528      0.00      4.00     25.00    121.00      0.00
  0.6000   0.0200      166.2490    3.8250     45.00    108.00    238.00   1256.00      0.00     119.1500    2.8237     30.00     78.00    170.00   1076.00      0.00       5.4900    0.3074      0.00      0.00      2.00    132.00      0.00
  0.4000   0.2000       32.2130    0.6111     14.00     25.00     42.00    240.00      0.00       2.1575    0.0436      1.00      1.00      3.00     15.00      0.00      66.5235    1.0693     32.00     57.00     90.00    379.00      0.00
  0.4000   0.1800       37.1040    0.7179     16.00     28.00     48.00    231.00      0.00       2.5080    0.0517      1.00      2.00      3.00     19.00      0.00      63.6410    1.0554     29.00     54.00     89.00    340.00      0.00
  0.4000   0.1600       44.9355    0.9098     17.00     33.00     59.00    376.00      0.00       3.0445    0.0642      1.00      2.00      4.00     29.00      0.00      62.5575    1.0706     28.00     53.00     87.00    312.00      0.00
  0.4000   0.1400       50.4400    0.9911     19.00     38.00     68.00    390.00      0.00       3.6800    0.0855      1.00      2.00      5.00     45.00      0.00      59.9075    1.1222     23.00     48.00     86.00    373.00      0.00
  0.4000   0.1200       59.4730    1.1972     22.00     46.00     78.00    442.00      0.00       5.1040    0.1240      2.00      3.00      7.00     59.00      0.00      53.0895    1.0381     17.00     44.00     74.00    296.00      0.00
  0.4000   0.1000       73.8825    1.5913     25.00     53.00     96.00    492.00      0.00       7.1605    0.1966      2.00      4.00      9.00     97.00      0.00      47.8585    0.9838     13.00     38.00     70.00    325.00      0.00
  0.4000   0.0800       94.4660    1.9483     33.00     68.00    130.00    640.00      0.00      12.1565    0.3433      3.00      7.00     16.00    172.00      0.00      41.6635    0.9755      7.00     28.00     64.00    348.00      0.00
  0.4000   0.0600      124.4810    2.7659     36.00     85.00    173.00   1187.00      0.00      26.1005    0.7074      6.00     15.00     36.00    338.00      0.00      30.7135    0.8791      2.00     14.00     48.00    311.00      0.00
  0.4000   0.0400      155.8420    3.5116     44.00    106.00    211.00   1458.00      0.00      56.8370    1.3448     13.00     38.00     80.00    440.00      0.00      18.8720    0.7188      0.00      3.00     24.00    223.00      0.00
  0.4000   0.0200      190.3785    4.3779     56.00    128.00    261.00   1834.00      0.00     121.2605    2.9230     31.00     80.00    161.00    975.00      0.00       5.9510    0.4418      0.00      0.00      2.00    207.00      0.00
  0.2000   0.2000      109.9040    2.3860     34.00     78.00    149.00    909.00      0.00       2.2145    0.0445      1.00      1.00      3.00     18.00      0.00     164.1400    3.6613     48.00    117.00    229.00   1537.00      0.00
  0.2000   0.1800      120.9275    2.5327     40.00     89.00    167.00    902.00      0.00       2.6165    0.0552      1.00      2.00      3.00     20.00      0.00     146.7705    3.3266     40.00    103.00    199.00   1090.00      0.00
  0.2000   0.1600      129.4880    2.6802     41.00     92.00    187.00    768.00      0.00       2.9530    0.0625      1.00      2.00      4.00     30.00      0.00     131.6125    2.9143     33.00     92.00    188.00   1095.00      0.00
  0.2000   0.1400      138.6380    2.9850     43.00     99.00    192.00    927.00      0.00       3.8545    0.0884      1.00      3.00      5.00     65.00      0.00     111.6495    2.6609     27.00     73.00    159.00   1075.00      0.00
  0.2000   0.1200      145.9200    3.2084     44.00    100.00    207.00   1089.00      0.00       4.8980    0.1263      1.00      3.00      6.00     65.00      0.00      87.9360    2.1631     18.00     57.00    124.00    700.00      0.00
  0.2000   0.1000      158.8185    3.5626     49.00    109.00    218.00   1560.00      0.00       7.6190    0.2106      2.00      5.00     10.00    128.00      0.00      69.1565    1.8746     11.00     39.00     97.00    592.00      0.00
  0.2000   0.0800      169.6435    3.9258     50.00    116.00    227.00   1878.00      0.00      12.2765    0.3576      3.00      7.00     16.00    239.00      0.00      48.7475    1.4812      5.00     23.00     69.00    582.00      0.00
  0.2000   0.0600      173.2175    3.9933     48.00    119.00    237.00   1757.00      0.00      25.7895    0.6613      5.00     16.00     35.00    299.00      0.00      28.2615    1.0703      2.00      9.00     33.00    445.00      0.00
  0.2000   0.0400      189.1010    4.3097     53.00    128.00    263.00   1551.00      0.00      54.1825    1.3479     13.00     33.00     75.00    555.00      0.00      14.4075    0.7031      0.00      3.00     13.00    329.00      0.00
  0.2000   0.0200      200.6250    4.4271     61.00    142.00    279.00   1531.00      0.00     126.7060    2.8360     34.00     88.00    180.00    899.00      0.00       3.4255    0.2484      0.00      0.00      2.00    187.00      0.00
