Amp Radius  OC_Mean OC_Std OC_Q1 OC_Med OC_Q3 OC_Max OC_Min  Exp_Mean Exp_Std Exp_Q1 Exp_Med Exp_Q3 Exp_Max Exp_Min  Num_Mean Num_Std Num_Q1 Num_Med Num_Q3 Num_Max Num_Min
  2.0000   0.2000        3.9770    0.0563      2.00      3.00      5.00     25.00      0.00       1.8100    0.0305      1.00      1.00      2.00     15.00      0.00       9.5875    0.0834      7.00     10.00     12.00     21.00      0.00
  2.0000   0.1800        4.4070    0.0628      2.00      4.00      6.00     27.00      0.00       2.0600    0.0368      1.00      1.00      3.00     13.00      0.00       9.4310    0.0851      7.00     10.00     12.00     23.00      0.00
  2.0000   0.1600        4.9600    0.0710      3.00      4.00      6.00     24.00      0.00       2.4080    0.0435      1.00      2.00      3.00     14.00      0.00       9.2735    0.0834      7.00     10.00     12.00     22.00      0.00
  2.0000   0.1400        5.5700    0.0841      3.00      5.00      7.00     30.00      0.00       2.7565    0.0516      1.00      2.00      4.00     27.00      0.00       9.0370    0.0801      7.00     10.00     12.00     22.00      0.00
  2.0000   0.1200        6.9785    0.1138      3.00      6.00      9.00     51.00      0.00       3.6400    0.0733      1.00      3.00      5.00     44.00      0.00       8.9950    0.0767      7.00     10.00     11.00     23.00      0.00
  2.0000   0.1000        8.6730    0.1525      4.00      7.00     11.00     71.00      0.00       4.8140    0.1050      2.00      3.00      6.00     65.00      0.00       8.6085    0.0786      7.00     10.00     11.00     20.00      0.00
  2.0000   0.0800       11.3845    0.2106      5.00      9.00     15.00     89.00      0.00       6.9380    0.1580      2.00      5.00      9.00     83.00      0.00       8.3930    0.0788      6.00      9.00     11.00     19.00      0.00
  2.0000   0.0600       19.6250    0.4080      7.00     14.00     26.00    193.00      0.00      13.6480    0.3368      4.00      9.00     18.00    192.00      0.00       7.7490    0.0857      6.00      9.00     11.00     20.00      0.00
  2.0000   0.0400       44.7555    1.0138     13.00     30.00     64.00    456.00      0.00      35.8675    0.8811      9.00     23.00     51.00    456.00      0.00       6.3415    0.0951      2.00      7.00     10.00     21.00      0.00
  2.0000   0.0200      110.3890    2.5705     29.00     72.00    155.00    886.00      0.00     101.5745    2.4303     26.00     65.00    141.00    812.00      0.00       3.1685    0.0866      0.00      0.00      7.00     16.00      0.00
  1.8000   0.2000        4.3860    0.0628      2.00      4.00      5.00     24.00      0.00       1.8170    0.0310      1.00      1.00      2.00     11.00      0.00      10.2665    0.0843      8.00     11.00     13.00     27.00      0.00
  1.8000   0.1800        4.8030    0.0692      3.00      4.00      6.00     23.00      0.00       2.0420    0.0369      1.00      1.00      3.00     13.00      0.00      10.0275    0.0858      8.00     10.00     12.00     25.00      0.00
  1.8000   0.1600        5.3880    0.0778      3.00      4.00      7.00     27.00      0.00       2.3195    0.0418      1.00      2.00      3.00     16.00      0.00       9.8465    0.0861      8.00     10.00     12.00     29.00      0.00
  1.8000   0.1400        6.3750    0.0986      3.00      5.00      8.00     37.00      0.00       2.9855    0.0550      1.00      2.00      4.00     19.00      0.00       9.4515    0.0813      7.00     10.00     12.00     22.00      0.00
  1.8000   0.1200        7.5980    0.1277      4.00      6.00     10.00     61.00      0.00       3.6465    0.0719      1.00      3.00      5.00     26.00      0.00       9.2095    0.0828      7.00     10.00     12.00     24.00      0.00
  1.8000   0.1000        9.5785    0.1672      4.00      8.00     13.00     63.00      0.00       4.7290    0.1033      2.00      3.00      6.00     51.00      0.00       9.1495    0.0841      7.00     10.00     11.00     26.00      0.00
  1.8000   0.0800       13.2990    0.2511      6.00     10.00     17.00    107.00      0.00       7.5285    0.1732      2.00      5.00     10.00     71.00      0.00       8.8145    0.0823      7.00     10.00     11.00     24.00      0.00
  1.8000   0.0600       21.8290    0.4357      8.00     16.00     28.00    193.00      0.00      14.0580    0.3180      4.00     10.00     19.00    100.00      0.00       8.2385    0.0894      6.00      9.00     11.00     21.00      0.00
  1.8000   0.0400       46.0660    1.0219     13.00     32.00     63.00    326.00      0.00      35.4950    0.8379      9.00     24.00     49.00    314.00      0.00       6.5885    0.1011      2.00      7.00     10.00     25.00      0.00
  1.8000   0.0200      115.8715    2.6962     33.00     79.00    155.00   1216.00      0.00     104.2640    2.4650     28.00     71.00    140.00    911.00      0.00       3.4525    0.0961      0.00      0.00      7.00     19.00      0.00
  1.6000   0.2000        4.9610    0.0742      3.00      4.00      6.00     28.00      0.00       1.8035    0.0309      1.00      1.00      2.00     14.00      0.00      11.1940    0.0950      9.00     11.00     14.00     33.00      0.00
  1.6000   0.1800        5.4885    0.0816      3.00      5.00      7.00     28.00      0.00       2.0490    0.0367      1.00      1.00      2.00     14.00      0.00      10.7625    0.0942      8.00     11.00     13.00     30.00      0.00
  1.6000   0.1600        6.1155    0.0910      3.00      5.00      8.00     36.00      0.00       2.3815    0.0439      1.00      2.00      3.00     19.00      0.00      10.6150    0.0911      8.00     11.00     13.00     24.00      0.00
  1.6000   0.1400        7.2745    0.1153      4.00      6.00     10.00     48.00      0.00       2.8825    0.0551      1.00      2.00      4.00     34.00      0.00      10.4100    0.0902      8.00     11.00     13.00     29.00      0.00
  1.6000   0.1200        8.7140    0.1455      4.00      7.00     11.00     68.00      0.00       3.7215    0.0735      1.00      3.00      5.00     33.00      0.00      10.1015    0.0914      8.00     11.00     12.00     32.00      0.00
  1.6000   0.1000       11.1205    0.1974      5.00      9.00     15.00     86.00      0.00       4.7860    0.0946      2.00      4.00      7.00     42.00      0.00       9.8385    0.0921      7.00     10.00     12.00     28.00      0.00
  1.6000   0.0800       15.3590    0.3083      6.00     12.00     20.00    155.00      0.00       7.4030    0.1755      2.00      5.00     10.00     73.00      0.00       9.6555    0.0915      7.00     10.00     12.00     26.00      0.00
  1.6000   0.0600       23.5945    0.4948      8.00     17.00     31.00    177.00      0.00      12.9440    0.3076      4.00      9.00     18.00    129.00      0.00       8.8775    0.0998      7.00     10.00     12.00     23.00      0.00
  1.6000   0.0400       51.9270    1.1564     15.00     34.00     72.00    383.00      0.00      36.4560    0.9051      9.00     23.00     49.00    380.00      0.00       7.3605    0.1121      2.00      8.00     11.00     26.00      0.00
  1.6000   0.0200      114.1740    2.4369     34.00     83.00    160.00    778.00      0.00      97.3210    2.1012     28.00     70.00    139.00    756.00      0.00       3.6275    0.1051      0.00      0.00      7.00     30.00      0.00
  1.4000   0.2000        5.6035    0.0830      3.00      5.00      7.00     31.00      0.00       1.8030    0.0301      1.00      1.00      2.00     12.00      0.00      12.5405    0.1081     10.00     12.00     15.00     34.00      0.00
  1.4000   0.1800        6.0705    0.0934      3.00      5.00      8.00     32.00      0.00       2.0240    0.0362      1.00      1.00      3.00     17.00      0.00      12.0885    0.1112      9.00     12.00     15.00     35.00      0.00
  1.4000   0.1600        7.0030    0.1063      4.00      6.00      9.00     42.00      0.00       2.4145    0.0455      1.00      2.00      3.00     16.00      0.00      11.7865    0.1057      9.00     12.00     14.00     36.00      0.00
  1.4000   0.1400        8.6195    0.1506      4.00      7.00     11.00     69.00      0.00       2.9215    0.0573      1.00      2.00      4.00     23.00      0.00      11.6850    0.1082      9.00     11.00     14.00     36.00      0.00
  1.4000   0.1200       10.2810    0.1767      5.00      8.00     13.00     63.00      0.00       3.6660    0.0730      1.00      3.00      5.00     27.00      0.00      11.3935    0.1054      9.00     11.00     14.00     32.00      0.00
  1.4000   0.1000       13.1705    0.2491      6.00     10.00     17.00     97.00      0.00       4.9025    0.1062      2.00      4.00      7.00     74.00      0.00      11.0610    0.1047      9.00     11.00     13.00     28.00      0.00
  1.4000   0.0800       17.7205    0.3503      7.00     13.00     23.00    173.00      0.00       7.3525    0.1882      2.00      5.00     10.00    142.00      0.00      10.4725    0.1067      8.00     11.00     13.00     29.00      0.00
  1.4000   0.0600       29.1035    0.6204     10.00     21.00     39.00    312.00      0.00      14.6240    0.3770      4.00     10.00     19.00    200.00      0.00       9.6505    0.1181      7.00     10.00     13.00     31.00      0.00
  1.4000   0.0400       56.4385    1.2328     18.00     39.00     76.00    445.00      0.00      37.1450    0.8693     10.00     24.00     50.00    271.00      0.00       8.1470    0.1296      2.00      9.00     12.00     34.00      0.00
  1.4000   0.0200      124.7480    2.7884     36.00     86.00    174.00    917.00      0.00     102.6830    2.3713     28.00     69.00    143.00    916.00      0.00       3.8780    0.1207      0.00      0.00      8.00     27.00      0.00
  1.2000   0.2000        6.7540    0.1006      4.00      6.00      9.00     37.00      0.00       1.8735    0.0334      1.00      1.00      2.00     13.00      0.00      14.5300    0.1390     11.00     14.00     18.00     36.00      0.00
  1.2000   0.1800        7.4085    0.1166      4.00      6.00      9.00     40.00      0.00       1.9850    0.0351      1.00      1.00      2.00     14.00      0.00      14.0750    0.1333     11.00     13.00     18.00     42.00      0.00
  1.2000   0.1600        8.8240    0.1417      4.00      7.00     11.00     62.00      0.00       2.4265    0.0455      1.00      2.00      3.00     20.00      0.00      14.0515    0.1405     10.00     13.00     18.00     46.00      0.00
  1.2000   0.1400       10.0575    0.1785      5.00      8.00     13.00     99.00      0.00       2.8115    0.0540      1.00      2.00      4.00     28.00      0.00      13.4850    0.1374     10.00     13.00     17.00     40.00      0.00
  1.2000   0.1200       12.6135    0.2275      6.00     10.00     16.00     86.00      0.00       3.7455    0.0756      1.00      3.00      5.00     35.00      0.00      13.0325    0.1313     10.00     13.00     16.00     38.00      0.00
  1.2000   0.1000       15.8270    0.2941      7.00     12.00     21.00    142.00      0.00       4.9625    0.1094      2.00      4.00      7.00     64.00      0.00      12.6320    0.1299     10.00     12.00     16.00     35.00      0.00
  1.2000   0.0800       22.8765    0.4513      9.00     17.00     31.00    172.00      0.00       7.5540    0.1855      2.00      5.00     10.00     90.00      0.00      12.1905    0.1386      9.00     12.00     16.00     36.00      0.00
  1.2000   0.0600       34.1435    0.6938     12.00     25.00     46.00    279.00      0.00      14.4005    0.3829      4.00      9.00     19.00    277.00      0.00      11.1240    0.1450      7.00     11.00     15.00     42.00      0.00
  1.2000   0.0400       64.1955    1.4149     19.00     44.00     90.00    549.00      0.00      35.8060    0.8382      9.00     24.00     49.00    318.00      0.00       8.9980    0.1576      1.00      9.00     14.00     38.00      0.00
  1.2000   0.0200      133.2405    2.9798     37.00     90.00    185.00    883.00      0.00     103.2075    2.3369     27.00     72.00    146.00    826.00      0.00       4.4125    0.1454      0.00      0.00      8.00     40.00      0.00
  1.0000   0.2000        8.7200    0.1366      4.00      7.00     11.00     58.00      0.00       1.8400    0.0328      1.00      1.00      2.00     13.00      0.00      18.2520    0.1921     12.00     17.00     23.00     58.00      0.00
  1.0000   0.1800        9.5060    0.1561      5.00      8.00     12.00     80.00      0.00       2.0450    0.0370      1.00      1.00      3.00     16.00      0.00      17.7125    0.1912     12.00     17.00     22.00     56.00      0.00
  1.0000   0.1600       10.8290    0.1778      5.00      9.00     14.00     68.00      0.00       2.3985    0.0423      1.00      2.00      3.00     16.00      0.00      17.0010    0.1851     12.00     16.00     22.00     70.00      0.00
  1.0000   0.1400       13.3085    0.2350      6.00     10.00     17.00    111.00      0.00       2.8530    0.0582      1.00      2.00      4.00     39.00      0.00      16.8180    0.1854     11.00     16.00     22.00     51.00      0.00
  1.0000   0.1200       16.1045    0.3047      7.00     12.00     21.00    137.00      0.00       3.5675    0.0704      1.00      3.00      5.00     32.00      0.00      16.2915    0.1862     11.00     15.00     21.00     62.00      0.00
  1.0000   0.1000       19.5910    0.3820      8.00     14.00     26.00    125.00      0.00       4.6275    0.0983      2.00      3.00      6.00     55.00      0.00      15.6765    0.1915     11.00     15.00     21.00     54.00      0.00
  1.0000   0.0800       28.9110    0.5767     11.00     22.00     39.00    204.00      0.00       7.5790    0.1883      2.00      5.00     10.00    118.00      0.00      15.0440    0.1906     10.00     14.00     20.00     55.00      0.00
  1.0000   0.0600       43.0820    0.9139     14.00     31.00     59.00    372.00      0.00      13.9200    0.3336      4.00      9.00     19.00    132.00      0.00      13.4315    0.1965      8.00     13.00     19.00     47.00      0.00
  1.0000   0.0400       77.3835    1.6497     25.00     55.00    105.00    576.00      0.00      37.3915    0.9092      8.00     24.00     52.00    403.00      0.00      10.7215    0.2062      1.00     11.00     17.00     43.00      0.00
  1.0000   0.0200      145.5570    3.1277     44.00    101.00    204.00   1167.00      0.00     105.4100    2.3921     27.00     73.00    143.00    710.00      0.00       4.5615    0.1685      0.00      0.00      8.00     48.00      0.00
  0.8000   0.2000       11.4915    0.1991      6.00      9.00     15.00     73.00      0.00       1.8200    0.0315      1.00      1.00      2.00     13.00      0.00      24.0225    0.2926     15.00     22.00     31.00     87.00      0.00
  0.8000   0.1800       13.2140    0.2376      7.00     11.00     17.00    223.00      0.00       2.0635    0.0365      1.00      1.00      3.00     14.00      0.00      23.8685    0.2847     15.00     22.00     31.00     94.00      0.00
  0.8000   0.1600       15.3095    0.2573      7.00     12.00     20.00     84.00      0.00       2.4110    0.0435      1.00      2.00      3.00     18.00      0.00      23.3015    0.2825     15.00     21.00     30.00     95.00      0.00
  0.8000   0.1400       18.0770    0.3340      8.00     14.00     24.00    177.00      0.00       2.8475    0.0555      1.00      2.00      4.00     21.00      0.00      22.8345    0.2872     14.00     21.00     30.00     83.00      0.00
  0.8000   0.1200       21.5885    0.4071      9.00     16.00     28.00    214.00      0.00       3.6540    0.0721      1.00      3.00      5.00     36.00      0.00      21.8505    0.2756     13.00     21.00     29.00     75.00      0.00
  0.8000   0.1000       29.9270    0.5827     12.00     23.00     40.00    228.00      0.00       4.9175    0.0994      2.00      4.00      7.00     42.00      0.00      21.5390    0.2924     13.00     20.00     29.00     85.00      0.00
  0.8000   0.0800       38.6670    0.8173     14.00     27.00     51.00    288.00      0.00       6.9465    0.1494      2.00      5.00      9.00     72.00      0.00      19.6090    0.2824     11.00     19.00     27.00     76.00      0.00
  0.8000   0.0600       57.1405    1.2582     19.00     41.00     78.00    617.00      0.00      14.4765    0.3760      4.00      9.00     19.00    169.00      0.00      17.1170    0.2890      7.00     16.00     25.00     78.00      0.00
  0.8000   0.0400       95.9050    2.1322     28.00     66.00    133.00    950.00      0.00      35.4135    0.8480      9.00     24.00     49.00    356.00      0.00      12.7730    0.2908      1.00     10.00     21.00     86.00      0.00
  0.8000   0.0200      155.2910    3.4396     44.00    108.00    213.00   1029.00      0.00     105.1475    2.3829     28.00     72.00    148.00    835.00      0.00       5.4745    0.2304      0.00      0.00      5.00     74.00      0.00
  0.6000   0.2000       18.2355    0.3175      9.00     15.00     24.00    128.00      0.00       1.8735    0.0338      1.00      1.00      2.00     13.00      0.00      36.9710    0.5154     20.00     33.00     49.00    200.00      0.00
  0.6000   0.1800       20.9395    0.3666     10.00     17.00     28.00    129.00      0.00       2.1405    0.0394      1.00      1.00      3.00     18.00      0.00      36.6980    0.5072     21.00     33.00     49.00    155.00      0.00
  0.6000   0.1600       23.5685    0.4414     10.00     18.00     31.00    206.00      0.00       2.4720    0.0461      1.00      2.00      3.00     16.00      0.00      34.2145    0.4912     19.00     31.00     46.00    149.00      0.00
  0.6000   0.1400       27.8455    0.5159     12.00     21.00     37.00    202.00      0.00       2.8610    0.0541      1.00      2.00      4.00     29.00      0.00      33.7695    0.4974     18.00     30.00     45.00    140.00      0.00
  0.6000   0.1200       35.3910    0.6746     15.00     26.00     47.00    238.00      0.00       3.6500    0.0707      1.00      3.00      5.00     30.00      0.00      33.1645    0.4890     17.00     31.00     45.00    136.00      0.00
  0.6000   0.1000       43.2690    0.8677     16.00     32.00     57.00    376.00      0.00       4.9255    0.1061      2.00      4.00      7.00     47.00      0.00      30.2160    0.4857     14.00     27.00     42.00    136.00      0.00
  0.6000   0.0800       59.5120    1.2212     21.00     44.00     81.00    691.00      0.00       7.7070    0.1988      2.00      5.00     10.00    110.00      0.00      27.9540    0.4795     12.00     24.00     40.00    138.00      0.00
  0.6000   0.0600       82.0150    1.7792     27.00     59.00    110.00    616.00      0.00      14.3525    0.3761      4.00      9.00     18.00    187.00      0.00      22.9175    0.4745      5.00     19.00     34.00    120.00      0.00
  0.6000   0.0400      119.9645    2.7175     36.00     82.00    163.00   1084.00      0.00      36.0430    0.9053      9.00     23.00     49.00    506.00      0.00      15.5300    0.4258      1.00      7.00     24.00    122.00      0.00
  0.6000   0.0200      172.0815    3.8191     52.00    124.00    244.00   1756.00      0.00     106.6230    2.4505     28.00     73.00    149.00   1133.00      0.00       5.8105    0.2923      0.00      0.00      3.00    105.00      0.00
  0.4000   0.2000       38.7735    0.7212     16.00     30.00     53.00    284.00      0.00       1.8325    0.0311      1.00      1.00      2.00     11.00      0.00      71.0965    1.1814     32.00     60.00     97.00    323.00      0.00
  0.4000   0.1800       45.0165    0.8976     19.00     33.00     59.00    364.00      0.00       2.1545    0.0386      1.00      1.00      3.00     16.00      0.00      68.7805    1.2141     30.00     57.00     94.00    551.00      0.00
  0.4000   0.1600       49.6085    0.9923     19.00     37.00     67.00    346.00      0.00       2.4220    0.0442      1.00      2.00      3.00     16.00      0.00      65.3945    1.1660     27.00     54.00     89.00    399.00      0.00
  0.4000   0.1400       58.1455    1.1462     22.00     43.00     78.00    508.00      0.00       2.9300    0.0548      1.00      2.00      4.00     20.00      0.00      62.0410    1.0968     26.00     52.00     85.00    389.00      0.00
  0.4000   0.1200       69.4045    1.4309     25.00     50.00     96.00    602.00      0.00       3.5695    0.0688      1.00      3.00      5.00     29.00      0.00      56.7040    1.0704     20.00     46.00     79.00    339.00      0.00
  0.4000   0.1000       86.4415    1.9088     28.00     59.00    117.00    723.00      0.00       4.7205    0.0996      2.00      3.00      6.00     44.00      0.00      51.9635    1.0652     15.00     40.00     75.00    339.00      0.00
  0.4000   0.0800      103.2325    2.2929     34.00     73.00    140.00   1042.00      0.00       7.1670    0.1663      2.00      5.00     10.00    105.00      0.00      40.5275    0.9004      9.00     28.00     60.00    239.00      0.00
  0.4000   0.0600      132.1115    2.9138     42.00     91.00    180.00   1255.00      0.00      14.0090    0.3360      4.00     10.00     18.00    125.00      0.00      31.3950    0.8092      4.00     18.00     46.00    227.00      0.00
  0.4000   0.0400      170.2045    3.7983     52.00    119.00    235.00   1650.00      0.00      36.9755    0.8859      9.00     24.00     52.00    377.00      0.00      18.3215    0.6146      1.00      6.00     24.00    201.00      0.00
  0.4000   0.0200      197.9290    4.2701     59.00    142.00    270.00   1316.00      0.00     107.9215    2.5174     27.00     70.00    149.00    788.00      0.00       4.5655    0.3138      0.00      0.00      3.00    170.00      0.00
  0.2000   0.2000      123.0265    2.7699     37.00     86.00    167.00   1174.00      0.00       1.8335    0.0335      1.00      1.00      2.00     16.00      0.00     166.7940    3.6650     48.00    121.00    234.00   1237.00      0.00
  0.2000   0.1800      140.3370    2.9345     44.00    103.00    197.00    999.00      0.00       2.0600    0.0359      1.00      1.00      3.00     13.00      0.00     155.6500    3.4731     45.00    107.00    211.00   1273.00      0.00
  0.2000   0.1600      146.4850    3.1521     44.00    103.00    205.00   1078.00      0.00       2.4070    0.0439      1.00      2.00      3.00     19.00      0.00     132.4875    3.0816     34.00     90.00    181.00   1089.00      0.00
  0.2000   0.1400      150.5965    3.3160     46.00    105.00    209.00   1360.00      0.00       2.7475    0.0510      1.00      2.00      4.00     17.00      0.00     107.9640    2.5271     30.00     76.00    147.00   1125.00      0.00
  0.2000   0.1200      165.6295    3.7140     50.00    115.00    224.00   1591.00      0.00       3.6345    0.0695      1.00      3.00      5.00     29.00      0.00      87.6180    2.1680     20.00     55.00    117.00    747.00      0.00
  0.2000   0.1000      165.8280    3.7326     46.00    116.00    232.00   1720.00      0.00       4.7505    0.1043      2.00      3.00      6.00     65.00      0.00      63.4825    1.5971     12.00     39.00     89.00    459.00      0.00
  0.2000   0.0800      180.9610    4.0050     54.00    124.00    249.00   1376.00      0.00       7.2475    0.1635      2.00      5.00     10.00     71.00      0.00      46.6815    1.2687      8.00     27.00     63.00    579.00      0.00
  0.2000   0.0600      186.0225    4.2358     54.00    126.00    257.00   1509.00      0.00      14.2445    0.3558      4.00      9.00     18.00    156.00      0.00      26.4140    0.8317      4.00     13.00     35.00    356.00      0.00
  0.2000   0.0400      190.2780    4.3500     56.00    130.00    262.00   1662.00      0.00      35.9135    0.8609      9.00     23.00     51.00    366.00      0.00      11.8000    0.4532      1.00      4.00     13.00    192.00      0.00
  0.2000   0.0200      203.2640    4.6136     60.00    137.00    283.00   1767.00      0.00     103.5470    2.3672     28.00     69.00    139.00    725.00      0.00       3.3825    0.2414      0.00      0.00      3.00    144.00      0.00
