Amp Radius  OC_Mean OC_Std OC_Q1 OC_Med OC_Q3 OC_Max OC_Min  Exp_Mean Exp_Std Exp_Q1 Exp_Med Exp_Q3 Exp_Max Exp_Min  Num_Mean Num_Std Num_Q1 Num_Med Num_Q3 Num_Max Num_Min
  2.0000   0.2000        5.2345    0.0948      2.00      4.00      7.00     29.00      0.00       3.1915    0.0767      1.00      2.00      4.00     28.00      0.00       9.1555    0.0789      7.00     10.00     11.00     22.00      0.00
  2.0000   0.1800        5.5930    0.1087      2.00      4.00      7.00     49.00      0.00       3.3665    0.0814      1.00      2.00      4.00     39.00      0.00       8.9695    0.0776      7.00     10.00     11.00     23.00      0.00
  2.0000   0.1600        6.6960    0.1272      3.00      5.00      9.00     43.00      0.00       4.2005    0.1029      1.00      2.00      6.00     42.00      0.00       8.6265    0.0765      7.00      9.00     11.00     25.00      0.00
  2.0000   0.1400        8.4795    0.1846      3.00      6.00     11.00     79.00      0.00       5.5635    0.1504      1.00      3.00      7.00     77.00      0.00       8.4935    0.0782      6.00     10.00     11.00     21.00      0.00
  2.0000   0.1200       10.8335    0.2425      4.00      8.00     14.00    101.00      0.00       7.5235    0.2022      2.00      5.00     10.00     90.00      0.00       8.2815    0.0793      6.00      9.00     11.00     20.00      0.00
  2.0000   0.1000       15.0590    0.3587      5.00     10.00     19.00    142.00      0.00      11.2635    0.3080      2.00      7.00     14.00    123.00      0.00       8.0580    0.0803      6.00      9.00     10.00     21.00      0.00
  2.0000   0.0800       24.2015    0.6392      6.00     14.00     31.00    272.00      0.00      19.6920    0.5806      4.00     11.00     25.00    272.00      0.00       7.4035    0.0894      5.00      8.00     10.00     18.00      0.00
  2.0000   0.0600       43.3275    1.0602     10.00     27.00     60.00    366.00      0.00      38.5165    1.0013      7.00     23.00     55.00    366.00      0.00       6.4860    0.0954      2.00      7.00     10.00     20.00      0.00
  2.0000   0.0400       83.9205    2.0312     20.00     53.00    118.00    702.00      0.00      77.3720    1.9209     17.00     48.00    110.00    683.00      0.00       4.9625    0.0996      0.00      6.00      9.00     19.00      0.00
  2.0000   0.0200      147.4625    3.4704     39.00    100.00    201.00   1314.00      0.00     142.4200    3.3835     38.00     96.00    194.00   1312.00      0.00       2.0080    0.0774      0.00      0.00      4.00     19.00      0.00
  1.8000   0.2000        5.3750    0.1071      2.00      4.00      7.00     50.00      0.00       2.9065    0.0748      1.00      2.00      3.00     48.00      0.00       9.5465    0.0840      7.00     10.00     12.00     26.00      0.00
  1.8000   0.1800        6.0740    0.1204      3.00      4.00      8.00     73.00      0.00       3.5790    0.0904      1.00      2.00      5.00     52.00      0.00       9.3255    0.0821      7.00     10.00     11.00     23.00      0.00
  1.8000   0.1600        7.4995    0.1635      3.00      5.00     10.00    126.00      0.00       4.4585    0.1161      1.00      3.00      6.00     59.00      0.00       9.1285    0.0818      7.00     10.00     11.00     23.00      0.00
  1.8000   0.1400        8.8425    0.1810      3.00      6.00     11.00     68.00      0.00       5.1880    0.1291      1.00      3.00      7.00     48.00      0.00       9.0670    0.0786      7.00     10.00     11.00     22.00      0.00
  1.8000   0.1200       11.5755    0.2590      4.00      8.00     15.00    119.00      0.00       7.4770    0.2093      2.00      4.00     10.00    110.00      0.00       8.8575    0.0814      7.00     10.00     11.00     24.00      0.00
  1.8000   0.1000       17.1895    0.4314      5.00     11.00     22.00    203.00      0.00      11.9325    0.3633      2.00      7.00     15.00    202.00      0.00       8.4875    0.0861      6.00      9.00     11.00     28.00      0.00
  1.8000   0.0800       25.8895    0.6547      7.00     16.00     34.00    277.00      0.00      20.1580    0.5842      4.00     11.00     26.00    271.00      0.00       7.8710    0.0951      6.00      9.00     11.00     23.00      0.00
  1.8000   0.0600       44.3935    1.0374     12.00     29.00     61.00    371.00      0.00      37.6595    0.9260      8.00     24.00     52.00    359.00      0.00       6.8615    0.1023      2.00      8.00     10.00     24.00      0.00
  1.8000   0.0400       84.3945    1.9746     22.00     57.00    116.00    803.00      0.00      75.7800    1.8188     18.00     51.00    105.00    620.00      0.00       4.9315    0.1059      0.00      5.00      9.00     21.00      0.00
  1.8000   0.0200      140.8550    3.1897     39.00     95.00    198.00   1032.00      0.00     136.7990    3.1300     37.00     90.00    192.00   1025.00      0.00       2.2660    0.0846      0.00      0.00      5.00     18.00      0.00
  1.6000   0.2000        5.9890    0.1166      3.00      4.00      8.00     70.00      0.00       2.9230    0.0724      1.00      2.00      4.00     39.00      0.00      10.3010    0.0944      8.00     10.00     12.00     28.00      0.00
  1.6000   0.1800        6.7680    0.1426      3.00      5.00      8.00     69.00      0.00       3.3120    0.0803      1.00      2.00      4.00     31.00      0.00      10.1975    0.0908      8.00     10.00     12.00     24.00      0.00
  1.6000   0.1600        8.4075    0.1796      3.00      6.00     11.00    101.00      0.00       4.3435    0.1098      1.00      3.00      6.00     58.00      0.00       9.9855    0.0890      8.00     10.00     12.00     26.00      0.00
  1.6000   0.1400        9.7485    0.2127      4.00      7.00     12.00    157.00      0.00       5.3475    0.1415      1.00      3.00      7.00     78.00      0.00       9.8015    0.0903      8.00     10.00     12.00     24.00      0.00
  1.6000   0.1200       12.8345    0.2897      5.00      9.00     17.00    138.00      0.00       7.3365    0.2093      2.00      4.00      9.00    115.00      0.00       9.5155    0.0935      7.00     10.00     12.00     31.00      0.00
  1.6000   0.1000       17.8705    0.4455      5.00     12.00     22.00    232.00      0.00      10.7700    0.3075      2.00      6.00     14.00    231.00      0.00       9.3215    0.0975      7.00     10.00     12.00     28.00      0.00
  1.6000   0.0800       27.6335    0.6596      8.00     18.00     36.00    329.00      0.00      19.3990    0.5275      4.00     11.00     26.00    211.00      0.00       8.5120    0.1027      6.00     10.00     11.00     24.00      0.00
  1.6000   0.0600       47.5985    1.1423     12.00     31.00     65.00    534.00      0.00      37.8680    0.9956      8.00     23.00     53.00    534.00      0.00       7.3795    0.1122      2.00      8.00     11.00     27.00      0.00
  1.6000   0.0400       87.7050    1.9579     23.00     59.00    123.00    683.00      0.00      75.6800    1.7804     18.00     50.00    107.00    651.00      0.00       5.5005    0.1180      0.00      6.00     10.00     25.00      0.00
  1.6000   0.0200      148.9180    3.1242     44.00    107.00    213.00   1002.00      0.00     141.0870    3.0071     41.00    102.00    205.00    906.00      0.00       2.4635    0.0956      0.00      0.00      5.00     22.00      0.00
  1.4000   0.2000        7.0685    0.1446      3.00      5.00      9.00     68.00      0.00       2.9470    0.0769      1.00      2.00      4.00     62.00      0.00      11.7910    0.1142      9.00     11.00     14.00     39.00      0.00
  1.4000   0.1800        7.9940    0.1639      3.00      6.00     10.00    106.00      0.00       3.5335    0.0982      1.00      2.00      5.00    104.00      0.00      11.5125    0.1092      9.00     11.00     14.00     30.00      0.00
  1.4000   0.1600        9.2750    0.1877      4.00      7.00     12.00     86.00      0.00       4.4490    0.1156      1.00      3.00      6.00     50.00      0.00      11.1550    0.1085      9.00     11.00     14.00     28.00      0.00
  1.4000   0.1400       11.1675    0.2432      4.00      8.00     15.00    103.00      0.00       5.4670    0.1527      1.00      3.00      7.00    102.00      0.00      10.9130    0.1140      8.00     11.00     13.00     41.00      0.00
  1.4000   0.1200       14.6165    0.3264      5.00     10.00     19.00    121.00      0.00       7.4105    0.2094      2.00      4.00     10.00    120.00      0.00      10.9165    0.1152      8.00     11.00     13.00     33.00      0.00
  1.4000   0.1000       20.5010    0.4789      6.00     14.00     27.00    237.00      0.00      11.6340    0.3214      3.00      7.00     15.00    144.00      0.00      10.5110    0.1153      8.00     11.00     13.00     32.00      0.00
  1.4000   0.0800       31.2975    0.7551      9.00     20.00     41.00    317.00      0.00      19.5980    0.5561      4.00     11.00     26.00    260.00      0.00       9.9005    0.1233      7.00     10.00     13.00     32.00      0.00
  1.4000   0.0600       50.8140    1.1721     13.00     34.00     71.00    439.00      0.00      37.2975    0.9540      7.00     22.00     53.00    358.00      0.00       8.3020    0.1335      2.00      9.00     12.00     36.00      0.00
  1.4000   0.0400       88.4980    1.9987     25.00     61.00    121.00    655.00      0.00      73.5105    1.6985     19.00     51.00    104.00    586.00      0.00       6.2725    0.1421      0.00      6.00     11.00     32.00      0.00
  1.4000   0.0200      151.2115    3.4207     41.00    100.00    218.00   1221.00      0.00     138.9515    3.2182     36.00     90.00    198.00   1221.00      0.00       2.6820    0.1084      0.00      0.00      4.00     26.00      0.00
  1.2000   0.2000        7.9795    0.1579      3.00      6.00     10.00     57.00      0.00       2.9590    0.0745      1.00      2.00      4.00     52.00      0.00      13.6645    0.1416     10.00     13.00     17.00     47.00      0.00
  1.2000   0.1800        9.8305    0.2074      4.00      7.00     13.00    119.00      0.00       3.6265    0.0852      1.00      2.00      5.00     30.00      0.00      13.4540    0.1386     10.00     13.00     17.00     37.00      0.00
  1.2000   0.1600       10.6865    0.2197      4.00      8.00     14.00     83.00      0.00       4.2595    0.1035      1.00      2.00      6.00     51.00      0.00      13.2065    0.1370     10.00     12.00     17.00     43.00      0.00
  1.2000   0.1400       12.9685    0.2795      5.00      9.00     17.00    111.00      0.00       5.2445    0.1433      1.00      3.00      7.00    104.00      0.00      12.7655    0.1413      9.00     12.00     16.00     41.00      0.00
  1.2000   0.1200       18.1180    0.4225      6.00     12.00     24.00    283.00      0.00       7.5470    0.1966      2.00      5.00     10.00     89.00      0.00      12.7665    0.1414      9.00     12.00     17.00     41.00      0.00
  1.2000   0.1000       22.6880    0.5582      7.00     15.00     29.00    346.00      0.00      11.2505    0.3273      2.00      7.00     14.00    169.00      0.00      12.1370    0.1410      9.00     12.00     16.00     43.00      0.00
  1.2000   0.0800       36.6150    0.8418     10.00     24.00     50.00    342.00      0.00      20.4610    0.5572      4.00     12.00     28.00    232.00      0.00      11.4960    0.1573      7.00     11.00     16.00     43.00      0.00
  1.2000   0.0600       55.0065    1.3088     15.00     35.00     75.00    510.00      0.00      36.9440    0.9756      7.00     22.00     51.00    337.00      0.00       9.8860    0.1674      2.00     10.00     15.00     45.00      0.00
  1.2000   0.0400       93.1550    2.1268     26.00     63.00    129.00    819.00      0.00      73.1080    1.7851     17.00     49.00    101.00    808.00      0.00       6.7965    0.1671      0.00      5.00     12.00     37.00      0.00
  1.2000   0.0200      153.9025    3.4505     45.00    107.00    208.00   1528.00      0.00     139.1385    3.1576     39.00     97.00    191.00   1528.00      0.00       3.0925    0.1313      0.00      0.00      3.00     32.00      0.00
  1.0000   0.2000       10.1535    0.1987      4.00      8.00     13.00     84.00      0.00       3.1175    0.0745      1.00      2.00      4.00     29.00      0.00      17.1555    0.1914     11.00     16.00     22.00     56.00      0.00
  1.0000   0.1800       11.5220    0.2315      5.00      8.00     15.00     84.00      0.00       3.5220    0.0920      1.00      2.00      4.00     71.00      0.00      16.8435    0.1904     11.00     16.00     22.00     56.00      0.00
  1.0000   0.1600       13.2325    0.2962      5.00      9.00     17.00    156.00      0.00       4.0915    0.1074      1.00      2.00      5.00     63.00      0.00      16.6030    0.1861     11.00     16.00     22.00     50.00      0.00
  1.0000   0.1400       16.5225    0.3560      6.00     11.00     21.00    143.00      0.00       5.6420    0.1533      1.00      3.00      7.00     83.00      0.00      15.7810    0.1937     10.00     15.00     21.00     50.00      0.00
  1.0000   0.1200       21.8070    0.4857      7.00     15.00     28.00    185.00      0.00       7.8165    0.2188      2.00      5.00     10.00    123.00      0.00      15.6050    0.1995     10.00     15.00     21.00     73.00      0.00
  1.0000   0.1000       28.8150    0.6435      9.00     20.00     38.00    283.00      0.00      12.0360    0.3426      3.00      8.00     15.00    148.00      0.00      14.8505    0.2010     10.00     14.00     20.00     50.00      0.00
  1.0000   0.0800       40.0000    0.8832     12.00     28.00     54.00    320.00      0.00      19.8645    0.5248      4.00     12.00     27.00    206.00      0.00      13.6560    0.2079      8.00     13.00     20.00     57.00      0.00
  1.0000   0.0600       64.5120    1.4883     18.00     42.00     87.00    611.00      0.00      37.7060    0.9532      8.00     24.00     52.00    345.00      0.00      11.3275    0.2150      1.00     11.00     18.00     57.00      0.00
  1.0000   0.0400      107.7685    2.4451     29.00     73.00    148.00    782.00      0.00      74.4545    1.7901     17.00     48.00    103.00    615.00      0.00       8.3910    0.2189      0.00      4.00     15.00     60.00      0.00
  1.0000   0.0200      157.7740    3.5619     42.00    109.00    223.00   1271.00      0.00     135.7575    3.1102     35.00     91.00    194.00   1101.00      0.00       3.4060    0.1607      0.00      0.00      2.00     52.00      0.00
  0.8000   0.2000       13.0625    0.2466      6.00     10.00     17.00     89.00      0.00       2.9875    0.0723      1.00      2.00      4.00     45.00      0.00      23.6975    0.2823     15.00     22.00     31.00     92.00      0.00
  0.8000   0.1800       15.1155    0.3256      6.00     10.00     19.00    193.00      0.00       3.5375    0.0892      1.00      2.00      4.00     52.00      0.00      22.4680    0.2713     14.00     21.00     29.00     84.00      0.00
  0.8000   0.1600       17.3835    0.3527      7.00     13.00     22.00    164.00      0.00       4.2895    0.1145      1.00      2.00      6.00     93.00      0.00      22.1670    0.2754     13.00     21.00     29.00     96.00      0.00
  0.8000   0.1400       22.2560    0.4740      8.00     16.00     30.00    273.00      0.00       5.5080    0.1474      1.00      3.00      7.00     80.00      0.00      21.9180    0.2872     13.00     21.00     29.00     83.00      0.00
  0.8000   0.1200       27.1035    0.5806      9.00     18.00     37.00    208.00      0.00       7.6990    0.2176      2.00      4.00     10.00     92.00      0.00      21.2490    0.2946     12.00     20.00     29.00     97.00      0.00
  0.8000   0.1000       34.3515    0.7690     11.00     23.00     46.00    321.00      0.00      11.4105    0.3372      2.00      7.00     15.00    206.00      0.00      19.6675    0.3035     10.00     19.00     27.00     88.00      0.00
  0.8000   0.0800       50.6160    1.1489     15.00     34.00     70.00    500.00      0.00      18.9680    0.5099      4.00     11.00     25.00    217.00      0.00      17.3815    0.2936      7.00     17.00     25.00     82.00      0.00
  0.8000   0.0600       77.0380    1.7221     22.00     54.00    105.00    572.00      0.00      38.2490    0.9710      8.00     24.00     54.00    418.00      0.00      14.3380    0.3121      1.00     12.00     23.00     83.00      0.00
  0.8000   0.0400      114.6755    2.6617     30.00     79.00    159.00   1124.00      0.00      71.1110    1.6944     16.00     47.00    101.00    590.00      0.00       9.8300    0.2927      0.00      2.00     18.00     80.00      0.00
  0.8000   0.0200      166.0480    3.7532     47.00    115.00    231.00   1386.00      0.00     137.9230    3.1104     37.00     97.00    189.00   1069.00      0.00       4.4470    0.2205      0.00      0.00      2.00     80.00      0.00
  0.6000   0.2000       18.8105    0.3703      8.00     14.00     25.00    154.00      0.00       2.8760    0.0675      1.00      2.00      4.00     31.00      0.00      34.6605    0.4715     19.00     32.00     46.00    158.00      0.00
  0.6000   0.1800       21.0910    0.4167      9.00     16.00     27.00    188.00      0.00       3.4970    0.0851      1.00      2.00      5.00     47.00      0.00      34.5990    0.4844     20.00     32.00     46.00    148.00      0.00
  0.6000   0.1600       25.1715    0.5099     10.00     19.00     33.00    250.00      0.00       4.3650    0.1156      1.00      3.00      6.00     66.00      0.00      33.0010    0.4676     18.00     30.00     45.00    119.00      0.00
  0.6000   0.1400       30.8405    0.6399     11.00     22.00     42.00    295.00      0.00       5.4815    0.1557      1.00      3.00      7.00     82.00      0.00      32.6160    0.4831     17.00     30.00     45.00    134.00      0.00
  0.6000   0.1200       40.2770    0.9054     13.00     28.00     53.00    380.00      0.00       7.5650    0.2137      2.00      5.00     10.00    141.00      0.00      30.8655    0.4961     15.00     28.00     44.00    149.00      0.00
  0.6000   0.1000       45.6545    1.0209     15.00     30.00     63.00    385.00      0.00      11.1090    0.3172      2.00      6.00     15.00    198.00      0.00      28.7965    0.4971     11.00     26.00     42.00    140.00      0.00
  0.6000   0.0800       66.7415    1.4769     20.00     46.00     93.00    679.00      0.00      20.5510    0.5873      4.00     12.00     27.00    255.00      0.00      24.9815    0.4929      5.00     22.00     38.00    138.00      0.00
  0.6000   0.0600       95.9275    2.0915     29.00     69.00    130.00    654.00      0.00      38.9600    1.0177      7.00     23.00     56.00    431.00      0.00      20.5285    0.4898      1.00     15.00     33.00    136.00      0.00
  0.6000   0.0400      128.1780    2.8193     39.00     91.00    180.00   1013.00      0.00      73.2320    1.7563     17.00     50.00    103.00    883.00      0.00      12.7155    0.4384      0.00      2.00     21.00    161.00      0.00
  0.6000   0.0200      173.1555    3.9443     48.00    118.00    239.00   1483.00      0.00     134.9245    3.0370     36.00     93.00    187.00    877.00      0.00       5.1300    0.2971      0.00      0.00      1.00    128.00      0.00
  0.4000   0.2000       33.5400    0.6272     14.00     26.00     44.00    197.00      0.00       2.9845    0.0736      1.00      2.00      4.00     30.00      0.00      65.9915    1.0871     31.00     58.00     92.00    359.00      0.00
  0.4000   0.1800       37.0505    0.7466     15.00     28.00     50.00    345.00      0.00       3.5035    0.0861      1.00      2.00      4.00     42.00      0.00      62.2020    1.0807     26.00     53.00     89.00    342.00      0.00
  0.4000   0.1600       44.4890    0.9462     17.00     31.00     60.00    354.00      0.00       4.5045    0.1111      1.00      3.00      6.00     42.00      0.00      59.1615    1.0419     24.00     50.00     82.00    313.00      0.00
  0.4000   0.1400       50.5225    1.0046     18.00     37.00     69.00    350.00      0.00       5.4220    0.1474      1.00      3.00      7.00    119.00      0.00      57.3800    1.0717     21.00     48.00     82.00    337.00      0.00
  0.4000   0.1200       60.7950    1.2988     21.00     45.00     80.00    603.00      0.00       7.5550    0.2321      2.00      4.00     10.00    177.00      0.00      51.8095    1.0060     16.00     42.00     75.00    301.00      0.00
  0.4000   0.1000       76.0905    1.6842     25.00     54.00    105.00    706.00      0.00      11.2015    0.3070      2.00      7.00     15.00    186.00      0.00      46.3265    0.9717      8.00     37.00     71.00    251.00      0.00
  0.4000   0.0800       95.9190    2.1443     29.00     65.00    131.00    740.00      0.00      18.9545    0.5162      4.00     11.00     25.00    218.00      0.00      40.6155    1.0226      4.00     26.00     62.00    349.00      0.00
  0.4000   0.0600      124.1490    2.7231     38.00     88.00    171.00   1258.00      0.00      36.9020    0.9296      8.00     23.00     52.00    338.00      0.00      29.5645    0.9077      1.00      9.00     47.00    320.00      0.00
  0.4000   0.0400      162.0035    3.4796     48.00    112.00    231.00    961.00      0.00      75.4420    1.8397     18.00     50.00    101.00    709.00      0.00      16.4350    0.7218      0.00      2.00     15.00    266.00      0.00
  0.4000   0.0200      182.1185    4.0258     54.00    129.00    251.00   1740.00      0.00     131.7010    2.9991     36.00     91.00    185.00   1318.00      0.00       6.5675    0.4870      0.00      0.00      1.00    272.00      0.00
  0.2000   0.2000      102.0250    2.2019     33.00     73.00    136.00    670.00      0.00       2.8810    0.0694      1.00      2.00      4.00     33.00      0.00     165.6825    3.8728     45.00    116.00    229.00   1407.00      0.00
  0.2000   0.1800      111.1865    2.3064     37.00     81.00    153.00    638.00      0.00       3.6270    0.0921      1.00      2.00      5.00     59.00      0.00     150.7470    3.4539     38.00    105.00    209.00   1215.00      0.00
  0.2000   0.1600      124.5325    2.6828     37.00     88.00    173.00    914.00      0.00       4.4450    0.1113      1.00      3.00      6.00     52.00      0.00     137.8225    3.3038     31.00     91.00    198.00   1267.00      0.00
  0.2000   0.1400      132.5940    2.9860     41.00     88.00    183.00   1127.00      0.00       5.4850    0.1453      1.00      3.00      7.00     93.00      0.00     118.6125    3.0345     20.00     75.00    167.00   1231.00      0.00
  0.2000   0.1200      144.0890    3.1611     46.00    102.00    192.00   1096.00      0.00       7.5455    0.2121      2.00      5.00     10.00    110.00      0.00     101.0035    2.7543     14.00     57.00    144.00   1034.00      0.00
  0.2000   0.1000      157.8050    3.4674     48.00    109.00    221.00   1302.00      0.00      11.4985    0.3108      3.00      7.00     15.00    118.00      0.00      74.3910    2.2173      7.00     36.00    106.00    778.00      0.00
  0.2000   0.0800      175.8230    3.7483     49.00    129.00    250.00   1244.00      0.00      20.4355    0.5602      4.00     12.00     28.00    252.00      0.00      53.5130    1.7825      3.00     20.00     70.00    665.00      0.00
  0.2000   0.0600      184.8730    4.1154     53.00    126.00    258.00   1419.00      0.00      38.9705    0.9865      8.00     23.00     55.00    396.00      0.00      36.5580    1.4497      1.00      8.00     43.00    436.00      0.00
  0.2000   0.0400      197.3360    4.4116     57.00    138.00    270.00   1380.00      0.00      74.9295    1.7614     19.00     50.00    104.00    618.00      0.00      16.3585    0.9426      0.00      2.00     10.00    402.00      0.00
  0.2000   0.0200      205.9420    4.6351     57.00    145.00    290.00   1553.00      0.00     141.6975    3.1263     39.00     98.00    200.00   1020.00      0.00       4.4025    0.4179      0.00      0.00      1.00    342.00      0.00
