Amp Radius  OC_Mean OC_Std OC_Q1 OC_Med OC_Q3 OC_Max OC_Min  Exp_Mean Exp_Std Exp_Q1 Exp_Med Exp_Q3 Exp_Max Exp_Min  Num_Mean Num_Std Num_Q1 Num_Med Num_Q3 Num_Max Num_Min
  2.0000   0.2000        4.2185    0.0464      3.00      4.00      5.00     16.00      0.00       1.2515    0.0143      1.00      1.00      1.00     13.00      0.00       5.7115    0.0656      4.00      5.00      7.00     19.00      0.00
  2.0000   0.1800        4.5595    0.0525      3.00      4.00      6.00     25.00      0.00       1.4180    0.0229      1.00      1.00      2.00     24.00      0.00       5.2215    0.0605      3.00      5.00      7.00     20.00      0.00
  2.0000   0.1600        5.1310    0.0637      3.00      5.00      6.00     29.00      0.00       1.6355    0.0306      1.00      1.00      2.00     20.00      0.00       4.8430    0.0556      3.00      4.00      6.00     18.00      0.00
  2.0000   0.1400        5.8300    0.0836      4.00      5.00      7.00     52.00      0.00       1.9710    0.0475      1.00      1.00      2.00     36.00      0.00       4.4515    0.0490      3.00      4.00      6.00     17.00      0.00
  2.0000   0.1200        7.1310    0.1138      4.00      6.00      9.00     69.00      0.00       2.7505    0.0780      1.00      2.00      3.00     61.00      0.00       4.2810    0.0470      3.00      4.00      5.00     15.00      0.00
  2.0000   0.1000        9.1545    0.1837      4.00      7.00     11.00    114.00      0.00       4.5185    0.1537      1.00      2.00      5.00    113.00      0.00       4.0625    0.0462      3.00      4.00      5.00     12.00      0.00
  2.0000   0.0800       13.7630    0.3018      5.00      9.00     17.00    144.00      0.00       8.4965    0.2567      2.00      4.00     10.00    125.00      0.00       3.8825    0.0452      3.00      4.00      5.00     15.00      0.00
  2.0000   0.0600       23.5285    0.5548      7.00     15.00     31.00    256.00      0.00      17.4195    0.4803      3.00     10.00     23.00    156.00      0.00       3.6925    0.0459      2.00      4.00      5.00     13.00      0.00
  2.0000   0.0400       45.7235    1.0328     13.00     31.00     62.00    410.00      0.00      37.8335    0.9396      8.00     23.00     51.00    404.00      0.00       3.1620    0.0517      2.00      3.00      5.00     16.00      0.00
  2.0000   0.0200      104.0740    2.3197     29.00     71.00    146.00    837.00      0.00      94.5805    2.1509     26.00     64.00    134.00    631.00      0.00       1.9565    0.0529      0.00      1.00      4.00     11.00      0.00
  1.8000   0.2000        4.8085    0.0548      3.00      4.00      6.00     20.00      0.00       1.2625    0.0158      1.00      1.00      1.00     14.00      0.00       6.5855    0.0784      4.00      6.00      9.00     23.00      0.00
  1.8000   0.1800        5.4405    0.0678      3.00      5.00      7.00     35.00      0.00       1.4190    0.0259      1.00      1.00      2.00     27.00      0.00       6.2695    0.0725      4.00      6.00      8.00     24.00      0.00
  1.8000   0.1600        5.9805    0.0738      4.00      5.00      8.00     27.00      0.00       1.6410    0.0307      1.00      1.00      2.00     21.00      0.00       5.7280    0.0682      4.00      5.00      7.00     20.00      0.00
  1.8000   0.1400        6.8355    0.0975      4.00      6.00      8.00     55.00      0.00       2.0190    0.0576      1.00      1.00      2.00     50.00      0.00       5.3940    0.0610      3.00      5.00      7.00     17.00      0.00
  1.8000   0.1200        8.1695    0.1220      5.00      7.00     10.00     55.00      0.00       2.6855    0.0749      1.00      2.00      3.00     47.00      0.00       5.0845    0.0574      3.00      5.00      7.00     16.00      0.00
  1.8000   0.1000       10.1095    0.1762      5.00      8.00     12.00     70.00      0.00       4.3570    0.1331      1.00      2.00      5.00     66.00      0.00       4.7405    0.0532      3.00      4.00      6.00     17.00      0.00
  1.8000   0.0800       14.9850    0.3248      6.00     11.00     18.00    152.00      0.00       8.4045    0.2729      2.00      4.00     10.00    150.00      0.00       4.4380    0.0533      3.00      4.00      6.00     17.00      0.00
  1.8000   0.0600       25.8665    0.5471      9.00     18.00     35.00    222.00      0.00      17.2665    0.4639      3.00      9.00     24.00    174.00      0.00       4.3710    0.0576      3.00      4.00      6.00     14.00      0.00
  1.8000   0.0400       48.5480    1.0737     14.00     33.00     65.00    348.00      0.00      37.0635    0.8981      8.00     24.00     52.00    337.00      0.00       3.7730    0.0627      2.00      4.00      6.00     14.00      0.00
  1.8000   0.0200      105.1785    2.2754     31.00     76.00    144.00    637.00      0.00      92.6105    2.0619     26.00     67.00    130.00    637.00      0.00       2.2550    0.0628      0.00      1.00      4.00     17.00      0.00
  1.6000   0.2000        5.9020    0.0671      4.00      5.00      8.00     27.00      0.00       1.2610    0.0129      1.00      1.00      1.00      7.00      0.00       8.2355    0.0993      5.00      8.00     11.00     35.00      0.00
  1.6000   0.1800        6.4965    0.0759      4.00      6.00      8.00     24.00      0.00       1.4070    0.0247      1.00      1.00      2.00     20.00      0.00       7.6455    0.0896      5.00      7.00     10.00     28.00      0.00
  1.6000   0.1600        7.0175    0.0845      4.00      6.00      9.00     29.00      0.00       1.5975    0.0305      1.00      1.00      2.00     22.00      0.00       6.8740    0.0834      4.00      6.00      9.00     31.00      0.00
  1.6000   0.1400        8.3580    0.1164      5.00      7.00     11.00     65.00      0.00       2.0440    0.0529      1.00      1.00      2.00     36.00      0.00       6.5410    0.0779      4.00      6.00      8.00     23.00      0.00
  1.6000   0.1200        9.7945    0.1515      5.00      8.00     12.00     60.00      0.00       2.9235    0.0905      1.00      2.00      3.00     50.00      0.00       6.0295    0.0722      4.00      6.00      8.00     22.00      0.00
  1.6000   0.1000       12.1405    0.2043      6.00     10.00     15.00     82.00      0.00       4.3940    0.1289      1.00      2.00      5.00     63.00      0.00       5.7735    0.0689      4.00      5.00      7.00     23.00      0.00
  1.6000   0.0800       17.6805    0.3690      8.00     13.00     22.00    201.00      0.00       8.5620    0.2754      2.00      4.00     11.00    191.00      0.00       5.5550    0.0707      4.00      5.00      7.00     21.00      0.00
  1.6000   0.0600       29.2295    0.6216     10.00     20.00     40.00    257.00      0.00      17.7120    0.4774      3.00     10.00     24.00    192.00      0.00       5.2315    0.0732      3.00      5.00      7.00     22.00      0.00
  1.6000   0.0400       51.6960    1.1136     16.00     36.00     70.00    325.00      0.00      37.6230    0.8984      8.00     25.00     53.00    279.00      0.00       4.4900    0.0790      1.00      4.00      7.00     22.00      0.00
  1.6000   0.0200      110.6900    2.4934     30.00     77.00    153.00   1160.00      0.00      92.7330    2.1563     25.00     65.00    129.00    996.00      0.00       2.5540    0.0728      0.00      1.00      5.00     22.00      0.00
  1.4000   0.2000        7.3445    0.0879      5.00      7.00      9.00     35.00      0.00       1.2370    0.0121      1.00      1.00      1.00      8.00      0.00      10.2645    0.1274      6.00      9.00     13.00     37.00      0.00
  1.4000   0.1800        8.0085    0.0987      5.00      7.00     10.00     35.00      0.00       1.3685    0.0174      1.00      1.00      2.00     13.00      0.00       9.6170    0.1214      6.00      9.00     13.00     41.00      0.00
  1.4000   0.1600        8.9575    0.1160      5.00      8.00     11.00     71.00      0.00       1.6175    0.0307      1.00      1.00      2.00     20.00      0.00       8.8310    0.1132      5.00      8.00     12.00     36.00      0.00
  1.4000   0.1400       10.0270    0.1436      6.00      9.00     13.00     59.00      0.00       1.9550    0.0473      1.00      1.00      2.00     48.00      0.00       8.0435    0.1027      5.00      7.00     10.00     39.00      0.00
  1.4000   0.1200       11.8280    0.1775      7.00     10.00     15.00     81.00      0.00       2.8370    0.0907      1.00      2.00      3.00     68.00      0.00       7.6110    0.0962      5.00      7.00     10.00     30.00      0.00
  1.4000   0.1000       14.7855    0.2590      8.00     12.00     19.00    151.00      0.00       4.6665    0.1441      1.00      2.00      5.00     87.00      0.00       7.0455    0.0888      4.00      6.00      9.00     26.00      0.00
  1.4000   0.0800       20.4030    0.4292      9.00     15.00     26.00    338.00      0.00       8.1265    0.2466      2.00      4.00     10.00    139.00      0.00       6.9210    0.0927      4.00      6.00      9.00     34.00      0.00
  1.4000   0.0600       31.8755    0.6449     12.00     23.00     42.00    222.00      0.00      16.9685    0.4601      3.00      9.00     23.00    207.00      0.00       6.5730    0.0975      4.00      6.00      9.00     25.00      0.00
  1.4000   0.0400       57.4750    1.2323     19.00     40.00     78.00    459.00      0.00      36.7805    0.9035      8.00     23.00     51.00    331.00      0.00       5.6615    0.1029      2.00      5.00      8.00     30.00      0.00
  1.4000   0.0200      117.9895    2.6025     34.00     79.00    165.00    756.00      0.00      93.3885    2.1775     25.00     62.00    130.00    722.00      0.00       3.1595    0.0928      0.00      1.00      6.00     26.00      0.00
  1.2000   0.2000        9.6095    0.1169      6.00      9.00     12.00     36.00      0.00       1.2660    0.0149      1.00      1.00      1.00     13.00      0.00      13.4970    0.1761      8.00     12.00     18.00     53.00      0.00
  1.2000   0.1800       10.2675    0.1304      6.00      9.00     13.00     47.00      0.00       1.3740    0.0186      1.00      1.00      2.00     12.00      0.00      12.3680    0.1642      7.00     11.00     16.00     47.00      0.00
  1.2000   0.1600       11.5355    0.1533      7.00     10.00     15.00     67.00      0.00       1.6290    0.0347      1.00      1.00      2.00     35.00      0.00      11.5135    0.1522      7.00     10.00     15.00     50.00      0.00
  1.2000   0.1400       12.9335    0.1802      7.00     11.00     17.00     68.00      0.00       1.9370    0.0447      1.00      1.00      2.00     25.00      0.00      10.4250    0.1382      6.00      9.00     14.00     48.00      0.00
  1.2000   0.1200       15.0105    0.2124      8.00     13.00     20.00     78.00      0.00       2.7245    0.0760      1.00      2.00      3.00     52.00      0.00       9.8035    0.1286      6.00      9.00     13.00     46.00      0.00
  1.2000   0.1000       19.0605    0.3133     10.00     16.00     24.00    121.00      0.00       4.6455    0.1544      1.00      2.00      5.00    101.00      0.00       9.4875    0.1291      5.00      9.00     13.00     42.00      0.00
  1.2000   0.0800       24.9240    0.4286     12.00     20.00     33.00    152.00      0.00       8.3880    0.2398      2.00      4.00     11.00     97.00      0.00       9.0025    0.1292      5.00      8.00     12.00     41.00      0.00
  1.2000   0.0600       38.0980    0.7215     15.00     29.00     52.00    289.00      0.00      17.0955    0.4438      3.00      9.00     24.00    156.00      0.00       8.2965    0.1326      4.00      7.00     11.00     36.00      0.00
  1.2000   0.0400       66.1030    1.3895     23.00     48.00     88.00    416.00      0.00      37.4230    0.9452      7.00     24.00     51.00    349.00      0.00       7.1105    0.1390      2.00      6.00     11.00     44.00      0.00
  1.2000   0.0200      131.0880    2.8781     39.00     91.00    183.00   1021.00      0.00      95.5810    2.1980     26.00     65.00    130.00    789.00      0.00       3.7780    0.1199      0.00      1.00      6.00     37.00      0.00
  1.0000   0.2000       12.6195    0.1666      7.00     11.00     16.00     67.00      0.00       1.2310    0.0120      1.00      1.00      1.00      6.00      0.00      17.9035    0.2494     10.00     16.00     24.00     83.00      0.00
  1.0000   0.1800       14.3640    0.1988      8.00     13.00     19.00     76.00      0.00       1.3890    0.0235      1.00      1.00      2.00     19.00      0.00      17.5255    0.2582      9.00     15.00     23.00     90.00      0.00
  1.0000   0.1600       16.1860    0.2245      9.00     14.00     21.00     68.00      0.00       1.6715    0.0339      1.00      1.00      2.00     21.00      0.00      15.9600    0.2255      9.00     14.00     21.00     72.00      0.00
  1.0000   0.1400       18.2295    0.2625     10.00     16.00     24.00    144.00      0.00       2.0380    0.0480      1.00      1.00      2.00     28.00      0.00      14.8635    0.2098      8.00     13.00     20.00     75.00      0.00
  1.0000   0.1200       21.1455    0.3311     11.00     18.00     28.00    145.00      0.00       2.7000    0.0777      1.00      2.00      3.00     44.00      0.00      13.5930    0.1984      7.00     12.00     18.00     61.00      0.00
  1.0000   0.1000       24.6345    0.4138     12.00     21.00     31.00    211.00      0.00       4.2935    0.1325      1.00      2.00      4.00     65.00      0.00      12.8530    0.1980      7.00     11.00     17.00     72.00      0.00
  1.0000   0.0800       33.8320    0.6151     16.00     26.00     44.00    223.00      0.00       8.2935    0.2526      2.00      4.00     10.00    115.00      0.00      12.6585    0.2042      7.00     11.00     17.00     81.00      0.00
  1.0000   0.0600       48.3795    0.9720     19.00     36.00     64.00    362.00      0.00      16.5275    0.4496      3.00      9.00     22.00    174.00      0.00      11.1940    0.1999      5.00     10.00     16.00     62.00      0.00
  1.0000   0.0400       79.1450    1.5968     28.00     57.00    108.00    815.00      0.00      36.5900    0.9139      8.00     24.00     49.00    386.00      0.00       9.5645    0.1980      2.00      8.00     15.00     50.00      0.00
  1.0000   0.0200      142.3345    3.1040     44.00     98.00    194.00   1114.00      0.00      96.4875    2.1810     26.00     66.00    134.00    753.00      0.00       4.5320    0.1647      0.00      1.00      7.00     68.00      0.00
  0.8000   0.2000       20.3320    0.3053     11.00     17.00     27.00    113.00      0.00       1.2405    0.0141      1.00      1.00      1.00     14.00      0.00      28.7965    0.4479     14.00     24.00     39.00    169.00      0.00
  0.8000   0.1800       21.5085    0.3309     11.00     18.00     28.00    117.00      0.00       1.3900    0.0192      1.00      1.00      2.00     13.00      0.00      25.9645    0.4086     13.00     22.00     35.00    130.00      0.00
  0.8000   0.1600       23.9395    0.3694     12.00     21.00     31.00    144.00      0.00       1.6145    0.0289      1.00      1.00      2.00     19.00      0.00      23.9900    0.3820     12.00     20.00     32.00    137.00      0.00
  0.8000   0.1400       28.4320    0.4426     14.00     24.00     38.00    136.00      0.00       1.9840    0.0433      1.00      1.00      2.00     23.00      0.00      23.0625    0.3733     11.00     19.00     31.00    116.00      0.00
  0.8000   0.1200       33.3140    0.5587     16.00     27.00     44.00    209.00      0.00       2.7945    0.0799      1.00      2.00      3.00     52.00      0.00      21.6795    0.3663     10.00     17.00     29.00    138.00      0.00
  0.8000   0.1000       39.2405    0.6707     18.00     32.00     53.00    255.00      0.00       4.4440    0.1294      1.00      2.00      5.00     59.00      0.00      20.1725    0.3490      9.00     17.00     27.00    112.00      0.00
  0.8000   0.0800       48.8805    0.8707     21.00     40.00     66.00    359.00      0.00       8.5355    0.2606      2.00      4.00     10.00    111.00      0.00      18.5695    0.3374      8.00     15.00     25.00    119.00      0.00
  0.8000   0.0600       68.4150    1.4089     27.00     50.00     90.00    533.00      0.00      16.6855    0.4408      3.00      9.00     23.00    188.00      0.00      16.4730    0.3316      5.00     13.00     24.00     98.00      0.00
  0.8000   0.0400      103.9690    2.0631     37.00     77.00    143.00    654.00      0.00      37.3025    0.9133      8.00     24.00     53.00    330.00      0.00      12.6755    0.3263      1.00      9.00     19.00    126.00      0.00
  0.8000   0.0200      159.2705    3.4782     48.00    112.00    221.00   1180.00      0.00      95.1485    2.2252     24.00     65.00    133.00    834.00      0.00       5.2025    0.2322      0.00      1.00      5.00    111.00      0.00
  0.6000   0.2000       35.9750    0.6601     16.00     28.00     48.00    260.00      0.00       1.2580    0.0151      1.00      1.00      1.00     11.00      0.00      48.7785    0.8979     20.00     38.00     66.00    300.00      0.00
  0.6000   0.1800       40.5470    0.7273     18.00     33.00     53.00    263.00      0.00       1.3605    0.0191      1.00      1.00      2.00     17.00      0.00      47.4360    0.8749     19.00     37.00     66.00    274.00      0.00
  0.6000   0.1600       44.5525    0.8025     19.00     35.00     59.00    316.00      0.00       1.5800    0.0272      1.00      1.00      2.00     19.00      0.00      42.7010    0.7765     18.00     33.00     58.00    263.00      0.00
  0.6000   0.1400       54.3865    1.0733     22.00     41.00     73.00    424.00      0.00       2.0040    0.0467      1.00      1.00      2.00     37.00      0.00      42.1615    0.8252     16.00     32.00     58.00    336.00      0.00
  0.6000   0.1200       59.6715    1.1252     23.00     46.00     82.00    385.00      0.00       2.6660    0.0740      1.00      2.00      3.00     51.00      0.00      36.9280    0.7029     14.00     28.00     50.00    216.00      0.00
  0.6000   0.1000       71.1780    1.4050     27.00     52.00     96.00    460.00      0.00       4.6000    0.1427      1.00      2.00      5.00     80.00      0.00      33.7825    0.6711     13.00     25.00     45.00    223.00      0.00
  0.6000   0.0800       88.1665    1.8204     32.00     65.00    117.00    694.00      0.00       8.0880    0.2679      2.00      4.00     10.00    172.00      0.00      30.8685    0.6746     10.00     22.00     43.00    230.00      0.00
  0.6000   0.0600      106.7355    2.2192     38.00     75.00    148.00    897.00      0.00      16.4445    0.4463      3.00      9.00     22.00    265.00      0.00      23.8890    0.5703      5.00     16.00     34.00    203.00      0.00
  0.6000   0.0400      145.3110    3.0110     47.00    106.00    205.00    900.00      0.00      38.1830    0.9286      8.00     25.00     53.00    375.00      0.00      15.7725    0.4572      1.00      8.00     22.00    175.00      0.00
  0.6000   0.0200      182.1345    4.1087     54.00    126.00    247.00   1516.00      0.00      94.2670    2.1750     23.00     64.00    133.00    745.00      0.00       4.8535    0.2398      0.00      1.00      4.00    108.00      0.00
  0.4000   0.2000       87.5285    1.8274     31.00     65.00    116.00    664.00      0.00       1.2620    0.0142      1.00      1.00      1.00      9.00      0.00     108.2075    2.3144     37.00     81.00    143.00    841.00      0.00
  0.4000   0.1800       94.0830    1.9421     32.00     69.00    128.00    608.00      0.00       1.4180    0.0243      1.00      1.00      2.00     25.00      0.00      97.1020    2.0726     31.00     70.00    130.00    592.00      0.00
  0.4000   0.1600      104.8385    2.2430     34.00     73.00    144.00    962.00      0.00       1.6020    0.0385      1.00      1.00      2.00     53.00      0.00      88.1150    1.9119     27.00     61.00    122.00    976.00      0.00
  0.4000   0.1400      111.5375    2.3731     38.00     81.00    153.00   1284.00      0.00       2.0220    0.0536      1.00      1.00      2.00     56.00      0.00      74.9870    1.5983     25.00     55.00    104.00    600.00      0.00
  0.4000   0.1200      131.9875    2.8227     44.00     94.00    180.00   1008.00      0.00       2.9225    0.0962      1.00      2.00      3.00     64.00      0.00      67.1855    1.4706     21.00     48.00     92.00    448.00      0.00
  0.4000   0.1000      141.0135    3.0305     44.00    101.00    191.00   1072.00      0.00       4.4510    0.1412      1.00      2.00      5.00    109.00      0.00      54.2185    1.2079     15.00     39.00     74.00    463.00      0.00
  0.4000   0.0800      151.0180    3.2782     47.00    109.00    207.00   1459.00      0.00       8.3705    0.2611      2.00      4.00     10.00    127.00      0.00      39.9845    0.9481     10.00     27.00     57.00    420.00      0.00
  0.4000   0.0600      168.5270    3.7301     47.00    118.00    244.00   1611.00      0.00      17.0205    0.4715      3.00      9.00     23.00    185.00      0.00      27.1455    0.7037      4.00     16.00     39.00    319.00      0.00
  0.4000   0.0400      187.4155    4.1675     55.00    131.00    261.00   1282.00      0.00      36.6615    0.9298      8.00     23.00     51.00    383.00      0.00      15.0265    0.4585      1.00      7.00     21.00    142.00      0.00
  0.4000   0.0200      196.0570    4.4192     54.00    134.00    271.00   1626.00      0.00      94.0030    2.1687     26.00     62.00    129.00    769.00      0.00       3.8815    0.1913      0.00      1.00      3.00     80.00      0.00
  0.2000   0.2000      165.3945    3.6542     47.00    115.00    230.00   1066.00      0.00       1.2455    0.0125      1.00      1.00      1.00      6.00      0.00     181.4345    4.0900     51.00    122.00    259.00   1306.00      0.00
  0.2000   0.1800      172.2125    3.7817     52.00    119.00    239.00   1383.00      0.00       1.3805    0.0178      1.00      1.00      2.00     10.00      0.00     155.1590    3.5812     45.00    103.00    210.00   1304.00      0.00
  0.2000   0.1600      179.7000    4.0737     50.00    123.00    251.00   1446.00      0.00       1.6420    0.0346      1.00      1.00      2.00     30.00      0.00     131.9990    3.1193     34.00     90.00    176.00   1222.00      0.00
  0.2000   0.1400      180.8650    4.0996     55.00    125.00    245.00   2000.00      0.00       2.0300    0.0574      1.00      1.00      2.00     67.00      0.00     105.3645    2.4617     29.00     71.00    145.00   1129.00      0.00
  0.2000   0.1200      189.4550    4.1884     54.00    133.00    267.00   1276.00      0.00       2.7410    0.0816      1.00      2.00      3.00     44.00      0.00      82.0360    1.8983     22.00     54.00    116.00    548.00      0.00
  0.2000   0.1000      193.1320    4.2995     56.00    137.00    267.00   1514.00      0.00       4.3385    0.1267      1.00      2.00      5.00     53.00      0.00      60.0575    1.3764     16.00     42.00     85.00    549.00      0.00
  0.2000   0.0800      192.7060    4.3597     54.00    135.00    266.00   1670.00      0.00       8.0990    0.2430      2.00      4.00     10.00    126.00      0.00      40.4545    0.9845      9.00     27.00     56.00    322.00      0.00
  0.2000   0.0600      198.9385    4.4512     56.00    140.00    272.00   1611.00      0.00      16.4765    0.4372      3.00      9.00     24.00    216.00      0.00      23.5990    0.5933      5.00     15.00     34.00    180.00      0.00
  0.2000   0.0400      201.8435    4.6034     54.00    140.00    282.00   1447.00      0.00      38.7370    0.9845      8.00     24.00     54.00    510.00      0.00      11.1170    0.3251      1.00      6.00     16.00    121.00      0.00
  0.2000   0.0200      198.0870    4.4127     58.00    144.00    270.00   1405.00      0.00      94.4625    2.1752     26.00     65.00    130.00    771.00      0.00       2.6500    0.1087      0.00      1.00      3.00     47.00      0.00
