Amp Radius  OC_Mean OC_Std OC_Q1 OC_Med OC_Q3 OC_Max OC_Min  Exp_Mean Exp_Std Exp_Q1 Exp_Med Exp_Q3 Exp_Max Exp_Min  Num_Mean Num_Std Num_Q1 Num_Med Num_Q3 Num_Max Num_Min
  2.0000   0.2000        3.9420    0.0433      3.00      4.00      5.00     20.00      0.00       1.3695    0.0181      1.00      1.00      2.00     18.00      0.00       8.4050    0.0997      5.00      8.00     12.00     28.00      0.00
  2.0000   0.1800        4.2960    0.0498      3.00      4.00      5.00     24.00      0.00       1.5010    0.0208      1.00      1.00      2.00     10.00      0.00       8.3415    0.0963      5.00      8.00     12.00     22.00      0.00
  2.0000   0.1600        4.9285    0.0685      3.00      4.00      6.00     33.00      0.00       1.8525    0.0436      1.00      1.00      2.00     33.00      0.00       7.9270    0.0926      4.00      8.00     11.00     20.00      0.00
  2.0000   0.1400        5.7675    0.1100      3.00      5.00      7.00     85.00      0.00       2.3225    0.0823      1.00      2.00      3.00     82.00      0.00       7.6095    0.0910      4.00      7.00     11.00     21.00      0.00
  2.0000   0.1200        6.6825    0.1292      4.00      5.00      8.00     71.00      0.00       3.1480    0.1047      1.00      2.00      3.00     71.00      0.00       7.1770    0.0907      4.00      7.00     11.00     23.00      0.00
  2.0000   0.1000        8.9875    0.1888      4.00      7.00     11.00     85.00      0.00       5.0340    0.1627      1.00      3.00      5.00     83.00      0.00       7.1025    0.0897      3.00      7.00     11.00     19.00      0.00
  2.0000   0.0800       14.3090    0.3426      5.00      9.00     17.00    134.00      0.00       9.9605    0.3191      2.00      4.00     12.00    131.00      0.00       6.7965    0.0917      3.00      7.00     10.00     18.00      0.00
  2.0000   0.0600       26.0355    0.5960      7.00     16.00     36.00    260.00      0.00      20.8465    0.5689      3.00     11.00     29.00    251.00      0.00       6.2490    0.0940      3.00      6.00     10.00     18.00      0.00
  2.0000   0.0400       55.2420    1.2719     14.00     36.00     77.00    408.00      0.00      48.6565    1.1920     10.00     31.00     68.00    407.00      0.00       5.0990    0.0969      1.00      5.00      8.00     17.00      0.00
  2.0000   0.0200      121.0315    2.6616     35.00     86.00    171.00    952.00      0.00     114.0860    2.4969     31.00     81.00    163.00    842.00      0.00       2.5315    0.0799      0.00      0.00      5.00     15.00      0.00
  1.8000   0.2000        4.4395    0.0511      3.00      4.00      5.00     23.00      0.00       1.3580    0.0186      1.00      1.00      2.00     16.00      0.00       9.4640    0.1036      6.00      9.00     13.00     25.00      0.00
  1.8000   0.1800        4.9200    0.0615      3.00      4.00      6.00     36.00      0.00       1.5820    0.0305      1.00      1.00      2.00     32.00      0.00       9.1745    0.1008      6.00      9.00     12.00     23.00      0.00
  1.8000   0.1600        5.3760    0.0686      3.00      5.00      7.00     30.00      0.00       1.7135    0.0309      1.00      1.00      2.00     22.00      0.00       8.8725    0.1010      5.00      9.00     12.00     32.00      0.00
  1.8000   0.1400        6.2815    0.0962      4.00      5.00      8.00     49.00      0.00       2.2175    0.0570      1.00      2.00      3.00     38.00      0.00       8.4090    0.0977      5.00      8.00     12.00     23.00      0.00
  1.8000   0.1200        7.4945    0.1331      4.00      6.00      9.00     83.00      0.00       3.0505    0.0935      1.00      2.00      3.00     65.00      0.00       8.0915    0.0959      5.00      8.00     12.00     23.00      0.00
  1.8000   0.1000       10.1895    0.2190      5.00      7.00     12.00    111.00      0.00       5.2890    0.1872      1.00      3.00      5.00    108.00      0.00       7.7595    0.0945      4.00      8.00     11.00     28.00      0.00
  1.8000   0.0800       16.1125    0.3604      6.00     11.00     20.00    170.00      0.00      10.3260    0.3155      2.00      4.00     13.00    148.00      0.00       7.5630    0.0941      4.00      8.00     11.00     19.00      0.00
  1.8000   0.0600       29.4385    0.7459      8.00     18.00     39.00    320.00      0.00      22.4810    0.6586      3.00     12.00     31.00    288.00      0.00       6.6935    0.0990      3.00      7.00     10.00     21.00      0.00
  1.8000   0.0400       54.1055    1.2210     15.00     36.00     75.00    371.00      0.00      46.5275    1.1298     10.00     30.00     66.00    369.00      0.00       5.3605    0.1045      0.00      5.00      9.00     25.00      0.00
  1.8000   0.0200      119.2915    2.6796     31.00     82.00    169.00    964.00      0.00     109.0485    2.4489     27.00     75.00    158.00    818.00      0.00       2.7590    0.0861      0.00      0.00      6.00     16.00      0.00
  1.6000   0.2000        5.1385    0.0610      3.00      5.00      6.00     24.00      0.00       1.3775    0.0195      1.00      1.00      2.00     13.00      0.00      10.6500    0.1132      7.00     11.00     14.00     30.00      0.00
  1.6000   0.1800        5.6880    0.0686      4.00      5.00      7.00     28.00      0.00       1.4870    0.0208      1.00      1.00      2.00     10.00      0.00      10.4325    0.1105      7.00     11.00     14.00     30.00      0.00
  1.6000   0.1600        6.1435    0.0850      4.00      5.00      8.00     48.00      0.00       1.7710    0.0331      1.00      1.00      2.00     23.00      0.00       9.7645    0.1054      6.00     10.00     13.00     29.00      0.00
  1.6000   0.1400        7.3070    0.1072      4.00      6.00      9.00     53.00      0.00       2.3460    0.0621      1.00      2.00      3.00     45.00      0.00       9.4485    0.1023      6.00     10.00     13.00     25.00      0.00
  1.6000   0.1200        8.8660    0.1663      5.00      7.00     11.00    106.00      0.00       3.2255    0.1138      1.00      2.00      3.00    103.00      0.00       9.2245    0.1013      6.00     10.00     13.00     26.00      0.00
  1.6000   0.1000       10.8760    0.2104      5.00      8.00     13.00    126.00      0.00       4.6395    0.1532      1.00      2.00      5.00     95.00      0.00       8.9140    0.1007      5.00      9.00     12.00     24.00      0.00
  1.6000   0.0800       19.4165    0.4679      7.00     12.00     24.00    236.00      0.00      11.3315    0.3827      2.00      5.00     14.00    233.00      0.00       8.6420    0.1034      5.00      9.00     12.00     22.00      0.00
  1.6000   0.0600       31.5000    0.7291      9.00     21.00     42.00    350.00      0.00      22.6865    0.6090      3.00     12.00     32.00    232.00      0.00       7.6385    0.1087      3.00      8.00     12.00     22.00      0.00
  1.6000   0.0400       61.8250    1.4369     16.00     41.00     85.00    510.00      0.00      49.8005    1.2514      9.00     32.00     70.00    447.00      0.00       6.1700    0.1116      1.00      6.00     10.00     20.00      0.00
  1.6000   0.0200      120.0060    2.8040     31.00     80.00    166.00   1109.00      0.00     108.3855    2.5689     27.00     70.00    152.00    808.00      0.00       3.0535    0.0971      0.00      0.00      6.00     18.00      0.00
  1.4000   0.2000        6.1750    0.0747      4.00      6.00      8.00     36.00      0.00       1.3365    0.0163      1.00      1.00      1.00      9.00      0.00      12.5440    0.1280      9.00     13.00     16.00     39.00      0.00
  1.4000   0.1800        6.6520    0.0864      4.00      6.00      8.00     43.00      0.00       1.5095    0.0230      1.00      1.00      2.00     14.00      0.00      11.9675    0.1250      8.00     12.00     15.00     36.00      0.00
  1.4000   0.1600        7.3570    0.0958      4.00      7.00      9.00     54.00      0.00       1.7715    0.0410      1.00      1.00      2.00     51.00      0.00      11.3535    0.1177      8.00     12.00     15.00     32.00      0.00
  1.4000   0.1400        8.6000    0.1295      5.00      7.00     11.00     73.00      0.00       2.2390    0.0647      1.00      2.00      3.00     54.00      0.00      11.0480    0.1159      7.00     11.00     15.00     32.00      0.00
  1.4000   0.1200       10.2980    0.1646      6.00      9.00     13.00     93.00      0.00       3.0745    0.0938      1.00      2.00      3.00     56.00      0.00      10.7135    0.1137      7.00     11.00     14.00     28.00      0.00
  1.4000   0.1000       13.8750    0.2788      7.00     10.00     17.00    136.00      0.00       5.4220    0.1864      1.00      3.00      5.00    105.00      0.00      10.2895    0.1120      7.00     11.00     14.00     30.00      0.00
  1.4000   0.0800       20.3830    0.4495      8.00     14.00     25.00    168.00      0.00      10.0890    0.3312      2.00      4.00     12.00    168.00      0.00       9.6130    0.1143      6.00     10.00     13.00     26.00      0.00
  1.4000   0.0600       33.7055    0.7503     11.00     22.00     45.00    253.00      0.00      22.2930    0.6170      4.00     11.00     31.00    239.00      0.00       8.5865    0.1222      4.00      9.00     13.00     28.00      0.00
  1.4000   0.0400       63.7845    1.4847     18.00     42.00     88.00    639.00      0.00      47.8690    1.2081     10.00     30.00     69.00    445.00      0.00       6.9995    0.1315      0.00      7.00     12.00     34.00      0.00
  1.4000   0.0200      129.7125    2.9320     39.00     91.00    175.00    918.00      0.00     113.4015    2.6046     34.00     78.00    154.00    912.00      0.00       3.3765    0.1132      0.00      0.00      7.00     23.00      0.00
  1.2000   0.2000        7.4770    0.0941      5.00      7.00     10.00     46.00      0.00       1.3565    0.0250      1.00      1.00      1.00     37.00      0.00      14.9370    0.1602     10.00     14.00     19.00     52.00      0.00
  1.2000   0.1800        8.3155    0.1101      5.00      7.00     10.00     46.00      0.00       1.5500    0.0246      1.00      1.00      2.00     15.00      0.00      14.2845    0.1522     10.00     14.00     18.00     48.00      0.00
  1.2000   0.1600        9.1290    0.1305      5.00      8.00     12.00     50.00      0.00       1.7880    0.0382      1.00      1.00      2.00     23.00      0.00      13.4950    0.1405     10.00     13.00     17.00     45.00      0.00
  1.2000   0.1400       10.6210    0.1515      6.00      9.00     14.00     67.00      0.00       2.2300    0.0567      1.00      2.00      3.00     45.00      0.00      13.2060    0.1410      9.00     13.00     17.00     46.00      0.00
  1.2000   0.1200       12.6695    0.2023      7.00     11.00     16.00     77.00      0.00       3.1695    0.1035      1.00      2.00      3.00     62.00      0.00      12.3010    0.1339      8.00     12.00     16.00     42.00      0.00
  1.2000   0.1000       16.8705    0.3369      8.00     13.00     21.00    158.00      0.00       5.4455    0.2023      1.00      3.00      5.00     98.00      0.00      12.0670    0.1335      8.00     12.00     16.00     49.00      0.00
  1.2000   0.0800       24.7160    0.5339     10.00     17.00     31.00    246.00      0.00      11.0330    0.3725      2.00      5.00     13.00    239.00      0.00      11.5825    0.1368      8.00     12.00     15.00     32.00      0.00
  1.2000   0.0600       39.3370    0.9172     13.00     26.00     50.00    475.00      0.00      21.1240    0.6049      3.00     12.00     30.00    350.00      0.00      10.3200    0.1471      5.00     11.00     15.00     33.00      0.00
  1.2000   0.0400       73.3475    1.6964     20.00     47.00    101.00    551.00      0.00      50.7090    1.2697     10.00     31.00     73.00    504.00      0.00       7.9730    0.1532      1.00      8.00     13.00     40.00      0.00
  1.2000   0.0200      134.7095    2.9880     36.00     97.00    191.00   1203.00      0.00     110.9015    2.5049     28.00     77.00    160.00    773.00      0.00       4.0375    0.1373      0.00      0.00      8.00     36.00      0.00
  1.0000   0.2000        9.5545    0.1232      6.00      8.00     12.00     45.00      0.00       1.3180    0.0166      1.00      1.00      1.00     12.00      0.00      18.5755    0.2105     12.00     18.00     24.00     68.00      0.00
  1.0000   0.1800       10.7930    0.1475      6.00     10.00     14.00     57.00      0.00       1.5745    0.0293      1.00      1.00      2.00     23.00      0.00      17.9155    0.2113     12.00     17.00     23.00     67.00      0.00
  1.0000   0.1600       12.1570    0.1760      7.00     10.00     16.00     74.00      0.00       1.7495    0.0295      1.00      1.00      2.00     16.00      0.00      17.1185    0.2015     12.00     16.00     22.00     64.00      0.00
  1.0000   0.1400       14.1700    0.2331      7.00     12.00     18.00     93.00      0.00       2.3330    0.0667      1.00      2.00      3.00     55.00      0.00      16.3700    0.1902     11.00     16.00     21.00     65.00      0.00
  1.0000   0.1200       16.8235    0.2784      8.00     14.00     22.00    122.00      0.00       3.2830    0.1018      1.00      2.00      3.00     63.00      0.00      15.3120    0.1813     10.00     15.00     20.00     54.00      0.00
  1.0000   0.1000       20.9705    0.3699     10.00     17.00     26.00    169.00      0.00       5.2215    0.1742      1.00      3.00      5.00    110.00      0.00      14.6790    0.1775     10.00     14.00     19.00     53.00      0.00
  1.0000   0.0800       30.8675    0.6470     12.00     22.00     40.00    373.00      0.00      10.9830    0.3597      2.00      5.00     13.00    235.00      0.00      13.9800    0.1847      9.00     14.00     19.00     56.00      0.00
  1.0000   0.0600       46.8770    1.0109     16.00     32.00     62.00    492.00      0.00      22.9770    0.6880      3.00     12.00     31.00    337.00      0.00      12.4935    0.2046      5.00     13.00     18.00     62.00      0.00
  1.0000   0.0400       80.1575    1.7582     24.00     55.00    109.00    561.00      0.00      48.8160    1.2248      9.00     32.00     68.00    390.00      0.00       9.3140    0.1991      0.00      8.00     15.00     53.00      0.00
  1.0000   0.0200      142.3520    3.1728     40.00    101.00    196.00   1121.00      0.00     113.1415    2.6478     31.00     77.00    156.00   1121.00      0.00       4.5340    0.1703      0.00      0.00      8.00     56.00      0.00
  0.8000   0.2000       14.0000    0.2122      7.00     12.00     18.00     89.00      0.00       1.3430    0.0164      1.00      1.00      1.00      9.00      0.00      25.4670    0.3312     15.00     23.00     33.00     95.00      0.00
  0.8000   0.1800       15.6030    0.2257      8.00     13.00     20.00     90.00      0.00       1.5255    0.0252      1.00      1.00      2.00     16.00      0.00      24.9740    0.3174     15.00     22.00     32.00    102.00      0.00
  0.8000   0.1600       17.4500    0.2565      9.00     15.00     23.00     90.00      0.00       1.8215    0.0369      1.00      1.00      2.00     25.00      0.00      23.3415    0.3006     14.00     21.00     30.00    114.00      0.00
  0.8000   0.1400       20.7880    0.3215     11.00     18.00     27.00     98.00      0.00       2.2415    0.0598      1.00      2.00      3.00     37.00      0.00      22.7560    0.2923     14.00     21.00     30.00     96.00      0.00
  0.8000   0.1200       23.3460    0.4014     11.00     19.00     30.00    186.00      0.00       3.1160    0.1008      1.00      2.00      3.00     66.00      0.00      20.8155    0.2817     13.00     19.00     27.00     90.00      0.00
  0.8000   0.1000       30.3655    0.5403     14.00     24.00     40.00    192.00      0.00       5.2560    0.1735      1.00      3.00      6.00    112.00      0.00      19.7045    0.2723     12.00     18.00     26.00     85.00      0.00
  0.8000   0.0800       41.3290    0.8317     17.00     31.00     54.00    393.00      0.00      10.4125    0.3505      2.00      5.00     12.00    226.00      0.00      18.9770    0.2841     10.00     18.00     26.00     90.00      0.00
  0.8000   0.0600       60.2475    1.2120     22.00     45.00     83.00    582.00      0.00      21.4445    0.5809      4.00     12.00     30.00    231.00      0.00      16.6375    0.2852      6.00     15.00     24.00     82.00      0.00
  0.8000   0.0400      100.9790    2.2344     31.00     70.00    137.00    681.00      0.00      50.5740    1.2792     11.00     32.00     70.00    468.00      0.00      12.0410    0.2773      1.00     10.00     19.00     78.00      0.00
  0.8000   0.0200      155.4695    3.4357     45.00    109.00    211.00   1146.00      0.00     110.0455    2.5032     30.00     77.00    154.00    812.00      0.00       5.0550    0.2273      0.00      0.00      4.00     88.00      0.00
  0.6000   0.2000       24.3155    0.4115     12.00     20.00     32.00    140.00      0.00       1.3800    0.0203      1.00      1.00      2.00     19.00      0.00      41.1370    0.6616     21.00     35.00     55.00    237.00      0.00
  0.6000   0.1800       26.7430    0.4616     12.00     22.00     35.00    165.00      0.00       1.5995    0.0491      1.00      1.00      2.00     83.00      0.00      38.9000    0.6093     20.00     33.00     51.00    211.00      0.00
  0.6000   0.1600       29.9495    0.5393     13.00     23.00     39.00    282.00      0.00       1.8005    0.0379      1.00      1.00      2.00     28.00      0.00      36.0955    0.5713     18.00     30.00     48.00    215.00      0.00
  0.6000   0.1400       35.2875    0.6268     16.00     28.00     46.00    251.00      0.00       2.2165    0.0603      1.00      2.00      3.00     61.00      0.00      35.5755    0.5691     18.00     30.00     48.00    200.00      0.00
  0.6000   0.1200       42.8850    0.7798     18.00     33.00     58.00    279.00      0.00       3.3150    0.1096      1.00      2.00      3.00     93.00      0.00      32.7645    0.5448     16.00     27.00     44.00    184.00      0.00
  0.6000   0.1000       51.6880    0.9886     21.00     40.00     70.00    323.00      0.00       5.1360    0.1797      1.00      3.00      5.00     92.00      0.00      30.2310    0.5194     14.00     26.00     41.00    249.00      0.00
  0.6000   0.0800       65.7565    1.3777     25.00     47.00     86.00    600.00      0.00      10.1930    0.3380      2.00      4.00     12.00    222.00      0.00      27.2985    0.5318     10.00     22.00     38.00    166.00      0.00
  0.6000   0.0600       90.5055    1.8425     32.00     68.00    122.00    691.00      0.00      23.1540    0.6411      4.00     12.00     32.00    237.00      0.00      22.7540    0.5105      4.00     17.00     33.00    149.00      0.00
  0.6000   0.0400      128.0550    2.7189     39.00     93.00    182.00   1123.00      0.00      48.7380    1.2305      9.00     30.00     68.00    442.00      0.00      15.3895    0.4332      1.00      7.00     24.00    114.00      0.00
  0.6000   0.0200      172.8665    3.7946     51.00    121.00    245.00   1522.00      0.00     110.8600    2.5188     31.00     75.00    154.00    890.00      0.00       5.5185    0.2826      0.00      0.00      4.00    129.00      0.00
  0.4000   0.2000       58.0490    1.1526     23.00     44.00     77.00    506.00      0.00       1.3370    0.0159      1.00      1.00      2.00      8.00      0.00      86.3440    1.6635     35.00     66.00    116.00    748.00      0.00
  0.4000   0.1800       61.9165    1.2328     23.00     46.00     85.00    493.00      0.00       1.6405    0.0479      1.00      1.00      2.00     41.00      0.00      77.6805    1.5140     29.00     58.00    107.00    440.00      0.00
  0.4000   0.1600       68.9825    1.3681     26.00     50.00     96.00    568.00      0.00       1.7705    0.0350      1.00      1.00      2.00     35.00      0.00      71.4220    1.3926     26.00     54.00    100.00    505.00      0.00
  0.4000   0.1400       82.8430    1.6889     29.00     59.00    116.00    532.00      0.00       2.3730    0.0667      1.00      2.00      3.00     66.00      0.00      67.3145    1.3538     25.00     50.00     92.00    440.00      0.00
  0.4000   0.1200       94.1575    1.9501     34.00     67.00    130.00    677.00      0.00       3.1695    0.1008      1.00      2.00      3.00     67.00      0.00      59.0845    1.2304     20.00     44.00     82.00    420.00      0.00
  0.4000   0.1000      108.6395    2.3755     35.00     77.00    149.00    845.00      0.00       5.2790    0.1827      1.00      3.00      5.00     94.00      0.00      50.9125    1.1230     15.00     37.00     69.00    363.00      0.00
  0.4000   0.0800      127.1995    2.6843     40.00     92.00    178.00   1100.00      0.00      10.5550    0.3302      2.00      4.00     13.00    120.00      0.00      41.3480    0.9743     10.00     29.00     57.00    358.00      0.00
  0.4000   0.0600      148.0985    3.2185     45.00    106.00    207.00   1390.00      0.00      21.7350    0.6147      3.00     11.00     30.00    210.00      0.00      30.1195    0.7938      4.00     18.00     44.00    262.00      0.00
  0.4000   0.0400      176.9320    3.8350     53.00    125.00    244.00   1401.00      0.00      48.3550    1.2094     10.00     30.00     67.00    411.00      0.00      16.6240    0.5910      1.00      5.00     21.00    249.00      0.00
  0.4000   0.0200      192.9385    4.2288     57.00    134.00    264.00   1435.00      0.00     112.1900    2.5515     31.00     77.00    160.00   1047.00      0.00       4.8045    0.2838      0.00      0.00      3.00    119.00      0.00
  0.2000   0.2000      151.5160    3.2728     47.00    111.00    208.00   1164.00      0.00       1.3335    0.0157      1.00      1.00      2.00      7.00      0.00     175.9825    3.8790     52.00    127.00    240.00   1583.00      0.00
  0.2000   0.1800      152.3550    3.2360     48.00    108.00    215.00   1019.00      0.00       1.5775    0.0291      1.00      1.00      2.00     24.00      0.00     149.3795    3.3205     45.00    101.00    214.00   1051.00      0.00
  0.2000   0.1600      165.8000    3.8893     48.00    116.00    225.00   2000.00      0.00       1.7440    0.0318      1.00      1.00      2.00     17.00      0.00     130.3585    3.1744     36.00     91.00    174.00   1763.00      0.00
  0.2000   0.1400      168.8150    3.7186     50.00    120.00    231.00   1508.00      0.00       2.3725    0.0671      1.00      2.00      3.00     46.00      0.00     103.1975    2.3476     27.00     68.00    144.00    748.00      0.00
  0.2000   0.1200      178.9170    4.0922     53.00    123.00    240.00   1533.00      0.00       3.0965    0.1074      1.00      2.00      3.00    108.00      0.00      82.4840    1.9564     21.00     55.00    112.00    760.00      0.00
  0.2000   0.1000      177.5290    3.8665     50.00    126.00    246.00   1116.00      0.00       5.3255    0.1807      1.00      3.00      5.00    124.00      0.00      59.5690    1.4038     14.00     40.00     86.00    467.00      0.00
  0.2000   0.0800      183.3470    3.9795     55.00    133.00    257.00   1229.00      0.00      10.5400    0.3585      2.00      4.00     12.00    209.00      0.00      39.4520    0.9535      9.00     25.00     56.00    277.00      0.00
  0.2000   0.0600      190.9810    4.1895     57.00    135.00    265.00   1368.00      0.00      23.4510    0.6814      4.00     12.00     31.00    299.00      0.00      24.2395    0.6696      3.00     13.00     35.00    252.00      0.00
  0.2000   0.0400      189.8590    4.2767     53.00    133.00    263.00   1484.00      0.00      48.4375    1.2495     10.00     29.00     68.00    582.00      0.00      11.2195    0.3722      0.00      5.00     15.00    119.00      0.00
  0.2000   0.0200      208.1205    4.5760     59.00    143.00    293.00   1514.00      0.00     117.5155    2.6700     32.00     79.00    165.00    840.00      0.00       3.1945    0.1625      0.00      0.00      3.00     79.00      0.00
