Amp Radius  OC_Mean OC_Std OC_Q1 OC_Med OC_Q3 OC_Max OC_Min  Exp_Mean Exp_Std Exp_Q1 Exp_Med Exp_Q3 Exp_Max Exp_Min  Num_Mean Num_Std Num_Q1 Num_Med Num_Q3 Num_Max Num_Min
  2.0000   0.2000        5.9535    0.1149      2.00      4.00      8.00     46.00      0.00       3.8215    0.0926      1.00      2.00      5.00     38.00      0.00       9.1210    0.0800      7.00     10.00     11.00     22.00      0.00
  2.0000   0.1800        6.7650    0.1375      3.00      5.00      9.00     48.00      0.00       4.2945    0.1024      1.00      2.00      6.00     34.00      0.00       8.9670    0.0790      7.00     10.00     11.00     21.00      0.00
  2.0000   0.1600        7.7580    0.1585      3.00      5.00     10.00     75.00      0.00       5.1370    0.1238      1.00      3.00      7.00     48.00      0.00       8.5020    0.0805      6.00     10.00     11.00     21.00      0.00
  2.0000   0.1400        9.7715    0.2002      4.00      7.00     13.00    106.00      0.00       6.7190    0.1611      2.00      4.00      9.00     69.00      0.00       8.4300    0.0782      6.00     10.00     11.00     20.00      0.00
  2.0000   0.1200       11.9435    0.2700      4.00      8.00     16.00    127.00      0.00       8.4860    0.2180      2.00      5.00     12.00    121.00      0.00       8.4420    0.0817      6.00     10.00     11.00     22.00      0.00
  2.0000   0.1000       16.9365    0.3699      6.00     12.00     23.00    131.00      0.00      12.5745    0.3036      3.00      9.00     17.00    129.00      0.00       7.8015    0.0836      6.00      9.00     10.00     21.00      0.00
  2.0000   0.0800       24.4955    0.5621      7.00     18.00     32.00    239.00      0.00      19.1355    0.4886      5.00     13.00     26.00    238.00      0.00       7.4660    0.0889      6.00      9.00     10.00     21.00      0.00
  2.0000   0.0600       41.4610    0.9568     12.00     29.00     56.00    450.00      0.00      35.1030    0.8452      9.00     24.00     48.00    449.00      0.00       6.4640    0.0952      2.00      7.00     10.00     18.00      0.00
  2.0000   0.0400       78.3015    1.8666     21.00     51.00    106.00    732.00      0.00      68.7690    1.6379     17.00     44.00     98.00    598.00      0.00       4.8240    0.0986      0.00      5.00      9.00     17.00      0.00
  2.0000   0.0200      144.1185    3.2600     40.00     97.00    198.00   1047.00      0.00     137.7870    3.1414     37.00     93.00    193.00   1047.00      0.00       2.1595    0.0789      0.00      0.00      5.00     17.00      0.00
  1.8000   0.2000        6.2360    0.1255      2.00      4.00      8.00     56.00      0.00       3.7285    0.0941      1.00      2.00      5.00     38.00      0.00       9.7290    0.0854      8.00     10.00     12.00     28.00      0.00
  1.8000   0.1800        7.2060    0.1468      3.00      5.00     10.00     71.00      0.00       4.3595    0.1056      1.00      2.00      6.00     35.00      0.00       9.4775    0.0829      7.00     10.00     11.00     25.00      0.00
  1.8000   0.1600        8.4820    0.1752      3.00      6.00     12.00     81.00      0.00       5.2840    0.1259      1.00      3.00      7.00     55.00      0.00       9.1425    0.0846      7.00     10.00     11.00     24.00      0.00
  1.8000   0.1400       10.7780    0.2337      4.00      7.00     14.00    111.00      0.00       6.8055    0.1720      1.00      4.00      9.00    110.00      0.00       9.0690    0.0850      7.00     10.00     11.00     23.00      0.00
  1.8000   0.1200       13.1515    0.2647      5.00     10.00     18.00     98.00      0.00       8.6210    0.1927      2.00      6.00     13.00     76.00      0.00       8.8470    0.0838      7.00     10.00     11.00     23.00      0.00
  1.8000   0.1000       17.9225    0.4108      5.00     12.00     24.00    144.00      0.00      11.9775    0.3039      3.00      8.00     16.00    137.00      0.00       8.5425    0.0838      6.00     10.00     11.00     24.00      0.00
  1.8000   0.0800       26.2360    0.5958      7.00     18.00     35.00    289.00      0.00      19.0770    0.4674      5.00     13.00     26.00    235.00      0.00       7.8730    0.0940      6.00      9.00     10.00     22.00      0.00
  1.8000   0.0600       44.4565    1.0338     13.00     30.00     61.00    629.00      0.00      35.4595    0.8516      9.00     24.00     49.00    335.00      0.00       6.9915    0.1013      3.00      8.00     10.00     22.00      0.00
  1.8000   0.0400       81.9255    1.9595     23.00     58.00    112.00   1411.00      0.00      71.3420    1.7456     20.00     50.00     98.00   1408.00      0.00       5.0910    0.1089      0.00      6.00      9.00     24.00      0.00
  1.8000   0.0200      138.9325    2.9877     42.00     99.00    196.00    921.00      0.00     130.2385    2.7953     39.00     92.00    183.00    828.00      0.00       2.1760    0.0851      0.00      0.00      4.00     22.00      0.00
  1.6000   0.2000        6.9455    0.1423      3.00      5.00      9.00     51.00      0.00       3.7740    0.0940      1.00      2.00      5.00     37.00      0.00      10.4420    0.0944      8.00     10.00     13.00     30.00      0.00
  1.6000   0.1800        8.4490    0.1829      3.00      6.00     11.00    111.00      0.00       4.5115    0.1070      1.00      3.00      6.00     35.00      0.00      10.4305    0.0959      8.00     11.00     12.00     30.00      0.00
  1.6000   0.1600        9.5025    0.2012      3.00      6.00     13.00     86.00      0.00       5.3235    0.1273      1.00      3.00      7.00     43.00      0.00       9.9950    0.0926      8.00     10.00     12.00     29.00      0.00
  1.6000   0.1400       11.5285    0.2445      4.00      8.00     16.00     94.00      0.00       6.7390    0.1605      1.00      4.00     10.00     81.00      0.00       9.7005    0.0921      7.00     10.00     12.00     30.00      0.00
  1.6000   0.1200       14.2825    0.3052      4.00     10.00     20.00    115.00      0.00       8.3830    0.1938      2.00      6.00     12.00     79.00      0.00       9.4620    0.0989      7.00     10.00     12.00     32.00      0.00
  1.6000   0.1000       19.2175    0.4366      6.00     13.00     25.00    162.00      0.00      11.7140    0.2877      3.00      8.00     17.00    156.00      0.00       9.3315    0.0969      7.00     10.00     11.00     29.00      0.00
  1.6000   0.0800       28.1360    0.6722      8.00     19.00     37.00    302.00      0.00      19.0740    0.4606      4.00     13.00     26.00    192.00      0.00       8.6335    0.1074      6.00     10.00     11.00     27.00      0.00
  1.6000   0.0600       47.9950    1.0802     13.00     33.00     66.00    387.00      0.00      34.9880    0.8276      9.00     25.00     47.00    319.00      0.00       7.4245    0.1107      3.00      8.00     11.00     23.00      0.00
  1.6000   0.0400       87.6185    2.0385     24.00     60.00    120.00    664.00      0.00      72.0270    1.6584     20.00     50.00    100.00    563.00      0.00       5.3830    0.1186      0.00      6.00     10.00     24.00      0.00
  1.6000   0.0200      137.8990    3.1590     41.00     92.00    192.00   1255.00      0.00     127.7810    2.9782     37.00     84.00    178.00   1253.00      0.00       2.5440    0.0974      0.00      0.00      5.00     26.00      0.00
  1.4000   0.2000        8.1010    0.1718      3.00      6.00     10.00     61.00      0.00       3.7595    0.0979      1.00      2.00      5.00     52.00      0.00      11.8095    0.1150      9.00     11.00     15.00     32.00      0.00
  1.4000   0.1800        9.4165    0.1921      4.00      7.00     13.00     70.00      0.00       4.5350    0.1088      1.00      3.00      6.00     33.00      0.00      11.5090    0.1150      9.00     11.00     14.00     35.00      0.00
  1.4000   0.1600       11.0200    0.2466      4.00      8.00     14.00    168.00      0.00       5.2875    0.1267      1.00      3.00      7.00     52.00      0.00      11.3800    0.1160      9.00     11.00     14.00     34.00      0.00
  1.4000   0.1400       13.0365    0.2836      4.00      9.00     17.00    111.00      0.00       6.5535    0.1516      1.00      4.00      9.00     54.00      0.00      11.0015    0.1138      8.00     11.00     14.00     34.00      0.00
  1.4000   0.1200       16.9140    0.3801      6.00     12.00     22.00    156.00      0.00       8.7705    0.2133      2.00      6.00     12.00     97.00      0.00      10.5110    0.1182      8.00     11.00     13.00     35.00      0.00
  1.4000   0.1000       21.9040    0.4926      7.00     15.00     29.00    202.00      0.00      12.2915    0.3028      3.00      8.00     17.00    164.00      0.00      10.1145    0.1176      7.00     10.00     13.00     31.00      0.00
  1.4000   0.0800       31.0020    0.7122      9.00     21.00     41.00    221.00      0.00      18.1910    0.4287      4.00     13.00     26.00    156.00      0.00       9.7165    0.1255      7.00     10.00     13.00     33.00      0.00
  1.4000   0.0600       52.2350    1.1748     15.00     36.00     72.00    489.00      0.00      35.6705    0.8535      9.00     25.00     49.00    349.00      0.00       8.3155    0.1370      1.00      9.00     12.00     31.00      0.00
  1.4000   0.0400       89.0940    1.9968     24.00     59.00    131.00    726.00      0.00      69.8260    1.6458     18.00     44.00    100.00    726.00      0.00       6.1690    0.1373      0.00      6.00     11.00     27.00      0.00
  1.4000   0.0200      156.0375    3.4271     45.00    111.00    214.00   1411.00      0.00     141.6440    3.1206     40.00    102.00    195.00    992.00      0.00       2.5275    0.1050      0.00      0.00      2.00     28.00      0.00
  1.2000   0.2000        9.1505    0.1914      3.00      6.00     12.00     77.00      0.00       3.6720    0.0931      1.00      2.00      5.00     33.00      0.00      13.7795    0.1408     10.00     13.00     18.00     42.00      0.00
  1.2000   0.1800       10.7310    0.2213      4.00      7.00     14.00     96.00      0.00       4.4695    0.1113      1.00      2.00      6.00     46.00      0.00      13.3810    0.1375     10.00     12.00     17.00     39.00      0.00
  1.2000   0.1600       12.9195    0.2786      5.00      9.00     17.00    110.00      0.00       5.3350    0.1337      1.00      3.00      7.00     98.00      0.00      13.2915    0.1453     10.00     12.00     17.00     45.00      0.00
  1.2000   0.1400       15.2445    0.3295      5.00     11.00     20.00    152.00      0.00       6.4810    0.1529      1.00      4.00      9.00     52.00      0.00      12.8985    0.1476      9.00     12.00     17.00     36.00      0.00
  1.2000   0.1200       19.0125    0.4266      6.00     13.00     26.00    201.00      0.00       8.5505    0.2166      2.00      5.00     12.00    103.00      0.00      12.6205    0.1502      9.00     12.00     17.00     45.00      0.00
  1.2000   0.1000       26.6455    0.5875      8.00     18.00     36.00    191.00      0.00      12.4510    0.3022      3.00      8.00     17.00    144.00      0.00      11.8880    0.1527      8.00     11.00     16.00     41.00      0.00
  1.2000   0.0800       38.3685    0.9150     11.00     26.00     52.00    412.00      0.00      18.8535    0.4720      5.00     13.00     26.00    250.00      0.00      11.3505    0.1590      7.00     11.00     16.00     37.00      0.00
  1.2000   0.0600       56.7355    1.2686     16.00     40.00     78.00    543.00      0.00      34.3835    0.8041      9.00     24.00     47.00    320.00      0.00       9.6455    0.1664      2.00     10.00     15.00     40.00      0.00
  1.2000   0.0400       95.1850    2.1314     27.00     65.00    130.00    730.00      0.00      69.1630    1.6059     18.00     47.00     97.00    519.00      0.00       6.8170    0.1638      0.00      5.00     12.00     38.00      0.00
  1.2000   0.0200      152.3110    3.6073     42.00    101.00    213.00   1639.00      0.00     133.6240    3.1739     36.00     90.00    185.00   1639.00      0.00       3.0265    0.1304      0.00      0.00      2.00     29.00      0.00
  1.0000   0.2000       11.2415    0.2267      5.00      8.00     14.00     84.00      0.00       3.8035    0.0909      1.00      2.00      5.00     28.00      0.00      17.2380    0.1972     11.00     16.00     22.00     63.00      0.00
  1.0000   0.1800       13.3990    0.2805      5.00     10.00     17.00    135.00      0.00       4.4015    0.1067      1.00      2.00      6.00     39.00      0.00      16.8580    0.1980     11.00     16.00     22.00     65.00      0.00
  1.0000   0.1600       15.5735    0.3325      6.00     11.00     21.00    122.00      0.00       5.3005    0.1298      1.00      3.00      7.00     72.00      0.00      16.0705    0.1895     10.00     15.00     21.00     58.00      0.00
  1.0000   0.1400       18.8905    0.4129      6.00     13.00     25.00    152.00      0.00       6.5870    0.1528      1.00      4.00     10.00     62.00      0.00      16.3555    0.1965     11.00     15.00     22.00     68.00      0.00
  1.0000   0.1200       23.3650    0.5266      8.00     16.00     32.00    245.00      0.00       8.6170    0.1984      2.00      6.00     12.00     88.00      0.00      15.4785    0.1915     10.00     15.00     21.00     52.00      0.00
  1.0000   0.1000       31.8670    0.7306     10.00     21.00     43.00    280.00      0.00      11.9810    0.2875      3.00      8.00     17.00    135.00      0.00      15.0625    0.2026     10.00     15.00     21.00     57.00      0.00
  1.0000   0.0800       44.6355    0.9998     13.00     30.00     62.00    340.00      0.00      19.1445    0.4694      5.00     13.00     26.00    188.00      0.00      13.5620    0.2170      6.00     13.00     20.00     56.00      0.00
  1.0000   0.0600       63.6775    1.4249     19.00     45.00     86.00    582.00      0.00      33.6360    0.8055      8.00     24.00     46.00    384.00      0.00      11.5480    0.2188      1.00     11.00     18.00     52.00      0.00
  1.0000   0.0400      104.1680    2.3177     30.00     73.00    145.00    752.00      0.00      69.0875    1.5848     18.00     48.00     97.00    522.00      0.00       8.0565    0.2108      0.00      3.00     15.00     53.00      0.00
  1.0000   0.0200      153.5290    3.5467     41.00     99.00    211.00   1231.00      0.00     130.9505    3.0366     36.00     86.00    180.00   1193.00      0.00       3.2355    0.1550      0.00      0.00      1.00     45.00      0.00
  0.8000   0.2000       14.7680    0.3214      6.00     10.00     19.00    195.00      0.00       3.7130    0.0921      1.00      2.00      5.00     32.00      0.00      23.4570    0.2937     14.00     22.00     31.00     95.00      0.00
  0.8000   0.1800       16.7785    0.3627      6.00     12.00     22.00    147.00      0.00       4.4535    0.1084      1.00      3.00      6.00     41.00      0.00      22.7380    0.2827     14.00     22.00     30.00     76.00      0.00
  0.8000   0.1600       19.6305    0.4218      7.00     13.00     26.00    147.00      0.00       5.1955    0.1225      1.00      3.00      7.00     58.00      0.00      22.0385    0.2850     13.00     21.00     30.00     80.00      0.00
  0.8000   0.1400       24.0305    0.5318      8.00     17.00     32.00    255.00      0.00       6.6490    0.1697      1.00      4.00      9.00    107.00      0.00      21.6915    0.2996     12.00     20.00     30.00     76.00      0.00
  0.8000   0.1200       30.9930    0.6691     10.00     22.00     42.00    302.00      0.00       8.6180    0.1965      2.00      6.00     12.00     72.00      0.00      20.5640    0.2964     11.00     20.00     28.00     86.00      0.00
  0.8000   0.1000       39.2905    0.9001     12.00     26.00     52.00    421.00      0.00      12.4150    0.3049      3.00      8.00     17.00    152.00      0.00      19.2650    0.3034     10.00     18.00     28.00     86.00      0.00
  0.8000   0.0800       54.7310    1.2261     16.00     38.00     75.00    535.00      0.00      19.0135    0.4356      5.00     14.00     26.00    182.00      0.00      17.7950    0.3129      6.00     16.00     27.00     75.00      0.00
  0.8000   0.0600       77.5325    1.6974     22.00     53.00    109.00    590.00      0.00      34.4725    0.8339      8.00     23.00     47.00    315.00      0.00      14.7285    0.3129      1.00     13.00     24.00     81.00      0.00
  0.8000   0.0400      115.2340    2.4975     35.00     80.00    163.00    876.00      0.00      68.5495    1.5560     18.00     46.00     96.00    716.00      0.00      10.3440    0.2939      0.00      3.00     19.00     81.00      0.00
  0.8000   0.0200      165.0560    3.6264     46.00    115.00    230.00   1096.00      0.00     133.3790    3.0267     37.00     93.00    179.00    973.00      0.00       3.9040    0.2113      0.00      0.00      1.00     64.00      0.00
  0.6000   0.2000       20.7395    0.4398      8.00     15.00     27.00    186.00      0.00       3.8380    0.0935      1.00      2.00      5.00     33.00      0.00      35.2865    0.4903     20.00     32.00     48.00    117.00      0.00
  0.6000   0.1800       23.5500    0.4849      9.00     17.00     31.00    177.00      0.00       4.5515    0.1108      1.00      2.00      6.00     35.00      0.00      33.9875    0.4789     19.00     32.00     46.00    133.00      0.00
  0.6000   0.1600       27.9235    0.6088     10.00     19.00     37.00    306.00      0.00       5.4015    0.1310      1.00      3.00      8.00     56.00      0.00      32.6665    0.4884     17.00     30.00     46.00    147.00      0.00
  0.6000   0.1400       33.5475    0.7408     11.00     23.00     45.00    284.00      0.00       6.6105    0.1559      2.00      4.00      9.00     53.00      0.00      31.5690    0.4989     16.00     29.00     43.00    155.00      0.00
  0.6000   0.1200       40.5625    0.8702     14.00     30.00     52.00    325.00      0.00       8.6320    0.1953      2.00      6.00     12.00     81.00      0.00      30.6185    0.4846     14.00     29.00     44.00    132.00      0.00
  0.6000   0.1000       50.9370    1.1102     16.00     36.00     70.00    497.00      0.00      11.5040    0.2734      3.00      8.00     16.00    143.00      0.00      28.1205    0.5018      9.00     26.00     41.00    135.00      0.00
  0.6000   0.0800       67.6010    1.4365     22.00     48.00     92.00    497.00      0.00      19.3195    0.4576      5.00     14.00     26.00    177.00      0.00      24.2790    0.4875      4.00     20.00     37.00    146.00      0.00
  0.6000   0.0600       99.2365    2.2096     29.00     67.00    135.00    683.00      0.00      35.6080    0.8905      9.00     23.00     48.00    404.00      0.00      20.0335    0.4922      1.00     11.00     34.00    123.00      0.00
  0.6000   0.0400      124.8365    2.8348     34.00     87.00    173.00    938.00      0.00      63.7115    1.4683     17.00     41.00     89.00    462.00      0.00      12.6855    0.4440      0.00      2.00     20.00    183.00      0.00
  0.6000   0.0200      168.4475    3.8507     48.00    113.00    230.00   1699.00      0.00     129.7535    2.9725     36.00     90.00    180.00    943.00      0.00       4.0500    0.2645      0.00      0.00      1.00     98.00      0.00
  0.4000   0.2000       33.6220    0.6534     13.00     25.00     46.00    237.00      0.00       3.7275    0.0899      1.00      2.00      5.00     32.00      0.00      63.5110    1.0415     30.00     56.00     87.00    355.00      0.00
  0.4000   0.1800       37.4850    0.7440     14.00     28.00     51.00    277.00      0.00       4.1930    0.0986      1.00      2.00      6.00     33.00      0.00      60.7805    1.0415     26.00     53.00     85.00    395.00      0.00
  0.4000   0.1600       45.9925    0.9190     17.00     34.00     62.00    328.00      0.00       5.3945    0.1283      1.00      3.00      8.00     69.00      0.00      60.1895    1.0710     24.00     51.00     85.00    296.00      0.00
  0.4000   0.1400       54.3480    1.1398     19.00     40.00     73.00    552.00      0.00       6.2505    0.1449      1.00      4.00      9.00     67.00      0.00      59.2600    1.0923     22.00     50.00     84.00    335.00      0.00
  0.4000   0.1200       64.4585    1.4222     21.00     45.00     86.00    508.00      0.00       8.6400    0.2070      2.00      6.00     12.00    100.00      0.00      51.8130    1.0486     12.00     42.00     78.00    322.00      0.00
  0.4000   0.1000       80.4285    1.7653     26.00     56.00    110.00    636.00      0.00      12.5305    0.3120      3.00      9.00     17.00    147.00      0.00      45.8960    1.0117      6.00     34.00     71.00    297.00      0.00
  0.4000   0.0800      102.7415    2.1760     34.00     73.00    141.00    915.00      0.00      18.9245    0.4461      5.00     13.00     26.00    163.00      0.00      40.4425    1.0206      4.00     25.00     63.00    318.00      0.00
  0.4000   0.0600      124.7965    2.7114     36.00     88.00    176.00    920.00      0.00      34.7945    0.8321      9.00     24.00     47.00    353.00      0.00      29.5290    0.9192      1.00      9.00     46.00    275.00      0.00
  0.4000   0.0400      153.6240    3.5224     43.00    108.00    210.00   1264.00      0.00      69.5345    1.6397     18.00     47.00     97.00    522.00      0.00      16.0975    0.7397      0.00      1.00     12.00    277.00      0.00
  0.4000   0.0200      187.4250    4.0979     54.00    129.00    266.00   1265.00      0.00     134.5550    3.0141     39.00     92.00    187.00   1097.00      0.00       4.9625    0.4009      0.00      0.00      1.00    218.00      0.00
  0.2000   0.2000       98.4720    2.0996     33.00     71.00    134.00    845.00      0.00       3.8990    0.0997      1.00      2.00      5.00     39.00      0.00     163.5760    3.7569     43.00    113.00    229.00   1380.00      0.00
  0.2000   0.1800      104.0330    2.3059     33.00     73.00    139.00    774.00      0.00       4.3285    0.1020      1.00      2.00      6.00     37.00      0.00     150.6235    3.5987     35.00    104.00    209.00   1270.00      0.00
  0.2000   0.1600      114.7135    2.4653     38.00     81.00    156.00    905.00      0.00       5.2110    0.1238      1.00      3.00      7.00     40.00      0.00     133.5530    3.2970     27.00     88.00    185.00   1009.00      0.00
  0.2000   0.1400      125.7825    2.8928     39.00     87.00    168.00   1183.00      0.00       6.7900    0.1616      2.00      4.00      9.00     54.00      0.00     116.9520    3.0447     16.00     71.00    169.00    875.00      0.00
  0.2000   0.1200      140.0875    2.9918     43.00    103.00    194.00   1173.00      0.00       8.2755    0.1910      2.00      5.00     12.00     60.00      0.00     101.6905    2.8990     12.00     53.00    145.00    987.00      0.00
  0.2000   0.1000      151.3450    3.4125     45.00    107.00    205.00   1209.00      0.00      12.0890    0.2917      3.00      8.00     17.00    123.00      0.00      80.9295    2.4724      6.00     37.00    115.00    890.00      0.00
  0.2000   0.0800      160.6740    3.6427     47.00    110.00    220.00   1420.00      0.00      18.8115    0.4574      5.00     13.00     25.00    203.00      0.00      55.9970    1.9925      3.00     19.00     69.00    799.00      0.00
  0.2000   0.0600      176.0240    3.8347     51.00    128.00    245.00   1370.00      0.00      34.0265    0.8051      9.00     23.00     48.00    358.00      0.00      34.1120    1.4840      1.00      6.00     35.00    714.00      0.00
  0.2000   0.0400      187.2995    4.1049     56.00    133.00    260.00   1252.00      0.00      71.0630    1.6016     19.00     50.00    101.00    542.00      0.00      15.9465    0.9012      0.00      2.00      9.00    396.00      0.00
  0.2000   0.0200      198.5980    4.3637     59.00    138.00    282.00   1392.00      0.00     134.8155    3.0561     37.00     94.00    183.00    963.00      0.00       4.0820    0.4037      0.00      0.00      1.00    312.00      0.00
