Amp Radius  OC_Mean OC_Std OC_Q1 OC_Med OC_Q3 OC_Max OC_Min  Exp_Mean Exp_Std Exp_Q1 Exp_Med Exp_Q3 Exp_Max Exp_Min  Num_Mean Num_Std Num_Q1 Num_Med Num_Q3 Num_Max Num_Min
  2.0000   0.2000        3.8685    0.0461      2.00      3.00      5.00     18.00      0.00       1.4945    0.0204      1.00      1.00      2.00      9.00      0.00       9.7965    0.0926      7.00     10.00     13.00     27.00      0.00
  2.0000   0.1800        4.2160    0.0519      3.00      4.00      5.00     17.00      0.00       1.6890    0.0245      1.00      1.00      2.00      8.00      0.00       9.3955    0.0930      6.00     10.00     12.00     22.00      0.00
  2.0000   0.1600        4.6915    0.0623      3.00      4.00      6.00     26.00      0.00       1.9210    0.0304      1.00      1.00      2.00     15.00      0.00       8.9820    0.0930      6.00     10.00     12.00     23.00      0.00
  2.0000   0.1400        5.3010    0.0701      3.00      5.00      7.00     24.00      0.00       2.2390    0.0370      1.00      2.00      3.00     19.00      0.00       8.9295    0.0916      6.00     10.00     12.00     21.00      0.00
  2.0000   0.1200        6.3210    0.0911      3.00      5.00      8.00     46.00      0.00       2.7395    0.0504      1.00      2.00      4.00     36.00      0.00       8.7795    0.0899      6.00     10.00     12.00     24.00      0.00
  2.0000   0.1000        7.8690    0.1220      4.00      7.00     10.00     66.00      0.00       3.7805    0.0733      2.00      3.00      5.00     38.00      0.00       8.3245    0.0892      6.00      9.00     11.00     19.00      0.00
  2.0000   0.0800       10.9580    0.2184      5.00      8.00     14.00    139.00      0.00       6.1120    0.1689      2.00      4.00      8.00    127.00      0.00       8.1370    0.0874      6.00      9.00     11.00     18.00      0.00
  2.0000   0.0600       17.5470    0.3611      7.00     13.00     23.00    135.00      0.00      11.8630    0.3090      3.00      7.00     15.00    134.00      0.00       7.5285    0.0890      4.00      8.00     11.00     17.00      0.00
  2.0000   0.0400       39.8045    0.9155     11.00     26.00     55.00    347.00      0.00      32.8790    0.8352      7.00     20.00     46.00    290.00      0.00       6.3725    0.0958      2.00      7.00     10.00     17.00      0.00
  2.0000   0.0200      104.2855    2.4970     29.00     68.00    142.00   1408.00      0.00      95.5870    2.3112     25.00     61.00    131.00    899.00      0.00       3.3405    0.0875      0.00      1.00      7.00     18.00      0.00
  1.8000   0.2000        4.3455    0.0518      3.00      4.00      6.00     20.00      0.00       1.5035    0.0202      1.00      1.00      2.00      8.00      0.00      10.7275    0.0987      8.00     11.00     14.00     28.00      0.00
  1.8000   0.1800        4.6140    0.0571      3.00      4.00      6.00     22.00      0.00       1.6600    0.0238      1.00      1.00      2.00     11.00      0.00      10.0995    0.0975      7.00     11.00     13.00     26.00      0.00
  1.8000   0.1600        5.2650    0.0715      3.00      5.00      7.00     30.00      0.00       1.8920    0.0296      1.00      1.00      2.00     12.00      0.00       9.9205    0.0954      7.00     11.00     13.00     24.00      0.00
  1.8000   0.1400        6.1120    0.0841      3.00      5.00      8.00     29.00      0.00       2.2055    0.0358      1.00      2.00      3.00     16.00      0.00       9.9195    0.0910      7.00     11.00     13.00     28.00      0.00
  1.8000   0.1200        7.2110    0.1041      4.00      6.00      9.00     53.00      0.00       2.8940    0.0529      1.00      2.00      4.00     33.00      0.00       9.4260    0.0893      7.00     10.00     12.00     24.00      0.00
  1.8000   0.1000        8.7590    0.1359      5.00      7.00     11.00     61.00      0.00       3.8160    0.0725      1.00      3.00      5.00     27.00      0.00       9.1410    0.0905      6.00     10.00     12.00     22.00      0.00
  1.8000   0.0800       11.9350    0.2361      5.00     10.00     15.00    171.00      0.00       5.6335    0.1375      2.00      4.00      7.00     95.00      0.00       8.7505    0.0896      6.00     10.00     12.00     22.00      0.00
  1.8000   0.0600       19.5755    0.4170      8.00     14.00     24.00    192.00      0.00      12.1095    0.3284      3.00      7.00     15.00    187.00      0.00       8.1325    0.0934      6.00      9.00     11.00     22.00      0.00
  1.8000   0.0400       41.4725    0.9606     12.00     27.00     57.00    336.00      0.00      31.5895    0.8111      7.00     18.00     45.00    272.00      0.00       6.7765    0.1013      2.00      8.00     11.00     17.00      0.00
  1.8000   0.0200      111.1590    2.6352     30.00     74.00    152.00   1052.00      0.00      98.8530    2.3604     26.00     65.00    134.00   1052.00      0.00       3.4160    0.0937      0.00      1.00      7.00     19.00      0.00
  1.6000   0.2000        4.8190    0.0593      3.00      4.00      6.00     20.00      0.00       1.5125    0.0208      1.00      1.00      2.00     11.00      0.00      11.3650    0.1044      9.00     12.00     14.00     29.00      0.00
  1.6000   0.1800        5.4895    0.0702      3.00      5.00      7.00     25.00      0.00       1.6600    0.0236      1.00      1.00      2.00      9.00      0.00      11.6130    0.1041      9.00     12.00     14.00     34.00      0.00
  1.6000   0.1600        5.9605    0.0819      3.00      5.00      8.00     31.00      0.00       1.8565    0.0291      1.00      1.00      2.00     11.00      0.00      10.8855    0.1024      8.00     11.00     14.00     32.00      0.00
  1.6000   0.1400        6.9040    0.0917      4.00      6.00      9.00     31.00      0.00       2.3590    0.0389      1.00      2.00      3.00     18.00      0.00      10.5075    0.1001      8.00     11.00     13.00     31.00      0.00
  1.6000   0.1200        8.2630    0.1237      4.00      7.00     11.00     45.00      0.00       2.8760    0.0549      1.00      2.00      4.00     36.00      0.00      10.4350    0.0969      8.00     11.00     13.00     28.00      0.00
  1.6000   0.1000       10.1725    0.1780      5.00      8.00     13.00    102.00      0.00       3.8210    0.0853      1.00      3.00      5.00     40.00      0.00       9.9260    0.0965      7.00     11.00     13.00     29.00      0.00
  1.6000   0.0800       14.3245    0.2661      7.00     11.00     18.00    154.00      0.00       5.9620    0.1563      2.00      4.00      7.00    141.00      0.00       9.7305    0.0924      7.00     11.00     12.00     26.00      0.00
  1.6000   0.0600       22.1195    0.4460      9.00     16.00     29.00    194.00      0.00      12.0900    0.3163      3.00      7.00     15.00    150.00      0.00       8.8840    0.0970      6.00     10.00     12.00     24.00      0.00
  1.6000   0.0400       47.6545    1.0388     15.00     33.00     66.00    520.00      0.00      32.7770    0.8202      7.00     21.00     45.00    299.00      0.00       7.3465    0.1093      3.00      8.00     11.00     24.00      0.00
  1.6000   0.0200      114.0735    2.4240     36.00     82.00    156.00    752.00      0.00      98.0700    2.1681     28.00     68.00    137.00    750.00      0.00       3.8285    0.1054      0.00      1.00      8.00     20.00      0.00
  1.4000   0.2000        5.8040    0.0773      3.00      5.00      7.00     35.00      0.00       1.4915    0.0201      1.00      1.00      2.00      7.00      0.00      13.1930    0.1216     10.00     13.00     16.00     37.00      0.00
  1.4000   0.1800        6.4275    0.0881      4.00      6.00      8.00     33.00      0.00       1.6710    0.0237      1.00      1.00      2.00      8.00      0.00      12.6530    0.1172     10.00     13.00     16.00     34.00      0.00
  1.4000   0.1600        7.2945    0.1011      4.00      6.00      9.00     45.00      0.00       1.9285    0.0296      1.00      1.00      2.00     10.00      0.00      12.6225    0.1146     10.00     13.00     15.00     35.00      0.00
  1.4000   0.1400        8.1760    0.1250      4.00      7.00     11.00     49.00      0.00       2.1815    0.0363      1.00      2.00      3.00     15.00      0.00      11.7615    0.1147      9.00     12.00     15.00     37.00      0.00
  1.4000   0.1200        9.8540    0.1519      5.00      8.00     13.00     72.00      0.00       2.8275    0.0495      1.00      2.00      4.00     21.00      0.00      11.5395    0.1114      9.00     12.00     14.00     30.00      0.00
  1.4000   0.1000       12.0315    0.2017      6.00     10.00     16.00    109.00      0.00       3.6180    0.0694      1.00      3.00      5.00     31.00      0.00      11.0095    0.1088      8.00     12.00     14.00     30.00      0.00
  1.4000   0.0800       17.3185    0.3329      7.00     13.00     22.00    112.00      0.00       6.0535    0.1554      2.00      4.00      8.00     85.00      0.00      10.5540    0.1087      8.00     11.00     13.00     31.00      0.00
  1.4000   0.0600       25.7195    0.5316     10.00     19.00     34.00    225.00      0.00      11.4935    0.3169      3.00      7.00     14.00    146.00      0.00       9.6195    0.1149      6.00     11.00     13.00     26.00      0.00
  1.4000   0.0400       52.2285    1.1935     16.00     35.00     70.00    526.00      0.00      31.9495    0.8199      7.00     20.00     44.00    509.00      0.00       8.1495    0.1273      2.00      9.00     12.00     33.00      0.00
  1.4000   0.0200      120.6635    2.6471     36.00     82.00    165.00   1018.00      0.00      96.3345    2.1547     26.00     65.00    139.00    580.00      0.00       4.3590    0.1228      0.00      1.00      9.00     27.00      0.00
  1.2000   0.2000        7.2285    0.0963      4.00      6.00      9.00     32.00      0.00       1.5105    0.0204      1.00      1.00      2.00      8.00      0.00      15.5775    0.1528     11.00     15.00     19.00     52.00      0.00
  1.2000   0.1800        7.9860    0.1110      4.00      7.00     10.00     38.00      0.00       1.7255    0.0261      1.00      1.00      2.00     10.00      0.00      14.8370    0.1455     11.00     14.00     19.00     46.00      0.00
  1.2000   0.1600        8.6665    0.1230      5.00      8.00     11.00     43.00      0.00       1.9280    0.0298      1.00      1.00      2.00     15.00      0.00      14.1515    0.1402     11.00     14.00     18.00     40.00      0.00
  1.2000   0.1400       10.1930    0.1577      5.00      9.00     13.00     93.00      0.00       2.2680    0.0377      1.00      2.00      3.00     20.00      0.00      13.9110    0.1344     11.00     14.00     17.00     40.00      0.00
  1.2000   0.1200       12.2255    0.1910      6.00     10.00     16.00     73.00      0.00       2.8010    0.0476      1.00      2.00      4.00     20.00      0.00      13.5250    0.1343     10.00     13.00     17.00     40.00      0.00
  1.2000   0.1000       15.5095    0.2745      7.00     12.00     20.00    148.00      0.00       3.8300    0.0790      1.00      3.00      5.00     39.00      0.00      13.0115    0.1327     10.00     13.00     16.00     40.00      0.00
  1.2000   0.0800       20.7985    0.3893      9.00     16.00     27.00    162.00      0.00       5.6460    0.1410      2.00      4.00      7.00     85.00      0.00      12.5065    0.1352      9.00     12.00     16.00     42.00      0.00
  1.2000   0.0600       32.1640    0.6336     13.00     24.00     42.00    271.00      0.00      12.0420    0.3261      3.00      7.00     15.00    144.00      0.00      11.2735    0.1371      8.00     12.00     15.00     37.00      0.00
  1.2000   0.0400       62.9180    1.3871     19.00     45.00     86.00    573.00      0.00      33.0495    0.8605      7.00     20.00     46.00    573.00      0.00       9.1305    0.1562      2.00     10.00     14.00     44.00      0.00
  1.2000   0.0200      124.0550    2.6793     38.00     89.00    172.00   1098.00      0.00      95.1145    2.1519     26.00     63.00    135.00    718.00      0.00       4.5235    0.1434      0.00      0.00      9.00     35.00      0.00
  1.0000   0.2000        9.2810    0.1343      5.00      8.00     12.00     48.00      0.00       1.5005    0.0197      1.00      1.00      2.00      8.00      0.00      19.0840    0.2024     13.00     18.00     24.00     66.00      0.00
  1.0000   0.1800       10.1240    0.1488      5.00      9.00     13.00     53.00      0.00       1.6705    0.0239      1.00      1.00      2.00     12.00      0.00      18.3365    0.2002     13.00     17.00     23.00     60.00      0.00
  1.0000   0.1600       11.5580    0.1732      6.00     10.00     15.00     68.00      0.00       1.9785    0.0374      1.00      1.00      2.00     47.00      0.00      17.5935    0.1955     12.00     16.00     22.00     65.00      0.00
  1.0000   0.1400       13.4210    0.2151      7.00     11.00     17.00     73.00      0.00       2.2595    0.0441      1.00      2.00      3.00     48.00      0.00      17.1405    0.1872     12.00     16.00     22.00     52.00      0.00
  1.0000   0.1200       15.9290    0.2690      8.00     13.00     21.00    116.00      0.00       2.7850    0.0525      1.00      2.00      4.00     35.00      0.00      16.4065    0.1768     12.00     16.00     21.00     50.00      0.00
  1.0000   0.1000       21.0315    0.3910     10.00     16.00     27.00    215.00      0.00       3.6430    0.0664      1.00      3.00      5.00     35.00      0.00      16.1270    0.1843     11.00     15.00     20.00     60.00      0.00
  1.0000   0.0800       28.3370    0.5687     12.00     21.00     36.00    261.00      0.00       5.9840    0.1647      2.00      4.00      7.00    111.00      0.00      14.9450    0.1882     10.00     14.00     20.00     59.00      0.00
  1.0000   0.0600       40.6670    0.8457     16.00     31.00     54.00    424.00      0.00      12.3035    0.3056      4.00      8.00     16.00    145.00      0.00      13.4125    0.1868      8.00     13.00     18.00     52.00      0.00
  1.0000   0.0400       73.0440    1.5697     23.00     51.00    101.00    612.00      0.00      32.2340    0.7838      7.00     20.00     46.00    264.00      0.00      10.5440    0.1942      2.00     11.00     16.00     58.00      0.00
  1.0000   0.0200      143.3850    3.1798     41.00    101.00    193.00    991.00      0.00     101.1120    2.3653     25.00     70.00    140.00    916.00      0.00       5.0555    0.1735      0.00      1.00      9.00     55.00      0.00
  0.8000   0.2000       12.8005    0.1980      7.00     11.00     17.00     76.00      0.00       1.4845    0.0201      1.00      1.00      2.00      9.00      0.00      25.3605    0.3087     16.00     23.00     33.00    101.00      0.00
  0.8000   0.1800       14.5245    0.2251      8.00     12.00     19.00     94.00      0.00       1.6535    0.0240      1.00      1.00      2.00     12.00      0.00      25.0725    0.3131     16.00     23.00     32.00    101.00      0.00
  0.8000   0.1600       16.8175    0.2790      8.00     14.00     22.00    163.00      0.00       1.9540    0.0324      1.00      1.00      2.00     17.00      0.00      23.9470    0.3039     15.00     22.00     31.00    115.00      0.00
  0.8000   0.1400       18.9065    0.3042     10.00     16.00     25.00    116.00      0.00       2.2080    0.0352      1.00      2.00      3.00     17.00      0.00      23.2250    0.2914     14.00     21.00     31.00     84.00      0.00
  0.8000   0.1200       23.2085    0.4097     11.00     18.00     31.00    181.00      0.00       2.7575    0.0478      1.00      2.00      4.00     29.00      0.00      22.2380    0.2886     14.00     20.00     29.00    103.00      0.00
  0.8000   0.1000       29.2565    0.5236     13.00     23.00     39.00    184.00      0.00       3.7430    0.0820      1.00      3.00      5.00     44.00      0.00      20.7335    0.2761     13.00     19.00     27.00    100.00      0.00
  0.8000   0.0800       38.6110    0.7256     16.00     29.00     53.00    293.00      0.00       5.7770    0.1375      2.00      4.00      7.00     81.00      0.00      19.7450    0.2750     12.00     18.00     27.00     84.00      0.00
  0.8000   0.0600       56.8670    1.1443     22.00     42.00     75.00    388.00      0.00      12.2405    0.3351      3.00      7.00     15.00    186.00      0.00      17.1700    0.2807      8.00     16.00     24.00     84.00      0.00
  0.8000   0.0400       92.0070    1.9664     29.00     66.00    126.00    794.00      0.00      33.6420    0.8369      8.00     21.00     45.00    361.00      0.00      12.5945    0.2727      1.00     11.00     20.00     69.00      0.00
  0.8000   0.0200      162.5710    3.5953     46.00    112.00    228.00   1276.00      0.00      99.1930    2.2981     26.00     66.00    136.00    634.00      0.00       5.8465    0.2240      0.00      1.00      8.00     75.00      0.00
  0.6000   0.2000       21.6330    0.3499     11.00     18.00     29.00    141.00      0.00       1.5040    0.0212      1.00      1.00      2.00     13.00      0.00      39.5015    0.5504     22.00     35.00     53.00    194.00      0.00
  0.6000   0.1800       24.3665    0.4220     11.00     20.00     32.00    197.00      0.00       1.6825    0.0239      1.00      1.00      2.00      9.00      0.00      38.2060    0.5586     20.00     33.00     51.00    155.00      0.00
  0.6000   0.1600       27.6405    0.4932     13.00     22.00     37.00    195.00      0.00       1.9235    0.0302      1.00      1.00      2.00      9.00      0.00      36.6600    0.5555     20.00     32.00     48.00    177.00      0.00
  0.6000   0.1400       33.5310    0.6213     14.00     27.00     44.00    229.00      0.00       2.2550    0.0369      1.00      2.00      3.00     14.00      0.00      36.7265    0.5557     19.00     32.00     49.00    159.00      0.00
  0.6000   0.1200       39.3475    0.7480     17.00     30.00     52.00    281.00      0.00       2.8855    0.0510      1.00      2.00      4.00     24.00      0.00      32.9945    0.5163     17.00     28.00     45.00    175.00      0.00
  0.6000   0.1000       50.8695    0.9852     20.00     39.00     69.00    303.00      0.00       3.7820    0.0753      1.00      3.00      5.00     36.00      0.00      31.1910    0.5034     15.00     27.00     42.00    165.00      0.00
  0.6000   0.0800       64.0535    1.3210     23.00     45.00     89.00    506.00      0.00       5.9590    0.1535      2.00      4.00      7.00     88.00      0.00      27.1665    0.4823     11.00     23.00     39.00    141.00      0.00
  0.6000   0.0600       86.7735    1.8301     31.00     62.00    119.00    667.00      0.00      11.9660    0.3301      3.00      7.00     15.00    179.00      0.00      22.9705    0.4672      6.00     19.00     34.00    145.00      0.00
  0.6000   0.0400      126.7810    2.7357     38.00     88.00    179.00   1252.00      0.00      32.9830    0.8469      7.00     20.00     46.00    349.00      0.00      15.7745    0.4304      1.00      9.00     23.00    122.00      0.00
  0.6000   0.0200      171.3180    3.7903     47.00    118.00    244.00   1553.00      0.00      97.9385    2.3217     24.00     64.00    136.00    737.00      0.00       4.8530    0.2416      0.00      0.00      4.00     91.00      0.00
  0.4000   0.2000       51.6745    0.9875     20.00     40.00     71.00    305.00      0.00       1.5375    0.0218      1.00      1.00      2.00      8.00      0.00      81.4505    1.4453     35.00     65.00    111.00    483.00      0.00
  0.4000   0.1800       57.2790    1.1715     22.00     43.00     76.00    439.00      0.00       1.6500    0.0232      1.00      1.00      2.00      8.00      0.00      76.2890    1.4556     30.00     59.00    104.00    600.00      0.00
  0.4000   0.1600       66.5715    1.3600     25.00     49.00     86.00    476.00      0.00       1.9020    0.0293      1.00      1.00      2.00     11.00      0.00      72.8760    1.3802     31.00     57.00     97.00    490.00      0.00
  0.4000   0.1400       75.0795    1.5695     28.00     54.00    100.00    599.00      0.00       2.3295    0.0410      1.00      2.00      3.00     26.00      0.00      67.2695    1.3531     25.00     52.00     91.00    506.00      0.00
  0.4000   0.1200       86.6945    1.8508     31.00     61.00    117.00    700.00      0.00       2.7130    0.0481      1.00      2.00      4.00     27.00      0.00      58.7480    1.1674     22.00     45.00     80.00    415.00      0.00
  0.4000   0.1000      103.2275    2.1410     34.00     75.00    143.00    652.00      0.00       3.7825    0.0768      1.00      3.00      5.00     38.00      0.00      50.6425    1.0470     17.00     39.00     72.00    383.00      0.00
  0.4000   0.0800      121.1520    2.6309     38.00     84.00    172.00    797.00      0.00       5.8315    0.1412      2.00      4.00      8.00     78.00      0.00      41.2925    0.9174     11.00     30.00     58.00    308.00      0.00
  0.4000   0.0600      152.9140    3.3145     47.00    110.00    212.00   1089.00      0.00      12.2985    0.3361      3.00      7.00     16.00    191.00      0.00      29.0950    0.7054      6.00     19.00     42.00    229.00      0.00
  0.4000   0.0400      173.1670    3.9327     51.00    123.00    237.00   2000.00      0.00      33.9225    0.8548      8.00     20.00     46.00    308.00      0.00      15.4595    0.4996      1.00      6.00     20.00    176.00      0.00
  0.4000   0.0200      195.5400    4.2619     59.00    141.00    270.00   1271.00      0.00      98.6340    2.2096     27.00     68.00    141.00    811.00      0.00       4.3230    0.2244      0.00      1.00      4.00    127.00      0.00
  0.2000   0.2000      144.0110    3.1195     43.00    103.00    205.00   1124.00      0.00       1.5100    0.0198      1.00      1.00      2.00      8.00      0.00     174.2485    3.8415     49.00    120.00    241.00   1553.00      0.00
  0.2000   0.1800      154.2770    3.4314     47.00    104.00    210.00   1157.00      0.00       1.7315    0.0277      1.00      1.00      2.00     11.00      0.00     152.3650    3.4519     43.00    103.00    208.00   1209.00      0.00
  0.2000   0.1600      155.4520    3.4514     47.00    108.00    214.00   1334.00      0.00       1.9655    0.0332      1.00      1.00      2.00     23.00      0.00     125.0770    2.8646     37.00     84.00    171.00   1012.00      0.00
  0.2000   0.1400      170.1170    3.7642     51.00    123.00    233.00   1685.00      0.00       2.2340    0.0381      1.00      2.00      3.00     20.00      0.00     106.2015    2.3767     30.00     76.00    147.00    964.00      0.00
  0.2000   0.1200      176.5390    3.9289     49.00    125.00    248.00   1323.00      0.00       2.7475    0.0467      1.00      2.00      4.00     24.00      0.00      84.6605    1.9367     21.00     60.00    118.00    742.00      0.00
  0.2000   0.1000      177.9040    4.1993     48.00    120.00    242.00   1536.00      0.00       3.7125    0.0768      1.00      3.00      5.00     40.00      0.00      60.7045    1.4848     15.00     40.00     84.00    653.00      0.00
  0.2000   0.0800      188.1705    4.1878     53.00    130.00    264.00   1294.00      0.00       5.8480    0.1396      2.00      4.00      7.00     78.00      0.00      41.6675    1.0122     10.00     26.00     59.00    317.00      0.00
  0.2000   0.0600      196.7765    4.4845     55.00    136.00    274.00   1353.00      0.00      11.7820    0.3075      3.00      7.00     15.00    110.00      0.00      24.6135    0.6617      5.00     15.00     34.00    233.00      0.00
  0.2000   0.0400      202.0905    4.4852     59.00    139.00    278.00   1345.00      0.00      34.0190    0.8226      7.00     22.00     48.00    295.00      0.00      11.7060    0.3673      1.00      6.00     16.00    193.00      0.00
  0.2000   0.0200      206.3325    4.5178     60.00    144.00    288.00   1437.00      0.00     101.5960    2.3561     27.00     70.00    141.00    713.00      0.00       2.9320    0.1342      0.00      1.00      3.00     73.00      0.00
