Amp Radius  OC_Mean OC_Std OC_Q1 OC_Med OC_Q3 OC_Max OC_Min  Exp_Mean Exp_Std Exp_Q1 Exp_Med Exp_Q3 Exp_Max Exp_Min  Num_Mean Num_Std Num_Q1 Num_Med Num_Q3 Num_Max Num_Min
  2.0000   0.2000        4.2045    0.0637      2.00      3.00      5.00     32.00      0.00       1.9685    0.0408      1.00      1.00      2.00     27.00      0.00       9.2190    0.0779      7.00     10.00     12.00     21.00      0.00
  2.0000   0.1800        4.7225    0.0869      2.00      4.00      6.00     71.00      0.00       2.3465    0.0658      1.00      1.00      3.00     70.00      0.00       8.9780    0.0776      7.00     10.00     11.00     23.00      0.00
  2.0000   0.1600        5.4135    0.1117      3.00      4.00      7.00     82.00      0.00       2.8230    0.0841      1.00      2.00      3.00     58.00      0.00       8.6135    0.0800      6.00      9.00     11.00     22.00      0.00
  2.0000   0.1400        6.7045    0.1519      3.00      5.00      8.00    102.00      0.00       3.8210    0.1217      1.00      2.00      4.00     82.00      0.00       8.5240    0.0776      6.00      9.00     11.00     20.00      0.00
  2.0000   0.1200        8.9770    0.2272      3.00      6.00     10.00    119.00      0.00       5.9195    0.2018      1.00      3.00      6.00     89.00      0.00       8.3205    0.0769      6.00      9.00     11.00     21.00      0.00
  2.0000   0.1000       12.8110    0.3783      4.00      8.00     14.00    173.00      0.00       9.3110    0.3417      2.00      4.00     10.00    162.00      0.00       8.0690    0.0803      6.00      9.00     11.00     23.00      0.00
  2.0000   0.0800       22.8835    0.6468      5.00     12.00     29.00    335.00      0.00      18.5200    0.5816      3.00      8.00     24.00    198.00      0.00       7.5090    0.0844      6.00      8.00     10.00     19.00      0.00
  2.0000   0.0600       42.6995    1.0625      9.00     26.00     62.00    372.00      0.00      37.9775    1.0229      6.00     21.00     55.00    369.00      0.00       6.5255    0.0939      3.00      7.00     10.00     21.00      0.00
  2.0000   0.0400       77.4925    1.8446     18.00     51.00    109.00    704.00      0.00      73.0010    1.7970     16.00     48.00    102.00    704.00      0.00       4.7775    0.0984      0.00      5.00      9.00     19.00      0.00
  2.0000   0.0200      142.4185    3.1680     41.00    102.00    196.00   1178.00      0.00     138.7275    3.1108     39.00     99.00    192.00   1178.00      0.00       2.1980    0.0776      0.00      0.00      5.00     16.00      0.00
  1.8000   0.2000        4.4665    0.0659      3.00      4.00      6.00     34.00      0.00       2.0025    0.0449      1.00      1.00      2.00     30.00      0.00       9.7660    0.0842      7.00     10.00     12.00     26.00      0.00
  1.8000   0.1800        5.1715    0.0923      3.00      4.00      6.00     38.00      0.00       2.4015    0.0627      1.00      1.00      3.00     33.00      0.00       9.4535    0.0838      7.00     10.00     12.00     24.00      0.00
  1.8000   0.1600        6.0375    0.1405      3.00      4.00      7.00    173.00      0.00       2.9485    0.1164      1.00      2.00      3.00    172.00      0.00       9.3920    0.0820      7.00     10.00     12.00     25.00      0.00
  1.8000   0.1400        6.9465    0.1493      3.00      5.00      8.00    116.00      0.00       3.6695    0.1229      1.00      2.00      4.00    115.00      0.00       9.0870    0.0788      7.00     10.00     11.00     24.00      0.00
  1.8000   0.1200        9.5090    0.2271      4.00      6.00     11.00     99.00      0.00       5.7505    0.1919      1.00      3.00      6.00     93.00      0.00       8.8925    0.0776      7.00     10.00     11.00     21.00      0.00
  1.8000   0.1000       13.9095    0.3580      5.00      9.00     17.00    149.00      0.00       9.8375    0.3355      2.00      5.00     11.00    149.00      0.00       8.5795    0.0822      6.00      9.00     11.00     24.00      0.00
  1.8000   0.0800       23.4850    0.6294      6.00     12.00     31.00    254.00      0.00      17.8725    0.5249      3.00      8.00     25.00    190.00      0.00       7.9385    0.0920      6.00      9.00     11.00     25.00      0.00
  1.8000   0.0600       44.4325    1.1382     10.00     27.00     60.00    472.00      0.00      38.3145    1.0430      6.00     22.00     53.00    454.00      0.00       6.9660    0.1008      3.00      8.00     10.00     20.00      0.00
  1.8000   0.0400       80.7025    1.9839     18.00     50.00    112.00    706.00      0.00      73.7315    1.8932     14.00     46.00    103.00    705.00      0.00       5.2285    0.1055      0.00      6.00      9.00     20.00      0.00
  1.8000   0.0200      139.1955    3.2139     37.00     92.00    194.00   1242.00      0.00     133.0970    3.0921     35.00     90.00    183.00   1242.00      0.00       2.2560    0.0842      0.00      0.00      5.00     18.00      0.00
  1.6000   0.2000        5.0260    0.0801      3.00      4.00      6.00     59.00      0.00       1.9105    0.0461      1.00      1.00      2.00     58.00      0.00      10.6440    0.0937      8.00     11.00     13.00     26.00      0.00
  1.6000   0.1800        5.6530    0.0921      3.00      5.00      7.00     49.00      0.00       2.3845    0.0574      1.00      1.00      3.00     36.00      0.00      10.1530    0.0886      8.00     10.00     12.00     32.00      0.00
  1.6000   0.1600        6.5195    0.1205      3.00      5.00      8.00     59.00      0.00       2.8465    0.0892      1.00      2.00      3.00     57.00      0.00      10.0600    0.0866      8.00     10.00     12.00     26.00      0.00
  1.6000   0.1400        8.0675    0.1792      4.00      6.00     10.00     87.00      0.00       3.8605    0.1336      1.00      2.00      4.00     86.00      0.00       9.9845    0.0904      8.00     10.00     12.00     25.00      0.00
  1.6000   0.1200       10.2690    0.2377      4.00      7.00     12.00    142.00      0.00       5.3755    0.1876      1.00      3.00      6.00     94.00      0.00       9.8305    0.0871      8.00     10.00     12.00     27.00      0.00
  1.6000   0.1000       15.3425    0.4195      5.00      9.00     19.00    240.00      0.00       9.9135    0.3632      2.00      4.00     11.00    217.00      0.00       9.3150    0.0940      7.00     10.00     12.00     26.00      0.00
  1.6000   0.0800       25.3385    0.6847      7.00     14.00     32.00    314.00      0.00      18.7595    0.5806      3.00      9.00     24.00    259.00      0.00       8.5065    0.0999      6.00      9.00     11.00     23.00      0.00
  1.6000   0.0600       45.1290    1.1384     10.00     28.00     61.00    556.00      0.00      36.6140    1.0140      5.00     20.00     52.00    554.00      0.00       7.3420    0.1100      2.00      8.00     11.00     25.00      0.00
  1.6000   0.0400       82.7090    1.9682     19.00     57.00    117.00   1320.00      0.00      72.1270    1.7011     15.00     49.00    105.00    530.00      0.00       5.4515    0.1171      0.00      6.00     10.00     25.00      0.00
  1.6000   0.0200      141.0205    3.1015     39.00    100.00    199.00   1037.00      0.00     133.5560    2.9430     36.00     95.00    190.00    920.00      0.00       2.5950    0.0952      0.00      0.00      5.00     20.00      0.00
  1.4000   0.2000        5.8420    0.0931      3.00      5.00      7.00     60.00      0.00       1.9955    0.0432      1.00      1.00      2.00     38.00      0.00      11.9100    0.1060      9.00     12.00     14.00     31.00      0.00
  1.4000   0.1800        6.3455    0.1131      3.00      5.00      8.00     59.00      0.00       2.3125    0.0641      1.00      1.00      3.00     39.00      0.00      11.5955    0.1066      9.00     11.00     14.00     32.00      0.00
  1.4000   0.1600        7.3335    0.1320      4.00      6.00      9.00     83.00      0.00       2.6930    0.0637      1.00      2.00      3.00     35.00      0.00      11.3275    0.1090      8.00     11.00     14.00     36.00      0.00
  1.4000   0.1400        9.3760    0.2218      4.00      7.00     11.00    121.00      0.00       3.9575    0.1447      1.00      2.00      4.00     94.00      0.00      11.1345    0.1089      8.00     11.00     13.00     33.00      0.00
  1.4000   0.1200       11.3780    0.2509      5.00      8.00     14.00    136.00      0.00       5.3575    0.1725      1.00      3.00      6.00     71.00      0.00      10.8105    0.1052      8.00     11.00     13.00     37.00      0.00
  1.4000   0.1000       16.6300    0.4079      6.00     10.00     20.00    225.00      0.00       9.4130    0.3291      2.00      4.00     10.00    220.00      0.00      10.3725    0.1111      8.00     11.00     13.00     32.00      0.00
  1.4000   0.0800       27.9045    0.6900      8.00     17.00     36.00    233.00      0.00      18.4295    0.5588      3.00      8.00     25.00    230.00      0.00       9.6180    0.1170      7.00     10.00     13.00     27.00      0.00
  1.4000   0.0600       48.4795    1.1829     12.00     30.00     66.00    422.00      0.00      36.8190    1.0039      6.00     20.00     51.00    347.00      0.00       8.4550    0.1335      2.00     10.00     12.00     38.00      0.00
  1.4000   0.0400       86.7200    2.0518     21.00     57.00    119.00    677.00      0.00      71.9635    1.7874     14.00     46.00     99.00    677.00      0.00       6.2235    0.1343      0.00      6.00     11.00     32.00      0.00
  1.4000   0.0200      143.5650    3.2764     39.00     99.00    199.00   1202.00      0.00     132.5360    3.0415     34.00     91.00    185.00    949.00      0.00       2.9605    0.1143      0.00      0.00      6.00     25.00      0.00
  1.2000   0.2000        6.7580    0.1098      4.00      6.00      8.00     48.00      0.00       1.9445    0.0401      1.00      1.00      2.00     23.00      0.00      13.9520    0.1322     10.00     13.00     17.00     40.00      0.00
  1.2000   0.1800        7.8110    0.1362      4.00      6.00     10.00     72.00      0.00       2.3400    0.0604      1.00      1.00      3.00     53.00      0.00      13.8485    0.1319     10.00     13.00     17.00     40.00      0.00
  1.2000   0.1600        8.9315    0.1670      4.00      7.00     11.00     71.00      0.00       2.7425    0.0741      1.00      2.00      3.00     53.00      0.00      13.4900    0.1334     10.00     13.00     17.00     40.00      0.00
  1.2000   0.1400       10.7145    0.2189      5.00      8.00     13.00    130.00      0.00       3.6545    0.1258      1.00      2.00      4.00    114.00      0.00      12.8900    0.1344      9.00     12.00     16.00     44.00      0.00
  1.2000   0.1200       13.9980    0.3395      5.00     10.00     17.00    200.00      0.00       5.5125    0.2023      1.00      3.00      6.00    127.00      0.00      12.7055    0.1346      9.00     12.00     16.00     40.00      0.00
  1.2000   0.1000       19.4075    0.4620      7.00     13.00     24.00    198.00      0.00       9.4540    0.3182      2.00      4.00     11.00    186.00      0.00      12.1410    0.1378      9.00     12.00     16.00     41.00      0.00
  1.2000   0.0800       32.4150    0.7995      9.00     20.00     43.00    427.00      0.00      20.0115    0.5909      3.00      9.00     28.00    340.00      0.00      11.0815    0.1508      7.00     11.00     15.00     41.00      0.00
  1.2000   0.0600       51.5655    1.2295     14.00     33.00     70.00    439.00      0.00      35.8280    0.9523      6.00     21.00     49.00    358.00      0.00      10.0100    0.1589      4.00     10.00     14.00     46.00      0.00
  1.2000   0.0400       92.2030    2.1614     24.00     61.00    128.00    938.00      0.00      73.2240    1.8256     15.00     48.00    103.00    706.00      0.00       7.5280    0.1625      0.00      8.00     13.00     31.00      0.00
  1.2000   0.0200      144.4060    3.3217     40.00     99.00    199.00   1112.00      0.00     129.1660    2.9891     33.00     88.00    180.00    885.00      0.00       3.2845    0.1318      0.00      0.00      5.00     35.00      0.00
  1.0000   0.2000        8.5470    0.1423      4.00      7.00     11.00     49.00      0.00       1.9180    0.0410      1.00      1.00      2.00     17.00      0.00      17.6980    0.1915     12.00     17.00     22.00     60.00      0.00
  1.0000   0.1800        9.7005    0.1750      5.00      8.00     12.00    102.00      0.00       2.3810    0.0641      1.00      1.00      3.00     59.00      0.00      16.8105    0.1783     11.00     16.00     21.00     59.00      0.00
  1.0000   0.1600       11.2030    0.2164      5.00      9.00     14.00    126.00      0.00       2.9170    0.0980      1.00      2.00      3.00     72.00      0.00      16.5070    0.1766     11.00     16.00     21.00     56.00      0.00
  1.0000   0.1400       13.6050    0.2882      6.00     10.00     17.00    123.00      0.00       3.7560    0.1352      1.00      2.00      4.00     81.00      0.00      16.1145    0.1897     11.00     15.00     21.00     54.00      0.00
  1.0000   0.1200       16.4870    0.3424      7.00     12.00     21.00    129.00      0.00       5.3150    0.1820      1.00      3.00      6.00    101.00      0.00      15.6525    0.1808     11.00     15.00     21.00     54.00      0.00
  1.0000   0.1000       24.0415    0.5604      8.00     16.00     31.00    274.00      0.00       9.4470    0.3271      2.00      4.00     11.00    190.00      0.00      15.0605    0.1799     10.00     15.00     20.00     52.00      0.00
  1.0000   0.0800       35.6000    0.8324     10.00     23.00     46.00    301.00      0.00      18.0365    0.5580      3.00      8.00     24.00    246.00      0.00      13.9750    0.1923      9.00     14.00     19.00     52.00      0.00
  1.0000   0.0600       60.0505    1.4238     16.00     39.00     82.00    672.00      0.00      36.0060    1.0103      5.00     20.00     49.00    435.00      0.00      12.0455    0.2116      2.00     12.00     18.00     53.00      0.00
  1.0000   0.0400      102.7875    2.3772     28.00     70.00    141.00    875.00      0.00      74.2905    1.8533     18.00     48.00    104.00    824.00      0.00       8.4375    0.2067      0.00      6.00     15.00     42.00      0.00
  1.0000   0.0200      153.9985    3.4486     42.00    102.00    217.00   1112.00      0.00     133.8690    3.0280     37.00     91.00    189.00   1098.00      0.00       3.6250    0.1618      0.00      0.00      2.00     42.00      0.00
  0.8000   0.2000       11.0360    0.1824      6.00      9.00     14.00     86.00      0.00       1.9555    0.0406      1.00      1.00      2.00     21.00      0.00      22.5905    0.2740     14.00     21.00     29.00     77.00      0.00
  0.8000   0.1800       13.1235    0.2363      6.00     10.00     17.00    115.00      0.00       2.3050    0.0654      1.00      1.00      3.00     76.00      0.00      22.7720    0.2726     14.00     21.00     30.00     77.00      0.00
  0.8000   0.1600       15.0560    0.2739      7.00     12.00     19.00    120.00      0.00       2.8580    0.0757      1.00      2.00      3.00     58.00      0.00      21.9275    0.2639     14.00     21.00     29.00     80.00      0.00
  0.8000   0.1400       19.0115    0.3871      8.00     14.00     24.00    188.00      0.00       4.0085    0.1402      1.00      2.00      4.00     97.00      0.00      21.7810    0.2712     13.00     21.00     29.00     80.00      0.00
  0.8000   0.1200       23.1420    0.5028      9.00     17.00     30.00    244.00      0.00       5.6590    0.1956      1.00      3.00      6.00    136.00      0.00      20.8905    0.2709     12.00     20.00     28.00     81.00      0.00
  0.8000   0.1000       30.3175    0.7210     11.00     21.00     38.00    378.00      0.00       9.5810    0.3382      2.00      4.00     11.00    205.00      0.00      20.0760    0.2821     12.00     19.00     28.00     75.00      0.00
  0.8000   0.0800       44.8410    1.0777     13.00     29.00     59.00    547.00      0.00      18.7965    0.6336      3.00      8.00     24.00    390.00      0.00      17.9470    0.2881      9.00     17.00     26.00     75.00      0.00
  0.8000   0.0600       69.4805    1.6088     20.00     48.00     94.00    569.00      0.00      37.1180    1.0764      5.00     21.00     51.00    545.00      0.00      15.3265    0.3031      2.00     14.00     24.00     81.00      0.00
  0.8000   0.0400      110.6725    2.5239     32.00     77.00    148.00    818.00      0.00      72.7410    1.7908     16.00     50.00    102.00    813.00      0.00      10.4915    0.2886      0.00      4.00     19.00     69.00      0.00
  0.8000   0.0200      167.2990    3.6586     49.00    118.00    237.00   1150.00      0.00     135.6400    3.0830     39.00     95.00    182.00   1149.00      0.00       4.3220    0.2123      0.00      0.00      2.00     62.00      0.00
  0.6000   0.2000       17.4600    0.2969      8.00     14.00     23.00    107.00      0.00       1.9555    0.0407      1.00      1.00      2.00     27.00      0.00      35.5280    0.4812     20.00     32.00     47.00    137.00      0.00
  0.6000   0.1800       20.0085    0.3619      9.00     15.00     26.00    154.00      0.00       2.3280    0.0564      1.00      1.00      3.00     34.00      0.00      35.4620    0.4846     20.00     32.00     47.00    128.00      0.00
  0.6000   0.1600       23.5040    0.4576     10.00     18.00     30.00    268.00      0.00       2.8750    0.0797      1.00      2.00      3.00     53.00      0.00      33.7015    0.4871     19.00     30.00     45.00    169.00      0.00
  0.6000   0.1400       27.2175    0.5131     12.00     20.00     36.00    165.00      0.00       3.7520    0.1142      1.00      2.00      4.00     72.00      0.00      33.2765    0.4739     18.00     30.00     46.00    141.00      0.00
  0.6000   0.1200       34.2630    0.7342     13.00     24.00     45.00    503.00      0.00       5.7055    0.2220      1.00      3.00      6.00    233.00      0.00      31.3680    0.4791     17.00     28.00     43.00    162.00      0.00
  0.6000   0.1000       43.6530    0.9539     16.00     30.00     57.00    389.00      0.00       9.6895    0.3232      2.00      4.00     11.00    155.00      0.00      29.3340    0.4772     13.00     26.00     42.00    138.00      0.00
  0.6000   0.0800       61.6765    1.3381     19.00     44.00     83.00    485.00      0.00      18.2640    0.5592      3.00      8.00     24.00    283.00      0.00      25.1090    0.4701      7.00     22.00     37.00    132.00      0.00
  0.6000   0.0600       90.6725    2.0173     28.00     65.00    122.00    806.00      0.00      36.5975    1.0052      5.00     21.00     50.00    403.00      0.00      21.1170    0.4817      2.00     16.00     34.00    134.00      0.00
  0.6000   0.0400      129.7725    2.9711     36.00     87.00    177.00    910.00      0.00      72.7285    1.8351     15.00     45.00    105.00    714.00      0.00      14.0985    0.4590      0.00      3.00     24.00    160.00      0.00
  0.6000   0.0200      174.6565    3.8187     51.00    122.00    242.00   1142.00      0.00     134.4190    3.0717     38.00     90.00    186.00   1043.00      0.00       5.0300    0.2830      0.00      0.00      2.00    107.00      0.00
  0.4000   0.2000       33.8710    0.6112     14.00     27.00     45.00    212.00      0.00       1.9430    0.0398      1.00      1.00      2.00     22.00      0.00      66.3230    1.0982     31.00     56.00     90.00    376.00      0.00
  0.4000   0.1800       39.1605    0.7539     16.00     30.00     51.00    395.00      0.00       2.2650    0.0549      1.00      1.00      3.00     36.00      0.00      65.3260    1.0801     30.00     56.00     89.00    510.00      0.00
  0.4000   0.1600       43.9940    0.8853     17.00     33.00     60.00    393.00      0.00       2.7785    0.0750      1.00      2.00      3.00     46.00      0.00      61.4925    1.1125     25.00     51.00     85.00    380.00      0.00
  0.4000   0.1400       52.3805    1.0508     20.00     40.00     70.00    432.00      0.00       3.8370    0.1262      1.00      2.00      4.00     76.00      0.00      59.6715    1.0736     24.00     50.00     84.00    317.00      0.00
  0.4000   0.1200       63.3725    1.2724     23.00     46.00     86.00    421.00      0.00       5.7805    0.2073      1.00      3.00      6.00    113.00      0.00      53.9985    1.0317     20.00     44.00     76.00    400.00      0.00
  0.4000   0.1000       75.2770    1.5202     26.00     54.00    103.00    608.00      0.00       9.4870    0.3191      2.00      4.00     11.00    159.00      0.00      48.9370    1.0355     12.00     38.00     71.00    367.00      0.00
  0.4000   0.0800       96.4495    2.0481     32.00     69.00    133.00    950.00      0.00      18.8125    0.5722      3.00      9.00     25.00    298.00      0.00      39.9040    0.9641      6.00     27.00     61.00    310.00      0.00
  0.4000   0.0600      125.7820    2.7043     40.00     90.00    172.00    935.00      0.00      38.4670    1.0602      5.00     22.00     52.00    533.00      0.00      31.4635    0.8645      1.00     16.00     50.00    289.00      0.00
  0.4000   0.0400      166.4815    3.6708     52.00    116.00    230.00   1406.00      0.00      73.5980    1.7265     15.00     51.00    106.00    535.00      0.00      16.7885    0.7097      0.00      2.00     19.00    345.00      0.00
  0.4000   0.0200      183.7515    4.0067     51.00    129.00    261.00   1380.00      0.00     133.0050    3.0804     35.00     88.00    188.00   1117.00      0.00       4.6375    0.3332      0.00      0.00      1.00    171.00      0.00
  0.2000   0.2000      115.6620    2.5773     38.00     82.00    155.00   1125.00      0.00       1.9770    0.0458      1.00      1.00      2.00     30.00      0.00     162.5065    3.6073     48.00    115.00    228.00   1327.00      0.00
  0.2000   0.1800      124.0880    2.8720     36.00     86.00    168.00   1330.00      0.00       2.2645    0.0638      1.00      1.00      3.00     80.00      0.00     151.8610    3.5526     38.00    103.00    213.00   1156.00      0.00
  0.2000   0.1600      136.6410    2.9188     44.00    103.00    187.00   1092.00      0.00       2.8405    0.0780      1.00      2.00      3.00     47.00      0.00     135.2270    3.0478     41.00     99.00    189.00   1248.00      0.00
  0.2000   0.1400      147.0975    3.3069     43.00    103.00    202.00   1221.00      0.00       3.8035    0.1158      1.00      2.00      5.00     63.00      0.00     113.5065    2.7853     27.00     72.00    156.00    994.00      0.00
  0.2000   0.1200      150.8385    3.3474     43.00    106.00    204.00   1138.00      0.00       5.5090    0.1916      1.00      3.00      6.00     96.00      0.00      90.2585    2.2677     18.00     56.00    131.00    795.00      0.00
  0.2000   0.1000      159.4335    3.5185     48.00    111.00    219.00   1438.00      0.00       9.5085    0.3142      2.00      4.00     11.00    160.00      0.00      67.5830    1.7779     11.00     40.00     96.00    603.00      0.00
  0.2000   0.0800      171.4200    3.7230     53.00    126.00    241.00   1483.00      0.00      17.9565    0.5595      3.00      8.00     24.00    345.00      0.00      47.2025    1.4294      5.00     23.00     66.00    581.00      0.00
  0.2000   0.0600      186.6790    4.2730     52.00    126.00    253.00   1318.00      0.00      37.0165    1.0141      6.00     20.00     50.00    358.00      0.00      30.4330    1.1504      1.00      9.00     39.00    560.00      0.00
  0.2000   0.0400      200.2080    4.3812     58.00    140.00    277.00   1533.00      0.00      75.5730    1.8385     15.00     51.00    106.00    655.00      0.00      13.4365    0.6467      0.00      2.00     12.00    305.00      0.00
  0.2000   0.0200      197.5860    4.4626     55.00    131.00    282.00   1292.00      0.00     130.9700    3.0311     36.00     89.00    180.00   1142.00      0.00       3.8065    0.2952      0.00      0.00      2.00    150.00      0.00
