Amp Radius  OC_Mean OC_Std OC_Q1 OC_Med OC_Q3 OC_Max OC_Min  Exp_Mean Exp_Std Exp_Q1 Exp_Med Exp_Q3 Exp_Max Exp_Min  Num_Mean Num_Std Num_Q1 Num_Med Num_Q3 Num_Max Num_Min
  2.0000   0.2000        4.5555    0.0649      3.00      4.00      6.00     47.00      0.00       1.4330    0.0427      1.00      1.00      1.00     34.00      0.00       5.0460    0.0565      3.00      5.00      6.00     17.00      0.00
  2.0000   0.1800        5.0970    0.0850      3.00      4.00      6.00     56.00      0.00       1.7880    0.0650      1.00      1.00      1.00     53.00      0.00       4.6630    0.0524      3.00      4.00      6.00     17.00      0.00
  2.0000   0.1600        5.6615    0.0984      3.00      5.00      7.00     58.00      0.00       2.2600    0.0758      1.00      1.00      2.00     49.00      0.00       4.2200    0.0454      3.00      4.00      5.00     15.00      0.00
  2.0000   0.1400        6.8950    0.1383      3.00      5.00      8.00     65.00      0.00       3.3220    0.1193      1.00      1.00      3.00     63.00      0.00       4.0545    0.0435      3.00      4.00      5.00     12.00      0.00
  2.0000   0.1200        9.4650    0.2041      4.00      6.00     11.00    112.00      0.00       5.5180    0.1836      1.00      2.00      6.00    109.00      0.00       3.9770    0.0428      3.00      4.00      5.00     12.00      0.00
  2.0000   0.1000       13.0310    0.3076      5.00      8.00     16.00    124.00      0.00       8.3215    0.2601      1.00      3.00     11.00     96.00      0.00       3.9560    0.0439      3.00      4.00      5.00     14.00      0.00
  2.0000   0.0800       19.0850    0.4489      6.00     12.00     24.00    150.00      0.00      14.2045    0.3987      2.00      7.00     19.00    146.00      0.00       3.8160    0.0466      3.00      4.00      5.00     13.00      0.00
  2.0000   0.0600       32.1380    0.7660      9.00     21.00     44.00    316.00      0.00      26.1830    0.6908      5.00     16.00     36.00    313.00      0.00       3.5110    0.0494      2.00      4.00      5.00     12.00      0.00
  2.0000   0.0400       59.6045    1.4195     16.00     39.00     80.00    483.00      0.00      51.8145    1.2942     12.00     32.00     72.00    483.00      0.00       3.0070    0.0524      1.00      3.00      5.00     11.00      0.00
  2.0000   0.0200      120.5095    2.8443     33.00     78.00    165.00    994.00      0.00     112.7835    2.7066     29.00     73.00    154.00    994.00      0.00       1.7385    0.0508      0.00      0.00      3.00     12.00      0.00
  1.8000   0.2000        5.1780    0.0737      3.00      5.00      6.00     50.00      0.00       1.4565    0.0445      1.00      1.00      1.00     43.00      0.00       5.7765    0.0693      4.00      5.00      7.00     19.00      0.00
  1.8000   0.1800        5.7860    0.0908      3.00      5.00      7.00     65.00      0.00       1.7600    0.0617      1.00      1.00      1.00     60.00      0.00       5.3630    0.0625      3.00      5.00      7.00     18.00      0.00
  1.8000   0.1600        6.6660    0.1141      4.00      5.00      8.00     73.00      0.00       2.2655    0.0818      1.00      1.00      2.00     42.00      0.00       5.1080    0.0580      3.00      5.00      7.00     18.00      0.00
  1.8000   0.1400        8.1300    0.1642      4.00      6.00      9.00    103.00      0.00       3.5090    0.1293      1.00      1.00      3.00     68.00      0.00       4.7805    0.0537      3.00      4.00      6.00     17.00      0.00
  1.8000   0.1200       10.5370    0.2349      5.00      7.00     12.00    143.00      0.00       5.5065    0.1993      1.00      2.00      6.00    141.00      0.00       4.6720    0.0532      3.00      4.00      6.00     16.00      0.00
  1.8000   0.1000       14.2020    0.3336      5.00      9.00     17.00    205.00      0.00       8.6725    0.2826      1.00      4.00     11.00    119.00      0.00       4.5800    0.0549      3.00      4.00      6.00     18.00      0.00
  1.8000   0.0800       20.5645    0.4630      7.00     13.00     27.00    183.00      0.00      13.9725    0.3925      2.00      7.00     20.00    178.00      0.00       4.4260    0.0565      3.00      4.00      6.00     16.00      0.00
  1.8000   0.0600       33.7565    0.7729      9.00     22.00     46.00    265.00      0.00      26.2210    0.6912      4.00     15.00     38.00    263.00      0.00       4.1660    0.0589      2.00      4.00      6.00     13.00      0.00
  1.8000   0.0400       61.9010    1.3982     17.00     42.00     84.00    424.00      0.00      52.3840    1.2926     11.00     35.00     72.00    424.00      0.00       3.4630    0.0638      0.00      3.00      5.00     16.00      0.00
  1.8000   0.0200      120.3820    2.7687     33.00     82.00    165.00   1060.00      0.00     108.7770    2.5367     29.00     73.00    147.00    863.00      0.00       1.9495    0.0589      0.00      0.00      4.00     13.00      0.00
  1.6000   0.2000        6.0930    0.0813      4.00      5.00      8.00     53.00      0.00       1.3925    0.0431      1.00      1.00      1.00     42.00      0.00       7.0590    0.0857      4.00      6.00      9.00     27.00      0.00
  1.6000   0.1800        6.7770    0.1041      4.00      6.00      8.00     60.00      0.00       1.7455    0.0563      1.00      1.00      1.00     33.00      0.00       6.3885    0.0789      4.00      6.00      8.00     23.00      0.00
  1.6000   0.1600        7.8135    0.1269      4.00      6.00     10.00     57.00      0.00       2.3105    0.0767      1.00      1.00      2.00     40.00      0.00       5.9900    0.0689      4.00      5.00      8.00     22.00      0.00
  1.6000   0.1400        9.2570    0.1710      5.00      7.00     11.00     98.00      0.00       3.2665    0.1163      1.00      1.00      3.00     76.00      0.00       5.8480    0.0682      4.00      5.00      7.00     21.00      0.00
  1.6000   0.1200       11.9470    0.2321      6.00      9.00     14.00    129.00      0.00       5.3570    0.1727      1.00      2.00      6.00     64.00      0.00       5.7805    0.0676      4.00      5.00      7.00     21.00      0.00
  1.6000   0.1000       16.7430    0.3589      6.00     11.00     21.00    135.00      0.00       8.6705    0.2660      1.00      4.00     11.00    124.00      0.00       5.6200    0.0696      4.00      5.00      7.00     21.00      0.00
  1.6000   0.0800       23.1070    0.5291      8.00     15.00     30.00    251.00      0.00      14.5970    0.4313      2.00      7.00     20.00    223.00      0.00       5.2060    0.0693      3.00      5.00      7.00     19.00      0.00
  1.6000   0.0600       36.4745    0.8595     11.00     24.00     50.00    453.00      0.00      25.5350    0.6688      5.00     15.00     35.00    201.00      0.00       4.9840    0.0762      3.00      5.00      7.00     22.00      0.00
  1.6000   0.0400       65.5950    1.4362     19.00     46.00     92.00    693.00      0.00      51.9215    1.2650     12.00     34.00     73.00    691.00      0.00       4.1520    0.0783      1.00      4.00      6.00     26.00      0.00
  1.6000   0.0200      120.2180    2.8045     32.00     81.00    165.00   1151.00      0.00     105.4575    2.5214     26.00     69.00    148.00   1151.00      0.00       2.2255    0.0713      0.00      0.00      4.00     18.00      0.00
  1.4000   0.2000        7.4620    0.0992      4.00      7.00     10.00     57.00      0.00       1.3670    0.0336      1.00      1.00      1.00     29.00      0.00       8.7015    0.1085      5.00      8.00     11.00     32.00      0.00
  1.4000   0.1800        8.5380    0.1297      5.00      7.00     11.00     55.00      0.00       1.7800    0.0603      1.00      1.00      1.00     39.00      0.00       8.1760    0.1027      5.00      7.00     10.00     35.00      0.00
  1.4000   0.1600        9.4725    0.1459      5.00      8.00     12.00     74.00      0.00       2.2575    0.0801      1.00      1.00      2.00     45.00      0.00       7.7750    0.0964      5.00      7.00     10.00     29.00      0.00
  1.4000   0.1400       11.1495    0.1991      6.00      9.00     14.00    142.00      0.00       3.3315    0.1207      1.00      1.00      3.00     54.00      0.00       7.2650    0.0890      4.00      7.00      9.00     32.00      0.00
  1.4000   0.1200       13.6005    0.2596      6.00     10.00     17.00    148.00      0.00       5.2595    0.1763      1.00      2.00      6.00     82.00      0.00       6.9585    0.0857      4.00      6.00      9.00     25.00      0.00
  1.4000   0.1000       18.2505    0.3762      8.00     13.00     23.00    258.00      0.00       8.6240    0.2943      1.00      4.00     11.00    252.00      0.00       7.0535    0.0907      4.00      7.00      9.00     23.00      0.00
  1.4000   0.0800       24.6330    0.5040      9.00     17.00     32.00    176.00      0.00      13.6790    0.3831      2.00      7.00     19.00    150.00      0.00       6.7070    0.0958      4.00      6.00      9.00     30.00      0.00
  1.4000   0.0600       41.4845    0.9337     13.00     27.00     56.00    351.00      0.00      26.8740    0.7285      4.00     16.00     38.00    311.00      0.00       6.0295    0.0971      3.00      6.00      9.00     29.00      0.00
  1.4000   0.0400       67.2585    1.4584     21.00     46.00     93.00    557.00      0.00      50.5220    1.2246     12.00     32.00     70.00    474.00      0.00       4.9320    0.0997      0.00      5.00      8.00     28.00      0.00
  1.4000   0.0200      137.1115    3.0735     38.00     95.00    183.00    984.00      0.00     115.7930    2.6354     29.00     80.00    165.00    984.00      0.00       2.6855    0.0907      0.00      0.00      5.00     28.00      0.00
  1.2000   0.2000        9.8260    0.1327      6.00      9.00     13.00     51.00      0.00       1.5045    0.0498      1.00      1.00      1.00     45.00      0.00      11.2480    0.1449      7.00     10.00     15.00     53.00      0.00
  1.2000   0.1800       10.6845    0.1501      6.00      9.00     14.00     65.00      0.00       1.7275    0.0541      1.00      1.00      1.00     27.00      0.00      10.8550    0.1414      6.00     10.00     14.00     50.00      0.00
  1.2000   0.1600       12.2425    0.2025      7.00     10.00     15.00    124.00      0.00       2.1555    0.0744      1.00      1.00      2.00     40.00      0.00      10.1645    0.1331      6.00      9.00     13.00     41.00      0.00
  1.2000   0.1400       13.8640    0.2259      7.00     11.00     18.00    117.00      0.00       3.3500    0.1281      1.00      1.00      3.00     71.00      0.00       9.5810    0.1211      6.00      9.00     13.00     34.00      0.00
  1.2000   0.1200       17.2705    0.2965      8.00     14.00     22.00    101.00      0.00       5.2450    0.1755      1.00      2.00      6.00     81.00      0.00       9.3885    0.1252      5.00      8.00     12.00     33.00      0.00
  1.2000   0.1000       22.0485    0.4278      9.00     16.00     28.00    189.00      0.00       8.6530    0.2763      1.00      4.00     11.00    189.00      0.00       9.0320    0.1271      5.00      8.00     12.00     38.00      0.00
  1.2000   0.0800       30.1550    0.6201     12.00     21.00     41.00    271.00      0.00      14.2015    0.4038      2.00      7.00     20.00    185.00      0.00       8.7515    0.1318      5.00      8.00     12.00     40.00      0.00
  1.2000   0.0600       45.6095    0.9585     15.00     32.00     63.00    376.00      0.00      26.6935    0.6941      5.00     16.00     38.00    228.00      0.00       7.8780    0.1348      3.00      7.00     11.00     42.00      0.00
  1.2000   0.0400       74.6735    1.6071     24.00     53.00    102.00    512.00      0.00      48.9655    1.1742     13.00     33.00     70.00    473.00      0.00       6.3415    0.1326      1.00      6.00     10.00     46.00      0.00
  1.2000   0.0200      139.8625    3.0213     44.00    100.00    192.00   1128.00      0.00     111.8600    2.4527     32.00     79.00    157.00   1056.00      0.00       3.0920    0.1126      0.00      0.00      5.00     40.00      0.00
  1.0000   0.2000       13.2310    0.1975      7.00     11.00     17.00     84.00      0.00       1.4355    0.0408      1.00      1.00      1.00     36.00      0.00      15.9340    0.2329      8.00     14.00     21.00     73.00      0.00
  1.0000   0.1800       14.9540    0.2233      8.00     13.00     20.00    112.00      0.00       1.8455    0.0644      1.00      1.00      1.00     51.00      0.00      15.1565    0.2148      8.00     13.00     20.00     68.00      0.00
  1.0000   0.1600       15.9630    0.2357      8.00     14.00     20.00     76.00      0.00       2.1510    0.0724      1.00      1.00      2.00     43.00      0.00      13.8965    0.2004      7.00     12.00     18.00     57.00      0.00
  1.0000   0.1400       18.6115    0.3006      9.00     16.00     24.00    127.00      0.00       3.2390    0.1275      1.00      1.00      3.00     99.00      0.00      13.5135    0.1944      7.00     12.00     18.00     54.00      0.00
  1.0000   0.1200       22.3020    0.3875     11.00     18.00     29.00    180.00      0.00       5.2985    0.1874      1.00      2.00      6.00     81.00      0.00      13.0590    0.1929      7.00     12.00     18.00     54.00      0.00
  1.0000   0.1000       28.0895    0.5032     13.00     22.00     36.00    206.00      0.00       8.2105    0.2569      1.00      3.00     10.00    112.00      0.00      13.1795    0.2038      7.00     12.00     18.00     69.00      0.00
  1.0000   0.0800       38.5350    0.7653     15.00     29.00     50.00    364.00      0.00      14.9345    0.4461      2.00      7.00     20.00    198.00      0.00      12.0590    0.2024      6.00     11.00     17.00     65.00      0.00
  1.0000   0.0600       54.4190    1.1837     19.00     38.00     72.00    496.00      0.00      25.6000    0.6762      4.00     15.00     36.00    251.00      0.00      10.2980    0.1923      3.00      9.00     15.00     67.00      0.00
  1.0000   0.0400       85.8665    1.8505     28.00     61.00    117.00    702.00      0.00      48.9020    1.1737     12.00     31.00     69.00    394.00      0.00       8.7410    0.2074      0.00      7.00     14.00     67.00      0.00
  1.0000   0.0200      148.7465    3.2568     44.00    104.00    206.00   1195.00      0.00     113.3225    2.6462     30.00     76.00    155.00   1061.00      0.00       4.3405    0.1620      0.00      0.00      7.00     47.00      0.00
  0.8000   0.2000       20.0415    0.3054     10.00     17.00     26.00    119.00      0.00       1.4475    0.0396      1.00      1.00      1.00     31.00      0.00      24.2985    0.3771     13.00     20.00     32.00    122.00      0.00
  0.8000   0.1800       22.4100    0.3496     11.00     19.00     30.00    119.00      0.00       1.7155    0.0583      1.00      1.00      1.00     36.00      0.00      23.4310    0.3768     11.00     20.00     31.00    112.00      0.00
  0.8000   0.1600       25.3370    0.4049     13.00     21.00     34.00    132.00      0.00       2.3025    0.0807      1.00      1.00      2.00     50.00      0.00      22.1025    0.3546     11.00     18.00     30.00    117.00      0.00
  0.8000   0.1400       28.7145    0.4922     13.00     24.00     39.00    206.00      0.00       3.4705    0.1340      1.00      1.00      3.00     63.00      0.00      21.0060    0.3491     10.00     17.00     28.00    113.00      0.00
  0.8000   0.1200       33.0835    0.5526     15.00     27.00     43.00    176.00      0.00       5.3675    0.1788      1.00      2.00      6.00     74.00      0.00      20.2675    0.3344     10.00     17.00     28.00    118.00      0.00
  0.8000   0.1000       38.7745    0.6679     17.00     32.00     51.00    237.00      0.00       8.6695    0.2661      1.00      4.00     11.00    113.00      0.00      19.0060    0.3341      8.00     16.00     26.00    102.00      0.00
  0.8000   0.0800       51.0665    0.9910     20.00     39.00     69.00    399.00      0.00      14.8290    0.4471      2.00      7.00     20.00    212.00      0.00      17.9940    0.3444      7.00     15.00     25.00    118.00      0.00
  0.8000   0.0600       67.8955    1.3358     25.00     51.00     92.00    404.00      0.00      25.4010    0.7042      4.00     14.00     35.00    339.00      0.00      15.3610    0.3298      4.00     12.00     23.00    122.00      0.00
  0.8000   0.0400      106.9510    2.2227     37.00     78.00    145.00    921.00      0.00      52.3265    1.2565     12.00     35.00     71.00    423.00      0.00      11.8020    0.3250      1.00      7.00     18.00    143.00      0.00
  0.8000   0.0200      153.2935    3.3704     43.00    108.00    213.00   1243.00      0.00     105.6070    2.4089     27.00     72.00    148.00    768.00      0.00       4.9690    0.2321      0.00      0.00      5.00    108.00      0.00
  0.6000   0.2000       36.1220    0.6256     17.00     29.00     48.00    242.00      0.00       1.4430    0.0418      1.00      1.00      1.00     27.00      0.00      44.4225    0.7764     19.00     36.00     60.00    239.00      0.00
  0.6000   0.1800       39.1615    0.6948     17.00     30.00     52.00    241.00      0.00       1.7545    0.0606      1.00      1.00      1.00     49.00      0.00      41.0505    0.7425     17.00     33.00     55.00    253.00      0.00
  0.6000   0.1600       44.8150    0.8357     18.00     35.00     60.00    304.00      0.00       2.4105    0.0885      1.00      1.00      2.00     42.00      0.00      39.7160    0.7693     15.00     31.00     54.00    258.00      0.00
  0.6000   0.1400       48.3700    0.9050     20.00     37.00     67.00    309.00      0.00       3.3640    0.1231      1.00      1.00      3.00     67.00      0.00      36.3605    0.6964     15.00     28.00     50.00    200.00      0.00
  0.6000   0.1200       56.8500    1.0346     24.00     45.00     76.00    365.00      0.00       5.2045    0.1850      1.00      2.00      6.00     87.00      0.00      36.1080    0.7049     14.00     29.00     49.00    335.00      0.00
  0.6000   0.1000       64.5635    1.2684     26.00     50.00     86.00    499.00      0.00       7.9525    0.2558      1.00      3.00     10.00    115.00      0.00      33.3620    0.6859     11.00     25.00     47.00    207.00      0.00
  0.6000   0.0800       81.1060    1.5577     31.00     63.00    109.00    531.00      0.00      14.9890    0.4426      2.00      7.00     20.00    228.00      0.00      29.4455    0.6561      8.00     21.00     42.00    265.00      0.00
  0.6000   0.0600       99.0840    2.0520     35.00     74.00    135.00    849.00      0.00      26.4525    0.6945      5.00     16.00     37.00    282.00      0.00      23.0040    0.5813      3.00     15.00     33.00    201.00      0.00
  0.6000   0.0400      141.6130    3.0702     46.00    100.00    190.00   1378.00      0.00      54.6810    1.2865     13.00     37.00     77.00    514.00      0.00      16.4795    0.5360      0.00      7.00     23.00    264.00      0.00
  0.6000   0.0200      173.9700    3.9090     53.00    121.00    236.00   1289.00      0.00     106.6850    2.3787     30.00     76.00    147.00    953.00      0.00       5.5540    0.2892      0.00      0.00      4.00    126.00      0.00
  0.4000   0.2000       79.7465    1.7283     28.00     58.00    105.00    738.00      0.00       1.4295    0.0393      1.00      1.00      1.00     29.00      0.00      96.9895    2.1020     32.00     69.00    129.00    777.00      0.00
  0.4000   0.1800       90.6725    1.8137     32.00     68.00    124.00    555.00      0.00       1.6670    0.0522      1.00      1.00      1.00     26.00      0.00      92.8380    1.8934     30.00     68.00    129.00    595.00      0.00
  0.4000   0.1600       96.4450    2.1576     31.00     68.00    131.00   1025.00      0.00       2.2490    0.0797      1.00      1.00      2.00     55.00      0.00      81.5040    1.8960     24.00     55.00    112.00   1095.00      0.00
  0.4000   0.1400      106.6705    2.2287     37.00     79.00    145.00    760.00      0.00       3.2475    0.1140      1.00      1.00      3.00     67.00      0.00      73.8790    1.5768     23.00     54.00    103.00    534.00      0.00
  0.4000   0.1200      114.5925    2.4612     36.00     83.00    158.00   1000.00      0.00       5.3005    0.1870      1.00      2.00      6.00     73.00      0.00      65.5060    1.4876     17.00     47.00     91.00    618.00      0.00
  0.4000   0.1000      128.3335    2.7785     40.00     92.00    178.00    890.00      0.00       8.9110    0.2878      1.00      4.00     11.00    165.00      0.00      55.0145    1.3221     13.00     37.00     77.00    459.00      0.00
  0.4000   0.0800      140.1605    3.0813     45.00    101.00    196.00   1306.00      0.00      14.6080    0.4290      2.00      7.00     20.00    145.00      0.00      42.7780    1.1228      8.00     28.00     59.00    657.00      0.00
  0.4000   0.0600      150.4000    3.2492     46.00    106.00    211.00    998.00      0.00      25.1335    0.6773      4.00     14.00     35.00    247.00      0.00      28.7165    0.8680      3.00     14.00     40.00    428.00      0.00
  0.4000   0.0400      183.1505    4.0995     53.00    126.00    257.00   1434.00      0.00      52.2130    1.2694     12.00     36.00     73.00    529.00      0.00      16.6315    0.5836      0.00      5.00     22.00    191.00      0.00
  0.4000   0.0200      197.0470    4.3306     56.00    140.00    271.00   1884.00      0.00     112.0110    2.4577     31.00     79.00    158.00    724.00      0.00       3.9545    0.2268      0.00      0.00      3.00    115.00      0.00
  0.2000   0.2000      170.6520    3.6966     49.00    122.00    239.00   1288.00      0.00       1.4610    0.0430      1.00      1.00      1.00     35.00      0.00     186.3210    4.2216     50.00    129.00    258.00   1411.00      0.00
  0.2000   0.1800      164.2575    3.5389     52.00    118.00    226.00   1245.00      0.00       1.8885    0.0719      1.00      1.00      1.00     57.00      0.00     148.8045    3.3893     42.00    105.00    204.00   1329.00      0.00
  0.2000   0.1600      167.2230    3.7276     48.00    117.00    228.00   1316.00      0.00       2.4920    0.0920      1.00      1.00      2.00     55.00      0.00     123.4535    2.8285     32.00     85.00    173.00   1090.00      0.00
  0.2000   0.1400      173.1660    3.9933     48.00    119.00    240.00   1789.00      0.00       3.2310    0.1151      1.00      1.00      3.00     51.00      0.00     103.7230    2.4978     27.00     69.00    142.00    922.00      0.00
  0.2000   0.1200      179.1140    3.9597     50.00    125.00    251.00   1338.00      0.00       5.6420    0.1845      1.00      2.00      7.00     93.00      0.00      80.0710    1.8413     20.00     53.00    113.00    562.00      0.00
  0.2000   0.1000      193.2965    4.2007     60.00    137.00    266.00   1320.00      0.00       8.3345    0.2606      1.00      4.00     10.00    108.00      0.00      63.9590    1.5412     16.00     42.00     88.00    500.00      0.00
  0.2000   0.0800      193.0175    4.2705     55.00    135.00    268.00   1562.00      0.00      14.7770    0.4485      2.00      7.00     20.00    264.00      0.00      40.9785    1.0522      8.00     25.00     58.00    522.00      0.00
  0.2000   0.0600      194.6200    4.1976     59.00    139.00    271.00   1484.00      0.00      26.4115    0.6887      5.00     16.00     37.00    240.00      0.00      24.3385    0.6598      3.00     13.00     35.00    290.00      0.00
  0.2000   0.0400      198.9925    4.5574     58.00    138.00    272.00   1592.00      0.00      49.8430    1.2181     11.00     32.00     70.00    447.00      0.00      11.8820    0.4150      0.00      4.00     15.00    141.00      0.00
  0.2000   0.0200      202.3195    4.4632     58.00    139.00    289.00   1879.00      0.00     109.9825    2.5381     30.00     76.00    151.00   1113.00      0.00       3.0995    0.1592      0.00      0.00      3.00     77.00      0.00
