Amp Radius  OC_Mean OC_Std OC_Q1 OC_Med OC_Q3 OC_Max OC_Min  Exp_Mean Exp_Std Exp_Q1 Exp_Med Exp_Q3 Exp_Max Exp_Min  Num_Mean Num_Std Num_Q1 Num_Med Num_Q3 Num_Max Num_Min
  2.0000   0.2000        6.7540    0.0808      4.00      6.00      9.00     26.00      0.00       1.3200    0.0135      1.00      1.00      2.00      7.00      0.00       8.1840    0.0992      5.00      8.00     11.00     34.00      0.00
  2.0000   0.1800        7.3970    0.0892      5.00      7.00     10.00     27.00      0.00       1.4235    0.0155      1.00      1.00      2.00      5.00      0.00       7.5345    0.0944      4.00      7.00     10.00     28.00      0.00
  2.0000   0.1600        7.8770    0.1003      5.00      7.00     10.00     29.00      0.00       1.5990    0.0195      1.00      1.00      2.00      7.00      0.00       6.6140    0.0876      4.00      6.00      9.00     28.00      0.00
  2.0000   0.1400        9.0620    0.1131      5.00      8.00     12.00     36.00      0.00       1.7955    0.0227      1.00      2.00      2.00      8.00      0.00       6.2000    0.0780      4.00      6.00      8.00     23.00      0.00
  2.0000   0.1200       10.5650    0.1368      6.00     10.00     14.00     53.00      0.00       2.1565    0.0289      1.00      2.00      3.00      9.00      0.00       5.5955    0.0710      3.00      5.00      7.00     22.00      0.00
  2.0000   0.1000       12.3730    0.1702      7.00     11.00     16.00     55.00      0.00       2.6950    0.0388      1.00      2.00      4.00     16.00      0.00       4.9280    0.0659      3.00      4.00      6.00     24.00      0.00
  2.0000   0.0800       16.0380    0.2337      9.00     14.00     21.00     95.00      0.00       3.9020    0.0649      2.00      3.00      5.00     31.00      0.00       4.3925    0.0590      3.00      4.00      6.00     21.00      0.00
  2.0000   0.0600       21.6260    0.3611     10.00     18.00     28.00    129.00      0.00       6.7320    0.1494      3.00      5.00      8.00    104.00      0.00       3.9445    0.0532      2.00      4.00      5.00     18.00      0.00
  2.0000   0.0400       39.2420    0.7609     16.00     29.00     52.00    313.00      0.00      17.6590    0.4137      5.00     11.00     24.00    145.00      0.00       3.5835    0.0546      2.00      3.00      5.00     16.00      0.00
  2.0000   0.0200       93.4115    2.0435     29.00     67.00    128.00    684.00      0.00      63.4795    1.4924     16.00     43.00     87.00    575.00      0.00       2.3440    0.0516      0.00      2.00      4.00     14.00      0.00
  1.8000   0.2000        8.0195    0.1020      5.00      7.00     11.00     30.00      0.00       1.3180    0.0135      1.00      1.00      2.00      5.00      0.00       9.6235    0.1250      6.00      9.00     13.00     37.00      0.00
  1.8000   0.1800        9.0780    0.1126      6.00      8.00     12.00     42.00      0.00       1.4450    0.0160      1.00      1.00      2.00      6.00      0.00       9.1655    0.1146      5.00      8.00     12.00     35.00      0.00
  1.8000   0.1600        9.9565    0.1270      6.00      9.00     13.00     42.00      0.00       1.5610    0.0184      1.00      1.00      2.00      6.00      0.00       8.3870    0.1076      5.00      8.00     11.00     31.00      0.00
  1.8000   0.1400       11.0865    0.1482      6.00     10.00     15.00     55.00      0.00       1.7500    0.0219      1.00      1.00      2.00     12.00      0.00       7.5660    0.1013      4.00      7.00     10.00     32.00      0.00
  1.8000   0.1200       12.6780    0.1744      7.00     11.00     17.00     73.00      0.00       2.1650    0.0297      1.00      2.00      3.00     13.00      0.00       6.7220    0.0919      4.00      6.00      9.00     29.00      0.00
  1.8000   0.1000       15.6330    0.2219      9.00     14.00     21.00    130.00      0.00       2.7050    0.0404      1.00      2.00      4.00     16.00      0.00       6.0725    0.0835      3.00      5.00      8.00     26.00      0.00
  1.8000   0.0800       19.2495    0.3019     10.00     16.00     25.00    126.00      0.00       3.7915    0.0745      2.00      3.00      5.00     58.00      0.00       5.3335    0.0764      3.00      5.00      7.00     25.00      0.00
  1.8000   0.0600       27.7120    0.4834     13.00     22.00     36.00    179.00      0.00       6.9865    0.1641      3.00      5.00      9.00    105.00      0.00       4.8210    0.0693      3.00      4.00      6.00     22.00      0.00
  1.8000   0.0400       46.3455    0.8597     19.00     36.00     62.00    267.00      0.00      18.7465    0.4347      5.00     13.00     26.00    162.00      0.00       4.1880    0.0672      2.00      4.00      6.00     23.00      0.00
  1.8000   0.0200      106.4335    2.2792     35.00     77.00    146.00    831.00      0.00      63.4590    1.4098     17.00     43.00     89.00    404.00      0.00       2.6865    0.0653      0.00      2.00      4.00     25.00      0.00
  1.6000   0.2000       10.3390    0.1331      6.00     10.00     14.00     43.00      0.00       1.3270    0.0141      1.00      1.00      2.00      6.00      0.00      12.4110    0.1620      7.00     12.00     17.00     47.00      0.00
  1.6000   0.1800       11.3370    0.1496      7.00     10.00     15.00     56.00      0.00       1.4090    0.0157      1.00      1.00      2.00      5.00      0.00      11.5515    0.1542      6.00     11.00     15.00     42.00      0.00
  1.6000   0.1600       12.6250    0.1697      7.00     11.00     17.00     67.00      0.00       1.5845    0.0188      1.00      1.00      2.00      6.00      0.00      10.5705    0.1382      6.00     10.00     14.00     40.00      0.00
  1.6000   0.1400       14.2100    0.1935      8.00     13.00     19.00     94.00      0.00       1.7940    0.0225      1.00      2.00      2.00      9.00      0.00       9.5370    0.1250      5.00      9.00     13.00     34.00      0.00
  1.6000   0.1200       16.4675    0.2323      9.00     15.00     22.00     93.00      0.00       2.1310    0.0299      1.00      2.00      3.00     11.00      0.00       8.5330    0.1157      5.00      8.00     11.00     31.00      0.00
  1.6000   0.1000       19.7360    0.3088     10.00     17.00     26.00    124.00      0.00       2.7275    0.0402      1.00      2.00      4.00     25.00      0.00       7.6040    0.1144      4.00      7.00     10.00     45.00      0.00
  1.6000   0.0800       25.4365    0.3913     13.00     22.00     34.00    157.00      0.00       3.7590    0.0659      2.00      3.00      5.00     49.00      0.00       6.8965    0.1010      4.00      6.00      9.00     38.00      0.00
  1.6000   0.0600       34.6550    0.6038     16.00     28.00     46.00    218.00      0.00       6.5720    0.1289      3.00      5.00      8.00     67.00      0.00       6.0110    0.0930      3.00      5.00      8.00     32.00      0.00
  1.6000   0.0400       56.4580    1.0980     23.00     43.00     75.00    389.00      0.00      17.2615    0.4053      5.00     12.00     23.00    126.00      0.00       5.2530    0.0932      2.00      4.00      7.00     32.00      0.00
  1.6000   0.0200      120.0300    2.5852     39.00     85.00    167.00    886.00      0.00      65.2410    1.4885     18.00     46.00     90.00    521.00      0.00       3.0005    0.0785      0.00      2.00      5.00     25.00      0.00
  1.4000   0.2000       13.6025    0.1799      8.00     12.00     18.00     72.00      0.00       1.3060    0.0133      1.00      1.00      2.00      5.00      0.00      16.2150    0.2156      9.00     14.00     21.00     59.00      0.00
  1.4000   0.1800       14.9070    0.2036      8.00     13.00     20.00     68.00      0.00       1.4085    0.0151      1.00      1.00      2.00      5.00      0.00      15.0825    0.2083      8.00     13.00     20.00     72.00      0.00
  1.4000   0.1600       16.3430    0.2378      9.00     14.00     22.00    101.00      0.00       1.5935    0.0194      1.00      1.00      2.00      7.00      0.00      13.4760    0.1911      7.00     12.00     18.00     54.00      0.00
  1.4000   0.1400       18.7055    0.2744     10.00     16.00     25.00     95.00      0.00       1.7790    0.0229      1.00      2.00      2.00     12.00      0.00      12.4660    0.1811      7.00     11.00     16.00     58.00      0.00
  1.4000   0.1200       22.4090    0.3601     11.00     19.00     30.00    169.00      0.00       2.1595    0.0291      1.00      2.00      3.00     11.00      0.00      11.4855    0.1802      6.00     10.00     16.00     72.00      0.00
  1.4000   0.1000       27.3530    0.4501     13.00     23.00     36.00    214.00      0.00       2.6515    0.0403      1.00      2.00      4.00     26.00      0.00      10.5095    0.1673      5.00      9.00     14.00     50.00      0.00
  1.4000   0.0800       35.8780    0.6261     17.00     28.00     49.00    191.00      0.00       3.8920    0.0778      2.00      3.00      5.00     50.00      0.00       9.2800    0.1510      5.00      8.00     13.00     49.00      0.00
  1.4000   0.0600       48.2055    0.8882     20.00     38.00     65.00    385.00      0.00       7.3480    0.1676      3.00      5.00      9.00     99.00      0.00       7.9230    0.1353      4.00      7.00     11.00     49.00      0.00
  1.4000   0.0400       73.6235    1.5103     26.00     54.00    101.00    576.00      0.00      17.7440    0.4298      5.00     11.00     24.00    166.00      0.00       6.5185    0.1247      2.00      5.00      9.00     41.00      0.00
  1.4000   0.0200      138.2230    3.0153     41.00    100.00    192.00   1281.00      0.00      63.5420    1.4405     16.00     42.00     89.00    423.00      0.00       3.2675    0.0900      0.00      2.00      5.00     28.00      0.00
  1.2000   0.2000       18.6925    0.2734     10.00     16.00     25.00     89.00      0.00       1.3375    0.0143      1.00      1.00      2.00      8.00      0.00      22.0065    0.3179     12.00     20.00     29.00    108.00      0.00
  1.2000   0.1800       20.5850    0.3213     10.00     17.00     27.00    126.00      0.00       1.4355    0.0159      1.00      1.00      2.00      5.00      0.00      20.5640    0.3210     10.00     17.00     27.00    110.00      0.00
  1.2000   0.1600       23.9815    0.3893     12.00     20.00     31.00    177.00      0.00       1.5575    0.0179      1.00      1.00      2.00      6.00      0.00      19.4930    0.3056     10.00     17.00     26.00    121.00      0.00
  1.2000   0.1400       27.1875    0.4365     13.00     23.00     36.00    159.00      0.00       1.8000    0.0225      1.00      2.00      2.00     11.00      0.00      17.5925    0.2755      9.00     15.00     24.00     97.00      0.00
  1.2000   0.1200       31.9705    0.5319     15.00     26.00     43.00    187.00      0.00       2.1230    0.0293      1.00      2.00      3.00     14.00      0.00      16.0545    0.2644      7.00     13.00     22.00     80.00      0.00
  1.2000   0.1000       39.1010    0.6790     17.00     31.00     54.00    251.00      0.00       2.6785    0.0402      1.00      2.00      4.00     22.00      0.00      14.3390    0.2440      6.00     12.00     20.00     80.00      0.00
  1.2000   0.0800       50.0890    0.9615     20.00     39.00     66.00    361.00      0.00       3.7675    0.0670      2.00      3.00      5.00     34.00      0.00      12.5100    0.2285      5.00     10.00     17.00     71.00      0.00
  1.2000   0.0600       67.8645    1.3270     27.00     52.00     91.00    454.00      0.00       6.7990    0.1460      3.00      5.00      9.00     59.00      0.00      10.4325    0.1922      4.00      8.00     14.00     66.00      0.00
  1.2000   0.0400      104.2325    2.2171     36.00     73.00    141.00    753.00      0.00      18.1635    0.4291      5.00     12.00     25.00    192.00      0.00       8.4685    0.1772      3.00      6.00     12.00     52.00      0.00
  1.2000   0.0200      156.9760    3.4116     46.00    112.00    219.00   1457.00      0.00      65.4405    1.5224     18.00     45.00     90.00    523.00      0.00       3.6630    0.1088      0.00      2.00      5.00     42.00      0.00
  1.0000   0.2000       28.6535    0.4990     14.00     23.00     37.00    209.00      0.00       1.3050    0.0132      1.00      1.00      2.00      5.00      0.00      33.1585    0.5480     16.00     27.00     44.00    239.00      0.00
  1.0000   0.1800       32.6520    0.5905     14.00     26.00     43.00    235.00      0.00       1.4410    0.0158      1.00      1.00      2.00      5.00      0.00      31.0975    0.5455     14.00     25.00     41.00    165.00      0.00
  1.0000   0.1600       36.5650    0.6638     16.00     29.00     49.00    233.00      0.00       1.6040    0.0193      1.00      1.00      2.00      8.00      0.00      29.0330    0.5144     13.00     23.00     40.00    168.00      0.00
  1.0000   0.1400       43.2045    0.8126     18.00     34.00     57.00    303.00      0.00       1.7860    0.0221      1.00      2.00      2.00      9.00      0.00      27.2160    0.5016     11.00     22.00     36.00    191.00      0.00
  1.0000   0.1200       51.2505    0.9940     21.00     39.00     68.00    369.00      0.00       2.1420    0.0281      1.00      2.00      3.00     10.00      0.00      24.3770    0.4519     10.00     19.00     33.00    201.00      0.00
  1.0000   0.1000       61.5195    1.1949     24.00     46.00     81.00    531.00      0.00       2.7165    0.0400      1.00      2.00      4.00     19.00      0.00      21.3670    0.4045      9.00     16.00     29.00    157.00      0.00
  1.0000   0.0800       79.9320    1.5836     28.00     59.00    110.00    460.00      0.00       3.8655    0.0759      2.00      3.00      5.00     47.00      0.00      18.6310    0.3661      7.00     15.00     25.00    101.00      0.00
  1.0000   0.0600      103.5625    2.1363     36.00     74.00    144.00    632.00      0.00       6.8250    0.1510      3.00      5.00      8.00     85.00      0.00      14.7760    0.3039      5.00     11.00     20.00     85.00      0.00
  1.0000   0.0400      131.1350    2.7900     43.00     93.00    180.00   1080.00      0.00      17.6635    0.4039      5.00     12.00     24.00    131.00      0.00       9.5125    0.2128      3.00      7.00     13.00     70.00      0.00
  1.0000   0.0200      176.0990    3.9484     50.00    119.00    245.00   1179.00      0.00      62.6355    1.4190     17.00     43.00     86.00    554.00      0.00       3.4000    0.1050      0.00      2.00      5.00     45.00      0.00
  0.8000   0.2000       51.3085    1.0337     20.00     38.00     68.00    377.00      0.00       1.3170    0.0135      1.00      1.00      2.00      5.00      0.00      57.2070    1.1131     22.00     44.00     76.00    405.00      0.00
  0.8000   0.1800       56.2980    1.1373     21.00     41.00     76.00    465.00      0.00       1.4060    0.0158      1.00      1.00      2.00      6.00      0.00      52.3230    1.0197     20.00     38.00     71.00    344.00      0.00
  0.8000   0.1600       63.1610    1.3893     22.00     45.00     83.00    636.00      0.00       1.5695    0.0188      1.00      1.00      2.00      6.00      0.00      47.9460    1.0086     17.00     35.00     63.00    335.00      0.00
  0.8000   0.1400       73.4695    1.5192     27.00     54.00    100.00    592.00      0.00       1.7895    0.0225      1.00      2.00      2.00     11.00      0.00      44.3790    0.9166     16.00     33.00     61.00    368.00      0.00
  0.8000   0.1200       84.5085    1.8075     28.00     62.00    115.00    757.00      0.00       2.1440    0.0280      1.00      2.00      3.00     11.00      0.00      38.6645    0.8147     13.00     28.00     53.00    256.00      0.00
  0.8000   0.1000      104.4970    2.3166     32.00     73.00    143.00    898.00      0.00       2.6980    0.0416      1.00      2.00      4.00     23.00      0.00      34.1815    0.7550     11.00     24.00     46.00    270.00      0.00
  0.8000   0.0800      124.5065    2.6606     39.00     90.00    171.00    784.00      0.00       3.7985    0.0616      2.00      3.00      5.00     34.00      0.00      26.9580    0.5758      8.00     20.00     37.00    174.00      0.00
  0.8000   0.0600      143.3895    3.0490     43.00    102.00    200.00   1029.00      0.00       6.9910    0.1543      3.00      5.00      9.00     75.00      0.00      18.5600    0.3945      6.00     13.00     25.00    120.00      0.00
  0.8000   0.0400      171.0870    3.7985     50.00    119.00    238.00   1506.00      0.00      18.2710    0.4266      5.00     12.00     25.00    164.00      0.00      10.8820    0.2606      3.00      7.00     15.00     86.00      0.00
  0.8000   0.0200      197.1880    4.4150     57.00    137.00    271.00   1496.00      0.00      62.1710    1.4427     16.00     42.00     87.00    500.00      0.00       3.4885    0.1050      0.00      2.00      5.00     40.00      0.00
  0.6000   0.2000       89.8530    2.0061     30.00     61.00    122.00    985.00      0.00       1.3120    0.0135      1.00      1.00      2.00      5.00      0.00      96.0180    2.0820     32.00     68.00    132.00    760.00      0.00
  0.6000   0.1800      101.0320    2.2401     31.00     70.00    141.00   1040.00      0.00       1.4225    0.0155      1.00      1.00      2.00      5.00      0.00      91.7640    2.0345     27.00     65.00    124.00    753.00      0.00
  0.6000   0.1600      109.7280    2.4192     34.00     76.00    151.00    830.00      0.00       1.5465    0.0182      1.00      1.00      2.00      7.00      0.00      80.7040    1.7955     25.00     55.00    112.00    511.00      0.00
  0.6000   0.1400      122.9095    2.7286     36.00     86.00    171.00    979.00      0.00       1.8025    0.0230      1.00      2.00      2.00      9.00      0.00      71.3500    1.6362     21.00     49.00     98.00    641.00      0.00
  0.6000   0.1200      134.1015    2.9823     40.00     91.00    186.00   1082.00      0.00       2.1880    0.0288      1.00      2.00      3.00     10.00      0.00      57.8170    1.3166     17.00     39.00     80.00    512.00      0.00
  0.6000   0.1000      140.9340    3.2536     42.00     98.00    186.00   1179.00      0.00       2.7155    0.0415      1.00      2.00      4.00     23.00      0.00      43.2310    1.0123     12.00     29.00     58.00    370.00      0.00
  0.6000   0.0800      166.7695    3.6006     53.00    122.00    232.00   1470.00      0.00       3.8525    0.0665      2.00      3.00      5.00     46.00      0.00      33.9660    0.7494     11.00     25.00     47.00    309.00      0.00
  0.6000   0.0600      169.2305    3.8274     49.00    116.00    232.00   1552.00      0.00       6.8070    0.1467      3.00      5.00      8.00     81.00      0.00      19.8830    0.4544      5.00     14.00     28.00    193.00      0.00
  0.6000   0.0400      187.8585    4.2763     53.00    124.00    256.00   1271.00      0.00      17.8350    0.4245      5.00     12.00     23.00    201.00      0.00      10.4755    0.2505      2.00      7.00     15.00     78.00      0.00
  0.6000   0.0200      199.3575    4.5678     56.00    138.00    278.00   1718.00      0.00      61.6610    1.4198     17.00     42.00     83.00    521.00      0.00       3.0050    0.0917      0.00      1.00      4.00     29.00      0.00
  0.4000   0.2000      149.0530    3.4269     42.00    102.00    202.00   1382.00      0.00       1.3275    0.0138      1.00      1.00      2.00      7.00      0.00     158.0745    3.6959     45.00    106.00    213.00   1353.00      0.00
  0.4000   0.1800      158.2330    3.5251     48.00    112.00    223.00   1613.00      0.00       1.4045    0.0150      1.00      1.00      2.00      5.00      0.00     140.2480    3.2187     41.00     96.00    197.00   1253.00      0.00
  0.4000   0.1600      158.7745    3.5749     45.00    108.00    220.00   1536.00      0.00       1.5775    0.0190      1.00      1.00      2.00      8.00      0.00     113.3320    2.6628     32.00     74.00    158.00   1289.00      0.00
  0.4000   0.1400      169.5795    3.8145     49.00    118.00    234.00   1638.00      0.00       1.8225    0.0234      1.00      2.00      2.00      8.00      0.00      93.9345    2.1540     26.00     63.00    127.00    668.00      0.00
  0.4000   0.1200      178.7585    4.1662     52.00    116.00    252.00   1483.00      0.00       2.1260    0.0289      1.00      2.00      3.00     18.00      0.00      75.0110    1.8116     20.00     48.00    105.00    616.00      0.00
  0.4000   0.1000      175.4470    3.8573     53.00    122.00    243.00   1215.00      0.00       2.7675    0.0403      1.00      2.00      4.00     18.00      0.00      52.4485    1.1742     15.00     35.00     73.00    420.00      0.00
  0.4000   0.0800      192.9685    4.3554     57.00    133.00    265.00   1427.00      0.00       3.8065    0.0689      2.00      3.00      5.00     40.00      0.00      37.3345    0.8605     10.00     25.00     52.00    296.00      0.00
  0.4000   0.0600      192.1625    4.3046     55.00    129.00    269.00   1424.00      0.00       6.6660    0.1333      3.00      5.00      9.00     57.00      0.00      21.4020    0.4923      6.00     15.00     30.00    171.00      0.00
  0.4000   0.0400      201.9750    4.6533     52.00    134.00    280.00   1728.00      0.00      17.0345    0.3844      5.00     11.00     24.00    149.00      0.00      10.4410    0.2491      2.00      7.00     15.00     74.00      0.00
  0.4000   0.0200      199.5690    4.4704     60.00    139.00    278.00   1708.00      0.00      66.3695    1.5465     17.00     44.00     90.00    507.00      0.00       2.5890    0.0735      0.00      1.00      4.00     22.00      0.00
  0.2000   0.2000      194.3210    4.2789     56.00    136.00    269.00   1409.00      0.00       1.3110    0.0134      1.00      1.00      2.00      6.00      0.00     203.7410    4.6615     57.00    137.00    283.00   1657.00      0.00
  0.2000   0.1800      190.9075    4.2688     54.00    131.00    266.00   1296.00      0.00       1.4475    0.0167      1.00      1.00      2.00      7.00      0.00     166.8520    3.9340     45.00    112.00    231.00   1259.00      0.00
  0.2000   0.1600      201.3250    4.4105     59.00    142.00    277.00   1515.00      0.00       1.5930    0.0191      1.00      1.00      2.00      8.00      0.00     140.8745    3.1635     38.00     97.00    196.00   1151.00      0.00
  0.2000   0.1400      188.8220    4.2557     51.00    134.00    259.00   1351.00      0.00       1.8600    0.0236      1.00      2.00      2.00      7.00      0.00     102.7815    2.4113     27.00     69.00    139.00    823.00      0.00
  0.2000   0.1200      199.6955    4.4503     59.00    137.00    273.00   1803.00      0.00       2.1245    0.0288      1.00      2.00      3.00     13.00      0.00      81.8795    1.8758     23.00     55.00    113.00    767.00      0.00
  0.2000   0.1000      202.8430    4.4903     58.00    140.00    280.00   1430.00      0.00       2.6895    0.0400      1.00      2.00      4.00     18.00      0.00      58.7100    1.3285     17.00     40.00     80.00    455.00      0.00
  0.2000   0.0800      198.2085    4.4911     57.00    139.00    273.00   1958.00      0.00       3.8685    0.0729      2.00      3.00      5.00     34.00      0.00      37.1815    0.8598     10.00     25.00     52.00    410.00      0.00
  0.2000   0.0600      204.4170    4.7184     57.00    138.00    281.00   2000.00      0.00       6.8675    0.1532      3.00      5.00      9.00     80.00      0.00      22.1090    0.5259      6.00     15.00     30.00    240.00      0.00
  0.2000   0.0400      201.8040    4.5153     56.00    137.00    283.00   1605.00      0.00      18.4395    0.4543      5.00     12.00     25.00    225.00      0.00       9.8465    0.2351      2.00      6.00     14.00     91.00      0.00
  0.2000   0.0200      195.6880    4.4525     54.00    132.00    274.00   1426.00      0.00      63.3640    1.4659     17.00     43.00     89.00    466.00      0.00       2.5035    0.0728      0.00      1.00      3.00     28.00      0.00
