Amp Radius  OC_Mean OC_Std OC_Q1 OC_Med OC_Q3 OC_Max OC_Min  Exp_Mean Exp_Std Exp_Q1 Exp_Med Exp_Q3 Exp_Max Exp_Min  Num_Mean Num_Std Num_Q1 Num_Med Num_Q3 Num_Max Num_Min
  2.0000   0.2000        4.1250    0.0443      3.00      4.00      5.00     14.00      0.00       1.3815    0.0161      1.00      1.00      2.00      6.00      0.00       8.5510    0.1053      5.00      8.00     12.00     25.00      0.00
  2.0000   0.1800        4.4475    0.0485      3.00      4.00      6.00     14.00      0.00       1.5010    0.0190      1.00      1.00      2.00      6.00      0.00       8.2980    0.1029      4.00      8.00     12.00     23.00      0.00
  2.0000   0.1600        5.0685    0.0595      3.00      5.00      6.00     27.00      0.00       1.7750    0.0261      1.00      1.00      2.00     21.00      0.00       8.0300    0.1035      4.00      7.00     12.00     24.00      0.00
  2.0000   0.1400        5.6390    0.0690      3.00      5.00      7.00     25.00      0.00       1.9930    0.0290      1.00      2.00      3.00     12.00      0.00       7.6465    0.0998      4.00      7.00     11.00     24.00      0.00
  2.0000   0.1200        6.4210    0.0831      4.00      6.00      8.00     34.00      0.00       2.4000    0.0399      1.00      2.00      3.00     31.00      0.00       7.2955    0.0985      3.00      7.00     11.00     22.00      0.00
  2.0000   0.1000        7.8335    0.1125      4.00      7.00     10.00     43.00      0.00       3.1890    0.0613      1.00      3.00      4.00     41.00      0.00       7.0780    0.0946      3.00      6.00     11.00     19.00      0.00
  2.0000   0.0800       10.3635    0.1647      5.00      9.00     13.00     64.00      0.00       4.9185    0.1071      2.00      4.00      6.00     56.00      0.00       6.5165    0.0937      3.00      6.00     10.00     18.00      0.00
  2.0000   0.0600       16.8425    0.3246      7.00     13.00     21.00    125.00      0.00      10.3180    0.2687      3.00      6.00     13.00    117.00      0.00       6.2680    0.0931      3.00      5.00     10.00     17.00      0.00
  2.0000   0.0400       36.8065    0.8123     11.00     26.00     51.00    261.00      0.00      28.5295    0.7266      6.00     18.00     39.00    254.00      0.00       5.3330    0.0936      2.00      4.00      9.00     20.00      0.00
  2.0000   0.0200       97.6110    2.1599     27.00     67.00    139.00    640.00      0.00      86.8185    1.9532     22.00     60.00    125.00    624.00      0.00       3.0755    0.0834      0.00      2.00      6.00     18.00      0.00
  1.8000   0.2000        4.8115    0.0541      3.00      4.00      6.00     19.00      0.00       1.4010    0.0161      1.00      1.00      2.00      6.00      0.00       9.9915    0.1176      6.00     10.00     14.00     31.00      0.00
  1.8000   0.1800        5.0845    0.0601      3.00      5.00      6.00     31.00      0.00       1.5200    0.0196      1.00      1.00      2.00      9.00      0.00       9.4400    0.1142      5.00      9.00     13.00     30.00      0.00
  1.8000   0.1600        5.7365    0.0713      3.00      5.00      7.00     21.00      0.00       1.6980    0.0238      1.00      1.00      2.00      9.00      0.00       9.0340    0.1114      5.00      9.00     13.00     31.00      0.00
  1.8000   0.1400        6.6570    0.0867      4.00      6.00      8.00     38.00      0.00       1.9875    0.0283      1.00      2.00      3.00     11.00      0.00       8.8145    0.1085      5.00      9.00     13.00     24.00      0.00
  1.8000   0.1200        7.6700    0.1031      4.00      7.00     10.00     44.00      0.00       2.4420    0.0407      1.00      2.00      3.00     32.00      0.00       8.3110    0.1051      4.00      8.00     12.00     24.00      0.00
  1.8000   0.1000        9.1305    0.1355      5.00      8.00     12.00     51.00      0.00       3.1565    0.0653      1.00      2.00      4.00     46.00      0.00       7.9060    0.1036      4.00      8.00     12.00     24.00      0.00
  1.8000   0.0800       12.0040    0.1967      6.00     10.00     15.00     81.00      0.00       4.8210    0.1079      2.00      4.00      6.00     51.00      0.00       7.5745    0.1003      4.00      7.00     11.00     22.00      0.00
  1.8000   0.0600       19.2005    0.3928      8.00     14.00     24.00    224.00      0.00      10.5410    0.3076      3.00      6.00     12.00    216.00      0.00       7.0205    0.0992      3.00      7.00     11.00     24.00      0.00
  1.8000   0.0400       40.0890    0.8831     13.00     28.00     53.00    376.00      0.00      28.7025    0.7285      6.00     17.00     39.00    253.00      0.00       5.9290    0.1025      2.00      5.00     10.00     22.00      0.00
  1.8000   0.0200      100.7780    2.2357     29.00     68.00    143.00    695.00      0.00      85.9950    1.9662     22.00     58.00    124.00    695.00      0.00       3.3035    0.0908      0.00      1.00      6.00     20.00      0.00
  1.6000   0.2000        5.6480    0.0664      4.00      5.00      7.00     29.00      0.00       1.4015    0.0163      1.00      1.00      2.00      6.00      0.00      11.5880    0.1290      7.00     12.00     15.00     36.00      0.00
  1.6000   0.1800        6.0940    0.0737      4.00      5.00      8.00     25.00      0.00       1.5210    0.0188      1.00      1.00      2.00      6.00      0.00      10.8680    0.1276      6.00     11.00     15.00     31.00      0.00
  1.6000   0.1600        6.8790    0.0861      4.00      6.00      9.00     34.00      0.00       1.7255    0.0232      1.00      1.00      2.00      8.00      0.00      10.6100    0.1247      6.00     11.00     14.00     34.00      0.00
  1.6000   0.1400        7.8225    0.1048      5.00      7.00     10.00     46.00      0.00       2.0310    0.0305      1.00      2.00      3.00     13.00      0.00      10.1895    0.1193      6.00     10.00     14.00     32.00      0.00
  1.6000   0.1200        9.0325    0.1232      5.00      8.00     12.00     46.00      0.00       2.4070    0.0374      1.00      2.00      3.00     19.00      0.00       9.6240    0.1124      6.00     10.00     13.00     30.00      0.00
  1.6000   0.1000       10.7250    0.1557      6.00      9.00     14.00     70.00      0.00       3.0845    0.0527      1.00      2.00      4.00     24.00      0.00       9.2600    0.1116      5.00     10.00     13.00     31.00      0.00
  1.6000   0.0800       13.7745    0.2250      7.00     11.00     18.00     91.00      0.00       4.5860    0.1028      2.00      3.00      6.00     41.00      0.00       8.6415    0.1071      4.00      9.00     12.00     24.00      0.00
  1.6000   0.0600       22.1395    0.4365     10.00     17.00     28.00    242.00      0.00      10.5835    0.2900      3.00      6.00     13.00    148.00      0.00       8.0065    0.1076      4.00      8.00     12.00     25.00      0.00
  1.6000   0.0400       45.5290    0.9586     15.00     32.00     62.00    326.00      0.00      29.0540    0.7390      6.00     18.00     39.00    319.00      0.00       6.8930    0.1121      3.00      7.00     11.00     27.00      0.00
  1.6000   0.0200      107.4525    2.3743     31.00     75.00    151.00    846.00      0.00      87.5845    1.9756     23.00     60.00    125.00    573.00      0.00       3.7585    0.1035      0.00      1.00      7.00     24.00      0.00
  1.4000   0.2000        6.6900    0.0798      4.00      6.00      8.00     33.00      0.00       1.3995    0.0160      1.00      1.00      2.00      7.00      0.00      13.5155    0.1476      9.00     13.00     18.00     44.00      0.00
  1.4000   0.1800        7.4005    0.0907      5.00      7.00      9.00     33.00      0.00       1.5185    0.0186      1.00      1.00      2.00      8.00      0.00      13.0200    0.1457      8.00     13.00     17.00     40.00      0.00
  1.4000   0.1600        8.3390    0.1083      5.00      7.00     11.00     45.00      0.00       1.7315    0.0233      1.00      1.00      2.00      8.00      0.00      12.4840    0.1393      8.00     12.00     16.00     41.00      0.00
  1.4000   0.1400        9.3605    0.1227      5.00      8.00     12.00     51.00      0.00       2.0095    0.0290      1.00      2.00      3.00     12.00      0.00      11.6890    0.1318      7.00     12.00     15.00     37.00      0.00
  1.4000   0.1200       10.9520    0.1517      6.00      9.00     14.00     73.00      0.00       2.3730    0.0371      1.00      2.00      3.00     14.00      0.00      11.1250    0.1266      7.00     11.00     15.00     36.00      0.00
  1.4000   0.1000       13.6640    0.2008      7.00     12.00     18.00     60.00      0.00       3.0390    0.0600      1.00      2.00      4.00     54.00      0.00      10.8365    0.1258      7.00     11.00     14.00     34.00      0.00
  1.4000   0.0800       17.0350    0.2983      8.00     14.00     22.00    241.00      0.00       4.8840    0.1242      2.00      4.00      6.00     78.00      0.00       9.7855    0.1190      6.00     10.00     14.00     33.00      0.00
  1.4000   0.0600       26.1375    0.4976     11.00     20.00     34.00    179.00      0.00       9.7710    0.2773      3.00      6.00     12.00    179.00      0.00       9.2995    0.1215      5.00     10.00     13.00     31.00      0.00
  1.4000   0.0400       50.9745    1.1050     17.00     36.00     67.00    422.00      0.00      28.5380    0.7535      6.00     17.00     39.00    413.00      0.00       7.7865    0.1237      3.00      8.00     12.00     24.00      0.00
  1.4000   0.0200      118.3280    2.4704     35.00     84.00    167.00    692.00      0.00      92.2845    2.1116     23.00     63.00    133.00    608.00      0.00       4.0915    0.1160      0.00      1.00      8.00     29.00      0.00
  1.2000   0.2000        8.5560    0.1058      5.00      8.00     11.00     34.00      0.00       1.3825    0.0161      1.00      1.00      2.00      6.00      0.00      16.3670    0.1819     11.00     16.00     21.00     58.00      0.00
  1.2000   0.1800        9.4650    0.1207      6.00      9.00     12.00     53.00      0.00       1.4915    0.0181      1.00      1.00      2.00      8.00      0.00      15.9540    0.1825     10.00     16.00     21.00     63.00      0.00
  1.2000   0.1600       10.2790    0.1381      6.00      9.00     13.00     63.00      0.00       1.7540    0.0245      1.00      1.00      2.00     11.00      0.00      14.5135    0.1686      9.00     14.00     19.00     50.00      0.00
  1.2000   0.1400       11.7900    0.1627      7.00     10.00     16.00     76.00      0.00       1.9725    0.0288      1.00      2.00      3.00     11.00      0.00      14.1310    0.1636      9.00     14.00     19.00     51.00      0.00
  1.2000   0.1200       14.1670    0.2105      8.00     12.00     18.00     95.00      0.00       2.3905    0.0404      1.00      2.00      3.00     31.00      0.00      13.4810    0.1556      8.00     13.00     18.00     52.00      0.00
  1.2000   0.1000       17.3495    0.2896      9.00     14.00     23.00    147.00      0.00       3.2085    0.0617      1.00      3.00      4.00     47.00      0.00      12.5960    0.1533      8.00     13.00     17.00     48.00      0.00
  1.2000   0.0800       22.4825    0.3973     11.00     18.00     29.00    278.00      0.00       4.8800    0.1370      2.00      4.00      6.00    167.00      0.00      11.8440    0.1446      7.00     12.00     16.00     39.00      0.00
  1.2000   0.0600       31.8630    0.5876     14.00     25.00     42.00    257.00      0.00       9.8215    0.2660      3.00      6.00     12.00    162.00      0.00      11.0205    0.1475      6.00     11.00     15.00     46.00      0.00
  1.2000   0.0400       59.5465    1.2553     21.00     43.00     78.00    436.00      0.00      27.7510    0.6942      6.00     17.00     39.00    304.00      0.00       9.1320    0.1496      3.00      9.00     14.00     36.00      0.00
  1.2000   0.0200      125.6035    2.7672     40.00     89.00    176.00   1192.00      0.00      88.7595    2.0766     23.00     59.00    124.00    945.00      0.00       4.7750    0.1402      0.00      1.00      9.00     52.00      0.00
  1.0000   0.2000       11.5495    0.1602      7.00     10.00     15.00     64.00      0.00       1.3690    0.0155      1.00      1.00      2.00      6.00      0.00      20.8180    0.2506     13.00     20.00     27.00     80.00      0.00
  1.0000   0.1800       12.6290    0.1680      7.00     11.00     17.00     54.00      0.00       1.5370    0.0197      1.00      1.00      2.00      7.00      0.00      20.2340    0.2404     13.00     19.00     26.00     72.00      0.00
  1.0000   0.1600       14.4920    0.2031      8.00     13.00     19.00     66.00      0.00       1.7025    0.0228      1.00      1.00      2.00      7.00      0.00      19.3150    0.2322     12.00     18.00     25.00     71.00      0.00
  1.0000   0.1400       16.0800    0.2314      9.00     14.00     21.00     71.00      0.00       1.9795    0.0283      1.00      2.00      3.00     12.00      0.00      17.9575    0.2222     11.00     17.00     24.00     68.00      0.00
  1.0000   0.1200       19.0780    0.2933     10.00     16.00     25.00    144.00      0.00       2.3965    0.0372      1.00      2.00      3.00     12.00      0.00      17.0960    0.2100     11.00     16.00     22.00     76.00      0.00
  1.0000   0.1000       22.7940    0.3662     11.00     19.00     30.00    144.00      0.00       3.1795    0.0620      1.00      2.00      4.00     36.00      0.00      15.7255    0.2025     10.00     15.00     21.00     63.00      0.00
  1.0000   0.0800       31.1995    0.5703     14.00     25.00     41.00    321.00      0.00       4.9855    0.1317      2.00      3.00      6.00     75.00      0.00      14.4970    0.2013      8.00     14.00     20.00     76.00      0.00
  1.0000   0.0600       44.3505    0.8896     18.00     34.00     57.00    381.00      0.00      10.1935    0.2899      3.00      6.00     12.00    159.00      0.00      13.3835    0.1986      6.00     13.00     19.00     64.00      0.00
  1.0000   0.0400       74.9950    1.5909     25.00     54.00    103.00    715.00      0.00      27.9910    0.7186      6.00     17.00     38.00    224.00      0.00      10.5560    0.1986      2.00     10.00     16.00     55.00      0.00
  1.0000   0.0200      141.9420    3.1816     43.00     95.00    194.00   1194.00      0.00      91.5940    2.1285     25.00     62.00    126.00    819.00      0.00       4.8725    0.1672      0.00      1.00      8.00     47.00      0.00
  0.8000   0.2000       16.8215    0.2457      9.00     14.00     22.00     91.00      0.00       1.3990    0.0171      1.00      1.00      2.00      7.00      0.00      28.8280    0.3924     16.00     26.00     38.00    137.00      0.00
  0.8000   0.1800       19.0100    0.2837     10.00     17.00     25.00     93.00      0.00       1.5345    0.0189      1.00      1.00      2.00      8.00      0.00      28.1345    0.3741     16.00     25.00     37.00    113.00      0.00
  0.8000   0.1600       21.6595    0.3373     11.00     18.00     28.00    131.00      0.00       1.6810    0.0222      1.00      1.00      2.00      8.00      0.00      27.2820    0.3777     15.00     24.00     36.00    116.00      0.00
  0.8000   0.1400       24.8420    0.4173     12.00     21.00     32.00    219.00      0.00       1.9680    0.0289      1.00      2.00      3.00     11.00      0.00      25.5560    0.3559     15.00     23.00     33.00    129.00      0.00
  0.8000   0.1200       30.2845    0.5465     14.00     24.00     39.00    287.00      0.00       2.4910    0.0437      1.00      2.00      3.00     42.00      0.00      23.8375    0.3454     14.00     21.00     32.00    118.00      0.00
  0.8000   0.1000       36.7185    0.6511     16.00     29.00     49.00    194.00      0.00       3.1895    0.0578      1.00      3.00      4.00     27.00      0.00      22.1480    0.3304     12.00     20.00     30.00    115.00      0.00
  0.8000   0.0800       46.8755    0.8665     20.00     37.00     62.00    305.00      0.00       4.7680    0.1099      2.00      4.00      6.00     55.00      0.00      19.6815    0.3043     10.00     18.00     26.00     90.00      0.00
  0.8000   0.0600       65.2200    1.2975     25.00     48.00     87.00    389.00      0.00      10.7835    0.3036      3.00      6.00     13.00    193.00      0.00      17.0370    0.2941      7.00     15.00     24.00     89.00      0.00
  0.8000   0.0400      100.7220    2.0666     36.00     72.00    138.00    720.00      0.00      28.9145    0.7310      6.00     18.00     41.00    398.00      0.00      12.8835    0.2763      2.00     11.00     20.00     75.00      0.00
  0.8000   0.0200      163.8955    3.6430     49.00    114.00    222.00   1467.00      0.00      89.8650    2.1065     24.00     60.00    124.00    797.00      0.00       5.3710    0.2017      0.00      1.00      7.00     65.00      0.00
  0.6000   0.2000       31.8170    0.5717     14.00     25.00     43.00    249.00      0.00       1.3635    0.0146      1.00      1.00      2.00      5.00      0.00      49.1940    0.8090     24.00     41.00     66.00    253.00      0.00
  0.6000   0.1800       34.5620    0.6013     16.00     28.00     47.00    232.00      0.00       1.5615    0.0202      1.00      1.00      2.00      7.00      0.00      45.6855    0.7397     22.00     38.00     62.00    277.00      0.00
  0.6000   0.1600       40.2860    0.7625     18.00     32.00     53.00    430.00      0.00       1.7155    0.0231      1.00      1.00      2.00      9.00      0.00      43.8485    0.7271     21.00     37.00     59.00    266.00      0.00
  0.6000   0.1400       46.2495    0.8787     18.00     36.00     60.00    300.00      0.00       1.9985    0.0292      1.00      2.00      3.00     12.00      0.00      40.4290    0.6961     19.00     33.00     55.00    216.00      0.00
  0.6000   0.1200       55.6520    1.0520     24.00     42.00     74.00    386.00      0.00       2.4555    0.0389      1.00      2.00      3.00     16.00      0.00      38.9660    0.6869     17.00     32.00     53.00    219.00      0.00
  0.6000   0.1000       64.0655    1.3133     23.00     48.00     87.00    495.00      0.00       3.1810    0.0611      1.00      3.00      4.00     51.00      0.00      32.6850    0.5993     13.00     27.00     45.00    212.00      0.00
  0.6000   0.0800       87.9425    1.8681     31.00     65.00    116.00    716.00      0.00       4.9795    0.1328      2.00      4.00      6.00    101.00      0.00      30.1935    0.5852     12.00     24.00     41.00    242.00      0.00
  0.6000   0.0600      105.2005    2.1784     37.00     77.00    142.00   1051.00      0.00      10.0800    0.2518      3.00      6.00     12.00    104.00      0.00      22.2480    0.4660      6.00     17.00     32.00    149.00      0.00
  0.6000   0.0400      139.6310    2.9696     43.00    101.00    193.00    925.00      0.00      28.5080    0.7216      6.00     17.00     39.00    292.00      0.00      14.6120    0.3824      2.00      9.00     22.00    135.00      0.00
  0.6000   0.0200      181.5815    3.9974     54.00    128.00    253.00   1314.00      0.00      87.7720    2.0429     24.00     61.00    123.00    860.00      0.00       4.8210    0.2103      0.00      1.00      5.00     89.00      0.00
  0.4000   0.2000       74.5360    1.6059     24.00     53.00    102.00    594.00      0.00       1.3905    0.0163      1.00      1.00      2.00      6.00      0.00      99.7480    2.1004     33.00     71.00    136.00    746.00      0.00
  0.4000   0.1800       84.3280    1.7699     29.00     62.00    115.00    778.00      0.00       1.5415    0.0197      1.00      1.00      2.00      7.00      0.00      92.3195    1.8372     33.00     69.00    127.00    658.00      0.00
  0.4000   0.1600       91.9450    1.9350     31.00     65.00    128.00    876.00      0.00       1.7340    0.0238      1.00      1.00      2.00     13.00      0.00      83.4400    1.7206     29.00     60.00    116.00    609.00      0.00
  0.4000   0.1400      105.1640    2.3325     33.00     74.00    141.00    997.00      0.00       1.9440    0.0271      1.00      2.00      3.00      9.00      0.00      75.5190    1.6792     24.00     52.00    101.00    859.00      0.00
  0.4000   0.1200      119.9645    2.5161     40.00     86.00    167.00    832.00      0.00       2.3980    0.0387      1.00      2.00      3.00     20.00      0.00      65.3685    1.3857     21.00     47.00     89.00    386.00      0.00
  0.4000   0.1000      131.8520    2.8373     42.00     95.00    181.00    933.00      0.00       3.1605    0.0585      1.00      2.00      4.00     34.00      0.00      51.4725    1.1334     16.00     35.00     70.00    400.00      0.00
  0.4000   0.0800      155.2305    3.3777     48.00    111.00    212.00   1197.00      0.00       4.7970    0.1125      2.00      3.00      6.00     63.00      0.00      40.2850    0.8986     11.00     29.00     56.00    303.00      0.00
  0.4000   0.0600      173.7665    3.8639     53.00    121.00    239.00   1205.00      0.00      10.2210    0.2801      3.00      6.00     12.00    123.00      0.00      26.8370    0.6495      6.00     18.00     36.00    225.00      0.00
  0.4000   0.0400      179.4015    3.9830     50.00    123.00    247.00   1213.00      0.00      28.2000    0.7129      6.00     17.00     40.00    264.00      0.00      13.0445    0.3764      2.00      7.00     18.00    141.00      0.00
  0.4000   0.0200      193.3070    4.3390     53.00    132.00    271.00   1462.00      0.00      87.6615    2.0754     21.00     57.00    122.00    815.00      0.00       3.4575    0.1689      0.00      1.00      3.00     79.00      0.00
  0.2000   0.2000      164.5150    3.5623     48.00    120.00    230.00   1246.00      0.00       1.3870    0.0164      1.00      1.00      2.00      7.00      0.00     185.1500    4.1417     52.00    129.00    257.00   1730.00      0.00
  0.2000   0.1800      175.2050    4.1264     47.00    117.00    239.00   1649.00      0.00       1.5280    0.0196      1.00      1.00      2.00      7.00      0.00     161.9165    3.9131     42.00    105.00    219.00   1588.00      0.00
  0.2000   0.1600      171.9270    3.9937     47.00    115.00    236.00   1400.00      0.00       1.6955    0.0234      1.00      1.00      2.00     14.00      0.00     128.2215    3.1175     33.00     84.00    174.00   1193.00      0.00
  0.2000   0.1400      184.1195    4.0740     54.00    131.00    250.00   1429.00      0.00       1.9780    0.0306      1.00      2.00      3.00     17.00      0.00     107.5615    2.4866     30.00     75.00    145.00    937.00      0.00
  0.2000   0.1200      180.1720    3.9062     52.00    126.00    248.00   1121.00      0.00       2.4390    0.0394      1.00      2.00      3.00     22.00      0.00      80.1985    1.8031     21.00     55.00    110.00    542.00      0.00
  0.2000   0.1000      190.2420    4.0781     57.00    138.00    262.00   1368.00      0.00       3.1835    0.0644      1.00      2.00      4.00     50.00      0.00      58.8405    1.2991     17.00     42.00     83.00    410.00      0.00
  0.2000   0.0800      190.3245    4.2341     59.00    134.00    255.00   1633.00      0.00       4.6950    0.1151      2.00      4.00      6.00     73.00      0.00      38.4045    0.8940     11.00     26.00     53.00    420.00      0.00
  0.2000   0.0600      198.7445    4.4540     60.00    137.00    272.00   1718.00      0.00       9.6915    0.2496      3.00      6.00     12.00     83.00      0.00      23.4190    0.5629      6.00     15.00     33.00    235.00      0.00
  0.2000   0.0400      201.2665    4.4693     57.00    140.00    278.00   1584.00      0.00      29.0050    0.7266      6.00     18.00     40.00    311.00      0.00      10.9565    0.3026      2.00      6.00     15.00     97.00      0.00
  0.2000   0.0200      195.2270    4.6342     52.00    126.00    263.00   1595.00      0.00      85.4920    2.0601     20.00     56.00    119.00    897.00      0.00       2.6715    0.1090      0.00      1.00      3.00     63.00      0.00
