Amp Radius  OC_Mean OC_Std OC_Q1 OC_Med OC_Q3 OC_Max OC_Min  Exp_Mean Exp_Std Exp_Q1 Exp_Med Exp_Q3 Exp_Max Exp_Min  Num_Mean Num_Std Num_Q1 Num_Med Num_Q3 Num_Max Num_Min
  2.0000   0.2000        3.8830    0.0483      2.00      3.00      5.00     16.00      0.00       1.6400    0.0244      1.00      1.00      2.00     11.00      0.00       9.8460    0.0888      7.00     10.00     12.00     23.00      0.00
  2.0000   0.1800        4.2680    0.0577      2.00      4.00      5.00     19.00      0.00       1.8750    0.0307      1.00      1.00      2.00     11.00      0.00       9.4955    0.0869      7.00     10.00     12.00     24.00      0.00
  2.0000   0.1600        4.7005    0.0631      3.00      4.00      6.00     22.00      0.00       2.1015    0.0331      1.00      2.00      3.00     10.00      0.00       9.3440    0.0845      7.00     10.00     12.00     20.00      0.00
  2.0000   0.1400        5.4835    0.0763      3.00      5.00      7.00     30.00      0.00       2.5095    0.0418      1.00      2.00      3.00     14.00      0.00       9.1825    0.0843      7.00     10.00     12.00     22.00      0.00
  2.0000   0.1200        6.4530    0.0975      3.00      5.00      8.00     39.00      0.00       3.0920    0.0559      1.00      2.00      4.00     21.00      0.00       8.8175    0.0843      6.00     10.00     11.00     20.00      0.00
  2.0000   0.1000        7.9160    0.1249      4.00      7.00     10.00     58.00      0.00       3.9470    0.0697      2.00      3.00      6.00     25.00      0.00       8.6195    0.0836      6.00     10.00     11.00     17.00      0.00
  2.0000   0.0800       10.9340    0.1954      5.00      9.00     14.00     85.00      0.00       6.0140    0.1273      2.00      5.00      8.00     80.00      0.00       8.3055    0.0842      6.00     10.00     11.00     19.00      0.00
  2.0000   0.0600       16.5910    0.3281      7.00     12.00     22.00    125.00      0.00      10.1070    0.2239      3.00      7.00     14.00    103.00      0.00       7.7735    0.0871      6.00      9.00     11.00     18.00      0.00
  2.0000   0.0400       37.3415    0.8103     12.00     26.00     51.00    265.00      0.00      28.6275    0.6827      7.00     18.00     40.00    264.00      0.00       6.5970    0.0927      3.00      7.00     10.00     18.00      0.00
  2.0000   0.0200      104.2175    2.3155     30.00     76.00    144.00    664.00      0.00      92.9950    2.0770     24.00     66.00    127.00    641.00      0.00       3.4990    0.0891      0.00      1.00      7.00     18.00      0.00
  1.8000   0.2000        4.4050    0.0594      3.00      4.00      6.00     27.00      0.00       1.6455    0.0242      1.00      1.00      2.00      8.00      0.00      10.5915    0.0940      8.00     11.00     13.00     29.00      0.00
  1.8000   0.1800        4.8080    0.0661      3.00      4.00      6.00     26.00      0.00       1.8720    0.0293      1.00      1.00      2.00     11.00      0.00      10.2210    0.0914      8.00     11.00     13.00     24.00      0.00
  1.8000   0.1600        5.3460    0.0751      3.00      5.00      7.00     31.00      0.00       2.1265    0.0353      1.00      2.00      3.00     14.00      0.00       9.9405    0.0890      7.00     11.00     12.00     24.00      0.00
  1.8000   0.1400        6.2530    0.0905      3.00      5.00      8.00     39.00      0.00       2.5320    0.0428      1.00      2.00      3.00     13.00      0.00       9.8815    0.0862      7.00     11.00     12.00     27.00      0.00
  1.8000   0.1200        7.3055    0.1101      4.00      6.00     10.00     37.00      0.00       3.0860    0.0579      1.00      2.00      4.00     25.00      0.00       9.5410    0.0859      7.00     10.00     12.00     22.00      0.00
  1.8000   0.1000        9.0545    0.1531      4.00      7.00     12.00     78.00      0.00       4.0815    0.0755      2.00      3.00      6.00     26.00      0.00       9.2355    0.0841      7.00     10.00     12.00     21.00      0.00
  1.8000   0.0800       12.4330    0.2240      6.00     10.00     16.00     99.00      0.00       6.0240    0.1258      2.00      5.00      8.00     73.00      0.00       8.9115    0.0881      6.00     10.00     11.00     25.00      0.00
  1.8000   0.0600       19.0075    0.3698      7.00     15.00     25.00    130.00      0.00      10.0210    0.2227      3.00      7.00     14.00    114.00      0.00       8.4105    0.0891      6.00     10.00     11.00     19.00      0.00
  1.8000   0.0400       39.0840    0.8384     14.00     28.00     53.00    335.00      0.00      27.2270    0.6444      7.00     18.00     37.00    293.00      0.00       7.2000    0.0972      4.00      8.00     11.00     20.00      0.00
  1.8000   0.0200      102.3300    2.3246     30.00     69.00    143.00    966.00      0.00      88.5335    2.0512     23.00     59.00    124.00    865.00      0.00       3.5570    0.0939      0.00      1.00      7.00     17.00      0.00
  1.6000   0.2000        4.9235    0.0688      3.00      4.00      6.00     35.00      0.00       1.6485    0.0248      1.00      1.00      2.00     11.00      0.00      11.5355    0.1002      9.00     12.00     14.00     29.00      0.00
  1.6000   0.1800        5.3020    0.0737      3.00      5.00      7.00     31.00      0.00       1.8200    0.0287      1.00      1.00      2.00      9.00      0.00      10.9065    0.0992      8.00     11.00     14.00     27.00      0.00
  1.6000   0.1600        6.1835    0.0863      3.00      5.00      8.00     44.00      0.00       2.0930    0.0343      1.00      2.00      3.00     11.00      0.00      11.1145    0.0944      9.00     11.00     14.00     29.00      0.00
  1.6000   0.1400        6.9950    0.1037      4.00      6.00      9.00     38.00      0.00       2.4930    0.0438      1.00      2.00      3.00     17.00      0.00      10.6320    0.0955      8.00     11.00     13.00     29.00      0.00
  1.6000   0.1200        8.2845    0.1301      4.00      7.00     11.00     54.00      0.00       2.9645    0.0508      1.00      2.00      4.00     17.00      0.00      10.3555    0.0940      8.00     11.00     13.00     28.00      0.00
  1.6000   0.1000       10.4960    0.1761      5.00      8.00     14.00     54.00      0.00       4.0650    0.0747      2.00      3.00      6.00     25.00      0.00      10.0215    0.0891      8.00     11.00     12.00     25.00      0.00
  1.6000   0.0800       14.2980    0.2589      6.00     11.00     18.00    101.00      0.00       5.6980    0.1114      2.00      4.00      8.00     50.00      0.00       9.7405    0.0928      7.00     10.00     12.00     24.00      0.00
  1.6000   0.0600       22.2190    0.4130      9.00     17.00     30.00    146.00      0.00      10.7605    0.2382      3.00      8.00     14.00    112.00      0.00       9.0505    0.0971      7.00     10.00     12.00     26.00      0.00
  1.6000   0.0400       44.8350    0.9595     14.00     31.00     63.00    349.00      0.00      28.3040    0.6784      7.00     18.00     39.00    256.00      0.00       7.7075    0.1103      3.00      9.00     11.00     28.00      0.00
  1.6000   0.0200      110.3040    2.4891     32.00     78.00    149.00   1088.00      0.00      89.5435    2.0685     23.00     62.00    125.00    874.00      0.00       3.6680    0.1040      0.00      1.00      7.00     23.00      0.00
  1.4000   0.2000        5.7235    0.0796      3.00      5.00      7.00     40.00      0.00       1.6595    0.0253      1.00      1.00      2.00      9.00      0.00      12.7675    0.1116     10.00     13.00     16.00     34.00      0.00
  1.4000   0.1800        6.3180    0.0900      3.00      5.00      8.00     30.00      0.00       1.8355    0.0290      1.00      1.00      2.00     10.00      0.00      12.4265    0.1165     10.00     12.00     15.00     34.00      0.00
  1.4000   0.1600        7.2815    0.1114      4.00      6.00     10.00     42.00      0.00       2.2150    0.0389      1.00      2.00      3.00     16.00      0.00      12.0585    0.1099     10.00     12.00     15.00     37.00      0.00
  1.4000   0.1400        8.5935    0.1348      4.00      7.00     11.00     46.00      0.00       2.4655    0.0421      1.00      2.00      3.00     12.00      0.00      12.0300    0.1075     10.00     12.00     15.00     35.00      0.00
  1.4000   0.1200        9.9730    0.1574      5.00      8.00     13.00     59.00      0.00       3.0810    0.0540      1.00      2.00      4.00     25.00      0.00      11.5010    0.1094      9.00     12.00     14.00     35.00      0.00
  1.4000   0.1000       12.2395    0.2065      6.00     10.00     16.00     73.00      0.00       4.0400    0.0792      1.00      3.00      5.00     49.00      0.00      11.1265    0.1059      9.00     11.00     14.00     32.00      0.00
  1.4000   0.0800       16.8960    0.3045      7.00     14.00     22.00    115.00      0.00       6.0120    0.1235      2.00      5.00      8.00     62.00      0.00      10.6680    0.1108      8.00     11.00     13.00     32.00      0.00
  1.4000   0.0600       26.4595    0.5326     10.00     20.00     35.00    206.00      0.00      10.2985    0.2305      3.00      7.00     14.00     94.00      0.00      10.0035    0.1121      7.00     11.00     13.00     31.00      0.00
  1.4000   0.0400       50.2530    1.0668     16.00     36.00     69.00    407.00      0.00      27.3620    0.6495      7.00     18.00     38.00    261.00      0.00       8.3535    0.1255      3.00      9.00     12.00     30.00      0.00
  1.4000   0.0200      117.7275    2.6469     35.00     81.00    164.00    877.00      0.00      90.5055    2.1334     24.00     60.00    125.00    794.00      0.00       4.3445    0.1204      0.00      1.00      9.00     33.00      0.00
  1.2000   0.2000        6.9530    0.1014      4.00      6.00      9.00     42.00      0.00       1.6430    0.0246      1.00      1.00      2.00     10.00      0.00      14.9325    0.1418     11.00     14.00     19.00     43.00      0.00
  1.2000   0.1800        7.7780    0.1127      4.00      7.00     10.00     41.00      0.00       1.8615    0.0280      1.00      1.00      2.00      9.00      0.00      14.7400    0.1394     11.00     14.00     18.00     46.00      0.00
  1.2000   0.1600        8.8995    0.1463      5.00      7.00     11.00     84.00      0.00       2.2050    0.0384      1.00      2.00      3.00     17.00      0.00      14.2860    0.1423     11.00     14.00     18.00     43.00      0.00
  1.2000   0.1400       10.2830    0.1774      5.00      8.00     13.00    114.00      0.00       2.5235    0.0448      1.00      2.00      3.00     22.00      0.00      13.9295    0.1415     11.00     13.00     17.00     50.00      0.00
  1.2000   0.1200       12.2335    0.2090      6.00     10.00     16.00     75.00      0.00       3.0420    0.0544      1.00      2.00      4.00     20.00      0.00      13.2185    0.1344     10.00     13.00     16.00     42.00      0.00
  1.2000   0.1000       15.5225    0.2796      7.00     12.00     21.00     97.00      0.00       4.0745    0.0740      2.00      3.00      6.00     29.00      0.00      12.8010    0.1340     10.00     13.00     16.00     37.00      0.00
  1.2000   0.0800       21.5070    0.4116      9.00     16.00     29.00    166.00      0.00       5.8905    0.1201      2.00      5.00      8.00     51.00      0.00      12.3030    0.1352      9.00     12.00     16.00     41.00      0.00
  1.2000   0.0600       32.2890    0.6357     12.00     24.00     43.00    217.00      0.00      10.4615    0.2268      4.00      8.00     14.00    110.00      0.00      11.3725    0.1458      8.00     12.00     15.00     37.00      0.00
  1.2000   0.0400       58.2170    1.2072     20.00     41.00     80.00    386.00      0.00      27.1005    0.6510      7.00     18.00     37.00    212.00      0.00       9.2910    0.1536      2.00     10.00     14.00     35.00      0.00
  1.2000   0.0200      128.1170    2.8288     40.00     88.00    173.00   1034.00      0.00      89.6380    2.0682     25.00     62.00    124.00    755.00      0.00       4.6915    0.1407      0.00      1.00      9.00     31.00      0.00
  1.0000   0.2000        8.6960    0.1374      5.00      7.00     11.00     72.00      0.00       1.6610    0.0249      1.00      1.00      2.00     11.00      0.00      18.2010    0.1944     12.00     17.00     23.00     65.00      0.00
  1.0000   0.1800       10.0200    0.1581      5.00      8.00     13.00     58.00      0.00       1.8830    0.0309      1.00      1.00      2.00     12.00      0.00      18.0455    0.1968     12.00     17.00     23.00     63.00      0.00
  1.0000   0.1600       11.5615    0.1950      6.00     10.00     15.00     91.00      0.00       2.1230    0.0356      1.00      2.00      3.00     14.00      0.00      17.4500    0.1936     12.00     16.00     22.00     62.00      0.00
  1.0000   0.1400       12.7840    0.2054      6.00     11.00     17.00     74.00      0.00       2.5195    0.0426      1.00      2.00      3.00     15.00      0.00      16.7355    0.1865     12.00     16.00     21.00     54.00      0.00
  1.0000   0.1200       16.7570    0.2978      7.00     13.00     22.00    124.00      0.00       3.1125    0.0599      1.00      2.00      4.00     40.00      0.00      16.6995    0.1897     12.00     15.00     21.00     68.00      0.00
  1.0000   0.1000       21.2905    0.4049      9.00     16.00     29.00    194.00      0.00       4.0380    0.0775      2.00      3.00      6.00     37.00      0.00      16.1140    0.1914     11.00     15.00     21.00     56.00      0.00
  1.0000   0.0800       28.0610    0.5274     11.00     21.00     37.00    197.00      0.00       5.8130    0.1201      2.00      4.00      8.00     61.00      0.00      15.0630    0.1884     10.00     14.00     20.00     58.00      0.00
  1.0000   0.0600       40.1455    0.8103     14.00     29.00     54.00    318.00      0.00      10.5090    0.2463      3.00      7.00     14.00    116.00      0.00      13.3425    0.1947      8.00     13.00     18.00     48.00      0.00
  1.0000   0.0400       70.7295    1.4943     23.00     51.00     97.00    532.00      0.00      27.7290    0.6797      7.00     19.00     37.00    370.00      0.00      11.0200    0.1995      2.00     11.00     17.00     59.00      0.00
  1.0000   0.0200      138.1075    3.0023     40.00     96.00    193.00    961.00      0.00      89.2730    2.0917     22.00     59.00    128.00    720.00      0.00       4.8230    0.1652      0.00      1.00      8.00     46.00      0.00
  0.8000   0.2000       12.3675    0.1903      6.00     10.00     16.00     62.00      0.00       1.6690    0.0251      1.00      1.00      2.00     13.00      0.00      24.9995    0.2922     16.00     23.00     32.00    119.00      0.00
  0.8000   0.1800       14.4880    0.2579      7.00     12.00     19.00    146.00      0.00       1.8130    0.0287      1.00      1.00      2.00     12.00      0.00      24.9215    0.2985     16.00     23.00     32.00     82.00      0.00
  0.8000   0.1600       16.1650    0.2934      8.00     13.00     21.00    136.00      0.00       2.1420    0.0363      1.00      2.00      3.00     15.00      0.00      23.5780    0.2963     14.00     21.00     31.00     97.00      0.00
  0.8000   0.1400       19.1280    0.3337      9.00     15.00     25.00    133.00      0.00       2.5880    0.0457      1.00      2.00      3.00     15.00      0.00      22.9665    0.2888     14.00     21.00     30.00     93.00      0.00
  0.8000   0.1200       23.5015    0.4420     10.00     18.00     30.00    149.00      0.00       3.0870    0.0556      1.00      2.00      4.00     23.00      0.00      21.9665    0.2932     13.00     20.00     30.00     85.00      0.00
  0.8000   0.1000       29.7640    0.5662     12.00     23.00     40.00    283.00      0.00       4.0325    0.0717      2.00      3.00      6.00     33.00      0.00      21.1165    0.2852     13.00     19.00     28.00     96.00      0.00
  0.8000   0.0800       39.7695    0.7862     16.00     29.00     53.00    289.00      0.00       5.8875    0.1289      2.00      4.00      8.00     70.00      0.00      19.9495    0.2914     11.00     18.00     27.00     85.00      0.00
  0.8000   0.0600       57.8100    1.2259     19.00     40.00     79.00    523.00      0.00      10.0710    0.2409      3.00      7.00     13.00    101.00      0.00      16.8130    0.2807      7.00     15.00     24.00     71.00      0.00
  0.8000   0.0400       91.4460    2.0325     28.00     63.00    124.00    655.00      0.00      27.0045    0.6454      7.00     18.00     36.00    271.00      0.00      12.9165    0.2853      2.00     11.00     20.00     92.00      0.00
  0.8000   0.0200      149.5775    3.2657     47.00    104.00    205.00   1561.00      0.00      88.6360    2.0232     24.00     61.00    122.00    784.00      0.00       5.2870    0.2055      0.00      1.00      6.00     58.00      0.00
  0.6000   0.2000       20.4340    0.3752      9.00     16.00     27.00    150.00      0.00       1.6650    0.0253      1.00      1.00      2.00     12.00      0.00      38.1370    0.5594     21.00     33.00     50.00    198.00      0.00
  0.6000   0.1800       23.0830    0.4216     11.00     18.00     30.00    225.00      0.00       1.8405    0.0299      1.00      1.00      2.00     16.00      0.00      37.8950    0.5446     21.00     34.00     50.00    202.00      0.00
  0.6000   0.1600       26.1445    0.4957     12.00     21.00     34.00    358.00      0.00       2.0750    0.0343      1.00      2.00      3.00     13.00      0.00      36.4000    0.5255     19.00     32.00     49.00    166.00      0.00
  0.6000   0.1400       31.6865    0.5957     13.00     25.00     42.00    252.00      0.00       2.6095    0.0441      1.00      2.00      3.00     12.00      0.00      34.6525    0.4928     19.00     31.00     47.00    133.00      0.00
  0.6000   0.1200       39.1490    0.7698     15.00     29.00     52.00    248.00      0.00       3.0980    0.0534      1.00      2.00      4.00     16.00      0.00      32.5615    0.5063     16.00     29.00     45.00    142.00      0.00
  0.6000   0.1000       47.7520    0.9423     18.00     35.00     65.00    338.00      0.00       3.9595    0.0743      1.00      3.00      5.00     35.00      0.00      31.2560    0.5158     14.00     28.00     43.00    175.00      0.00
  0.6000   0.0800       62.2130    1.3005     22.00     44.00     87.00    517.00      0.00       5.7785    0.1188      2.00      5.00      8.00     63.00      0.00      27.7690    0.4878     11.00     24.00     40.00    129.00      0.00
  0.6000   0.0600       87.4930    1.8599     29.00     62.00    116.00    711.00      0.00      10.2970    0.2327      3.00      8.00     13.00    115.00      0.00      22.7310    0.4655      6.00     18.00     35.00    128.00      0.00
  0.6000   0.0400      124.3825    2.6442     39.00     90.00    172.00    920.00      0.00      28.1220    0.7109      8.00     18.00     36.00    282.00      0.00      14.9515    0.3895      2.00      8.00     24.00    107.00      0.00
  0.6000   0.0200      173.5930    3.8990     50.00    116.00    235.00   1277.00      0.00      90.9585    2.0911     24.00     63.00    126.00    640.00      0.00       5.5620    0.2780      0.00      1.00      4.00    125.00      0.00
  0.4000   0.2000       44.8655    0.8415     18.00     35.00     62.00    369.00      0.00       1.6890    0.0265      1.00      1.00      2.00     10.00      0.00      75.2510    1.3268     34.00     61.00    103.00    692.00      0.00
  0.4000   0.1800       49.9190    1.0342     18.00     36.00     67.00    377.00      0.00       1.8995    0.0298      1.00      1.00      2.00     10.00      0.00      70.5885    1.3118     29.00     57.00     96.00    588.00      0.00
  0.4000   0.1600       57.8245    1.2156     21.00     41.00     78.00    449.00      0.00       2.1035    0.0371      1.00      1.00      3.00     14.00      0.00      67.6965    1.2808     26.00     54.00     96.00    473.00      0.00
  0.4000   0.1400       64.1995    1.2860     23.00     47.00     89.00    397.00      0.00       2.5560    0.0470      1.00      2.00      3.00     17.00      0.00      62.3760    1.1713     23.00     49.00     88.00    378.00      0.00
  0.4000   0.1200       75.8815    1.5278     28.00     54.00    107.00    416.00      0.00       3.0370    0.0520      1.00      2.00      4.00     19.00      0.00      55.5960    1.0795     19.00     43.00     79.00    320.00      0.00
  0.4000   0.1000       94.8770    1.9985     32.00     69.00    130.00    756.00      0.00       4.0875    0.0735      2.00      3.00      6.00     22.00      0.00      49.5170    1.0313     15.00     37.00     71.00    409.00      0.00
  0.4000   0.0800      109.5320    2.3805     33.00     75.00    152.00    889.00      0.00       5.9545    0.1287      2.00      4.00      8.00    114.00      0.00      37.3940    0.8501      9.00     26.00     54.00    272.00      0.00
  0.4000   0.0600      135.2510    2.9810     41.00     95.00    184.00   1270.00      0.00      10.5595    0.2513      3.00      8.00     13.00    106.00      0.00      27.3160    0.7143      4.00     16.00     40.00    231.00      0.00
  0.4000   0.0400      164.1915    3.5706     51.00    115.00    230.00   1135.00      0.00      27.8210    0.6612      7.00     18.00     38.00    276.00      0.00      14.2505    0.4781      1.00      6.00     17.00    178.00      0.00
  0.4000   0.0200      192.1730    4.3393     56.00    136.00    268.00   2000.00      0.00      87.8585    1.9873     24.00     60.00    124.00    701.00      0.00       4.4310    0.2498      0.00      1.00      3.00    139.00      0.00
  0.2000   0.2000      132.9060    2.8884     40.00     90.00    184.00   1019.00      0.00       1.6435    0.0236      1.00      1.00      2.00      9.00      0.00     165.5370    3.6537     50.00    114.00    227.00   1166.00      0.00
  0.2000   0.1800      148.9955    3.1971     45.00    108.00    206.00   1756.00      0.00       1.8860    0.0294      1.00      1.00      2.00     10.00      0.00     153.8790    3.4025     44.00    111.00    217.00   1857.00      0.00
  0.2000   0.1600      153.1930    3.3512     47.00    107.00    213.00   1049.00      0.00       2.1445    0.0346      1.00      2.00      3.00     13.00      0.00     126.4230    2.9165     35.00     85.00    173.00    915.00      0.00
  0.2000   0.1400      156.3505    3.3200     49.00    114.00    214.00   1238.00      0.00       2.5225    0.0428      1.00      2.00      3.00     14.00      0.00     102.6780    2.3018     30.00     73.00    140.00    705.00      0.00
  0.2000   0.1200      160.9650    3.5546     48.00    111.00    219.00   1160.00      0.00       3.1165    0.0579      1.00      2.00      4.00     26.00      0.00      79.5025    1.8854     20.00     52.00    110.00    585.00      0.00
  0.2000   0.1000      178.4135    3.8868     51.00    125.00    254.00   1311.00      0.00       4.0005    0.0715      2.00      3.00      6.00     28.00      0.00      62.2330    1.4882     14.00     41.00     87.00    453.00      0.00
  0.2000   0.0800      185.4615    4.1344     54.00    129.00    254.00   1614.00      0.00       5.9580    0.1220      2.00      5.00      8.00     55.00      0.00      42.2030    1.0421      9.00     27.00     58.00    469.00      0.00
  0.2000   0.0600      188.1215    4.1596     51.00    129.00    267.00   1359.00      0.00      10.4900    0.2591      3.00      7.00     14.00    163.00      0.00      24.5140    0.6797      4.00     14.00     33.00    255.00      0.00
  0.2000   0.0400      191.3685    4.2960     57.00    131.00    260.00   1648.00      0.00      28.2840    0.6956      7.00     18.00     39.00    360.00      0.00      11.2680    0.3940      1.00      5.00     14.00    202.00      0.00
  0.2000   0.0200      197.8315    4.5537     55.00    132.00    273.00   1542.00      0.00      88.4275    2.0983     23.00     60.00    122.00   1009.00      0.00       3.0055    0.1634      0.00      1.00      3.00    113.00      0.00
