Amp Radius  OC_Mean OC_Std OC_Q1 OC_Med OC_Q3 OC_Max OC_Min  Exp_Mean Exp_Std Exp_Q1 Exp_Med Exp_Q3 Exp_Max Exp_Min  Num_Mean Num_Std Num_Q1 Num_Med Num_Q3 Num_Max Num_Min
  2.0000   0.2000        3.9345    0.0539      2.00      3.00      5.00     19.00      0.00       1.8600    0.0331      1.00      1.00      2.00     14.00      0.00       9.6250    0.0821      7.00     10.00     12.00     26.00      0.00
  2.0000   0.1800        4.4670    0.0655      2.00      4.00      6.00     35.00      0.00       2.1740    0.0388      1.00      2.00      3.00     17.00      0.00       9.5050    0.0802      7.00     10.00     12.00     22.00      0.00
  2.0000   0.1600        5.0280    0.0772      3.00      4.00      6.00     28.00      0.00       2.5685    0.0507      1.00      2.00      3.00     22.00      0.00       9.2505    0.0804      7.00     10.00     11.00     22.00      0.00
  2.0000   0.1400        5.7360    0.0881      3.00      5.00      8.00     30.00      0.00       2.9560    0.0563      1.00      2.00      4.00     21.00      0.00       9.1660    0.0763      7.00     10.00     11.00     19.00      0.00
  2.0000   0.1200        7.1085    0.1132      4.00      6.00      9.00     47.00      0.00       3.8135    0.0713      1.00      3.00      5.00     30.00      0.00       8.8735    0.0761      7.00     10.00     11.00     19.00      0.00
  2.0000   0.1000        8.8015    0.1530      4.00      7.00     12.00     54.00      0.00       4.9205    0.0963      2.00      4.00      7.00     38.00      0.00       8.7015    0.0784      7.00     10.00     11.00     23.00      0.00
  2.0000   0.0800       12.4730    0.2711      5.00      9.00     16.00    308.00      0.00       7.6370    0.2085      3.00      6.00     10.00    293.00      0.00       8.3985    0.0796      6.00     10.00     11.00     19.00      0.00
  2.0000   0.0600       19.6640    0.4128      8.00     14.00     26.00    187.00      0.00      13.8815    0.3372      4.00     10.00     18.00    183.00      0.00       7.6960    0.0862      6.00      8.00     11.00     19.00      0.00
  2.0000   0.0400       42.3190    0.9811     12.00     29.00     58.00    400.00      0.00      34.4375    0.8287      8.00     23.00     47.00    370.00      0.00       6.3080    0.0946      2.00      7.00     10.00     22.00      0.00
  2.0000   0.0200      103.2045    2.2964     29.00     72.00    145.00    773.00      0.00      94.9450    2.1741     25.00     66.00    135.00    772.00      0.00       3.2260    0.0874      0.00      0.00      7.00     16.00      0.00
  1.8000   0.2000        4.3430    0.0613      2.00      4.00      6.00     25.00      0.00       1.8800    0.0320      1.00      1.00      2.00     12.00      0.00      10.1365    0.0857      8.00     11.00     13.00     23.00      0.00
  1.8000   0.1800        4.9620    0.0744      3.00      4.00      6.00     40.00      0.00       2.2035    0.0403      1.00      2.00      3.00     14.00      0.00      10.0075    0.0825      8.00     11.00     12.00     23.00      0.00
  1.8000   0.1600        5.6370    0.0850      3.00      5.00      7.00     37.00      0.00       2.5490    0.0497      1.00      2.00      3.00     24.00      0.00       9.9285    0.0846      8.00     10.00     12.00     28.00      0.00
  1.8000   0.1400        6.3965    0.0978      3.00      5.00      8.00     31.00      0.00       2.9710    0.0560      1.00      2.00      4.00     21.00      0.00       9.6860    0.0839      8.00     10.00     12.00     22.00      0.00
  1.8000   0.1200        7.9515    0.1367      4.00      6.00     10.00     57.00      0.00       3.7380    0.0699      1.00      3.00      5.00     33.00      0.00       9.4865    0.0833      7.00     10.00     12.00     23.00      0.00
  1.8000   0.1000       10.0880    0.1828      4.00      8.00     13.00     77.00      0.00       5.0590    0.1063      2.00      4.00      7.00     50.00      0.00       9.2485    0.0778      7.00     10.00     11.00     26.00      0.00
  1.8000   0.0800       14.0455    0.2690      6.00     11.00     19.00    144.00      0.00       7.4555    0.1624      3.00      6.00     10.00     79.00      0.00       8.7615    0.0840      7.00     10.00     11.00     22.00      0.00
  1.8000   0.0600       22.0020    0.4545      8.00     16.00     29.00    223.00      0.00      13.8035    0.3250      4.00     10.00     18.00    152.00      0.00       8.0230    0.0890      6.00      9.00     11.00     21.00      0.00
  1.8000   0.0400       45.6955    1.0230     14.00     32.00     62.00    443.00      0.00      34.2145    0.8384      8.00     22.00     47.00    440.00      0.00       6.7485    0.1010      2.00      7.00     10.00     21.00      0.00
  1.8000   0.0200      114.0655    2.4849     35.00     81.00    159.00    820.00      0.00     102.1750    2.2862     29.00     69.00    141.00    820.00      0.00       3.4285    0.0954      0.00      0.00      7.00     19.00      0.00
  1.6000   0.2000        5.0590    0.0756      3.00      4.00      6.00     40.00      0.00       1.9770    0.0359      1.00      1.00      2.00     16.00      0.00      11.1990    0.0923      9.00     11.00     14.00     27.00      0.00
  1.6000   0.1800        5.5095    0.0880      3.00      4.00      7.00     45.00      0.00       2.1290    0.0391      1.00      1.00      3.00     14.00      0.00      10.6885    0.0930      9.00     11.00     13.00     32.00      0.00
  1.6000   0.1600        6.1870    0.0977      3.00      5.00      8.00     34.00      0.00       2.4785    0.0498      1.00      2.00      3.00     22.00      0.00      10.6580    0.0901      9.00     11.00     13.00     27.00      0.00
  1.6000   0.1400        7.1580    0.1164      4.00      6.00      9.00     68.00      0.00       2.9445    0.0569      1.00      2.00      4.00     23.00      0.00      10.3425    0.0879      8.00     11.00     12.00     25.00      0.00
  1.6000   0.1200        8.8190    0.1550      4.00      7.00     11.00     82.00      0.00       3.7080    0.0710      1.00      3.00      5.00     31.00      0.00      10.1525    0.0878      8.00     11.00     12.00     26.00      0.00
  1.6000   0.1000       11.3895    0.2029      5.00      9.00     15.00     75.00      0.00       5.0725    0.1089      2.00      4.00      7.00     56.00      0.00       9.8460    0.0894      8.00     10.00     12.00     27.00      0.00
  1.6000   0.0800       14.9515    0.2907      6.00     11.00     20.00    135.00      0.00       7.3500    0.1721      2.00      5.00     10.00    128.00      0.00       9.5390    0.0944      7.00     10.00     12.00     27.00      0.00
  1.6000   0.0600       24.6010    0.5229      9.00     18.00     32.00    187.00      0.00      13.6095    0.3245      4.00      9.00     18.00    141.00      0.00       8.6470    0.1012      6.00     10.00     11.00     25.00      0.00
  1.6000   0.0400       51.0395    1.1582     16.00     36.00     67.00    470.00      0.00      34.7860    0.8442      9.00     23.00     46.00    324.00      0.00       7.1940    0.1104      2.00      8.00     11.00     25.00      0.00
  1.6000   0.0200      119.3940    2.7224     34.00     81.00    167.00   1156.00      0.00     100.3755    2.2738     28.00     69.00    139.00    901.00      0.00       3.4430    0.1032      0.00      0.00      7.00     20.00      0.00
  1.4000   0.2000        5.6745    0.0846      3.00      5.00      7.00     35.00      0.00       1.9715    0.0358      1.00      1.00      2.00     14.00      0.00      12.2450    0.1094     10.00     12.00     15.00     39.00      0.00
  1.4000   0.1800        6.4720    0.0985      3.00      5.00      9.00     35.00      0.00       2.2100    0.0408      1.00      2.00      3.00     16.00      0.00      12.0955    0.1102     10.00     12.00     15.00     31.00      0.00
  1.4000   0.1600        7.2525    0.1175      4.00      6.00      9.00     49.00      0.00       2.4690    0.0477      1.00      2.00      3.00     30.00      0.00      11.8900    0.1106      9.00     12.00     14.00     35.00      0.00
  1.4000   0.1400        8.5795    0.1404      4.00      7.00     11.00     60.00      0.00       2.9605    0.0558      1.00      2.00      4.00     21.00      0.00      11.6130    0.1062      9.00     12.00     14.00     31.00      0.00
  1.4000   0.1200       10.4795    0.1863      5.00      8.00     14.00     70.00      0.00       3.6475    0.0685      1.00      3.00      5.00     33.00      0.00      11.4395    0.1055      9.00     11.00     14.00     36.00      0.00
  1.4000   0.1000       13.4890    0.2524      6.00     10.00     18.00     79.00      0.00       5.1155    0.1092      2.00      4.00      7.00     55.00      0.00      10.8695    0.1107      8.00     11.00     13.00     37.00      0.00
  1.4000   0.0800       17.9675    0.3622      7.00     14.00     23.00    215.00      0.00       7.1745    0.1520      2.00      5.00     10.00     83.00      0.00      10.4860    0.1131      8.00     11.00     13.00     31.00      0.00
  1.4000   0.0600       29.0265    0.6029     10.00     21.00     38.00    244.00      0.00      14.0310    0.3300      4.00     10.00     18.00    132.00      0.00       9.7070    0.1172      7.00     10.00     13.00     30.00      0.00
  1.4000   0.0400       55.0705    1.1949     17.00     38.00     76.00    390.00      0.00      33.7140    0.7989      8.00     22.00     48.00    306.00      0.00       8.0820    0.1280      2.00      9.00     12.00     29.00      0.00
  1.4000   0.0200      124.1405    2.7729     36.00     85.00    171.00    867.00      0.00      99.3445    2.2476     27.00     69.00    137.00    600.00      0.00       4.0560    0.1206      0.00      1.00      8.00     24.00      0.00
  1.2000   0.2000        6.8250    0.1087      4.00      6.00      9.00     42.00      0.00       1.9250    0.0350      1.00      1.00      2.00     17.00      0.00      14.5750    0.1362     11.00     14.00     18.00     44.00      0.00
  1.2000   0.1800        7.5495    0.1228      4.00      6.00     10.00     51.00      0.00       2.1765    0.0412      1.00      2.00      3.00     17.00      0.00      14.1125    0.1378     10.00     13.00     17.00     53.00      0.00
  1.2000   0.1600        8.5240    0.1394      4.00      7.00     11.00     68.00      0.00       2.5455    0.0485      1.00      2.00      3.00     17.00      0.00      13.9395    0.1360     10.00     13.00     17.00     44.00      0.00
  1.2000   0.1400       10.5555    0.1861      5.00      8.00     14.00     72.00      0.00       3.0220    0.0574      1.00      2.00      4.00     21.00      0.00      13.6270    0.1395     10.00     13.00     17.00     45.00      0.00
  1.2000   0.1200       12.8110    0.2487      5.00     10.00     17.00    106.00      0.00       3.6615    0.0700      1.00      3.00      5.00     24.00      0.00      13.2335    0.1421     10.00     13.00     17.00     46.00      0.00
  1.2000   0.1000       15.9055    0.3116      7.00     12.00     21.00    208.00      0.00       5.0835    0.1027      2.00      4.00      7.00     51.00      0.00      12.7085    0.1352     10.00     12.00     16.00     41.00      0.00
  1.2000   0.0800       22.2170    0.4431      9.00     17.00     30.00    236.00      0.00       7.7040    0.1743      2.00      6.00     10.00    110.00      0.00      12.0195    0.1390      9.00     12.00     15.00     43.00      0.00
  1.2000   0.0600       35.8065    0.7362     13.00     26.00     49.00    258.00      0.00      14.2995    0.3431      4.00     10.00     19.00    182.00      0.00      11.1010    0.1416      8.00     11.00     15.00     32.00      0.00
  1.2000   0.0400       65.0535    1.3587     21.00     46.00     92.00    475.00      0.00      34.4105    0.7750     10.00     24.00     47.00    256.00      0.00       9.2130    0.1616      2.00     10.00     14.00     39.00      0.00
  1.2000   0.0200      132.1815    3.0163     36.00     90.00    182.00   1041.00      0.00     101.0725    2.3859     25.00     66.00    141.00    999.00      0.00       4.2070    0.1372      0.00      0.00      8.00     33.00      0.00
  1.0000   0.2000        8.8140    0.1445      4.00      7.00     11.00     63.00      0.00       1.9095    0.0337      1.00      1.00      2.00     16.00      0.00      17.9360    0.1919     12.00     17.00     23.00     55.00      0.00
  1.0000   0.1800        9.6800    0.1595      5.00      8.00     13.00     76.00      0.00       2.0920    0.0392      1.00      1.00      3.00     18.00      0.00      17.7230    0.1854     12.00     17.00     23.00     69.00      0.00
  1.0000   0.1600       11.2620    0.1949      5.00      9.00     14.00     96.00      0.00       2.5335    0.0465      1.00      2.00      3.00     14.00      0.00      17.1770    0.1862     12.00     16.00     22.00     66.00      0.00
  1.0000   0.1400       13.2435    0.2404      6.00     10.00     17.00    109.00      0.00       2.9880    0.0581      1.00      2.00      4.00     20.00      0.00      16.8960    0.1868     12.00     16.00     22.00     57.00      0.00
  1.0000   0.1200       16.2965    0.3007      7.00     13.00     21.00    136.00      0.00       3.6810    0.0715      1.00      3.00      5.00     26.00      0.00      16.3340    0.1883     11.00     15.00     21.00     53.00      0.00
  1.0000   0.1000       20.6980    0.4159      8.00     15.00     27.00    267.00      0.00       5.0350    0.1016      2.00      4.00      7.00     57.00      0.00      15.8365    0.1858     11.00     15.00     21.00     58.00      0.00
  1.0000   0.0800       28.9175    0.5757     11.00     21.00     38.00    221.00      0.00       7.4370    0.1722      2.00      5.00     10.00    130.00      0.00      14.7095    0.1929     10.00     14.00     20.00     59.00      0.00
  1.0000   0.0600       45.0780    0.9582     16.00     33.00     61.00    387.00      0.00      13.7290    0.3284      4.00      9.00     18.00    145.00      0.00      13.4275    0.2063      7.00     13.00     19.00     52.00      0.00
  1.0000   0.0400       79.3905    1.8001     23.00     55.00    109.00    669.00      0.00      34.6400    0.8555      8.00     22.00     47.00    474.00      0.00      10.8560    0.2131      1.00     10.00     17.00     51.00      0.00
  1.0000   0.0200      150.1025    3.3546     43.00    103.00    209.00   1309.00      0.00     101.2130    2.3137     27.00     70.00    140.00    951.00      0.00       4.9260    0.1768      0.00      1.00      8.00     61.00      0.00
  0.8000   0.2000       12.0345    0.2015      6.00     10.00     16.00    117.00      0.00       1.9075    0.0338      1.00      1.00      2.00     12.00      0.00      24.8120    0.2886     16.00     23.00     32.00     87.00      0.00
  0.8000   0.1800       13.2270    0.2338      6.00     11.00     18.00    115.00      0.00       2.1815    0.0392      1.00      2.00      3.00     14.00      0.00      23.5090    0.2799     15.00     22.00     31.00     91.00      0.00
  0.8000   0.1600       15.4730    0.2821      7.00     12.00     20.00    101.00      0.00       2.5270    0.0477      1.00      2.00      3.00     17.00      0.00      22.7865    0.2893     14.00     21.00     30.00     79.00      0.00
  0.8000   0.1400       18.9760    0.3662      8.00     15.00     24.00    167.00      0.00       3.0395    0.0583      1.00      2.00      4.00     18.00      0.00      22.8215    0.2772     14.00     21.00     30.00     95.00      0.00
  0.8000   0.1200       23.2110    0.4543      9.00     18.00     31.00    169.00      0.00       3.7035    0.0749      1.00      3.00      5.00     38.00      0.00      22.0920    0.2687     14.00     21.00     29.00     89.00      0.00
  0.8000   0.1000       29.1860    0.5849     11.00     21.00     38.00    225.00      0.00       5.0680    0.1047      2.00      4.00      7.00     55.00      0.00      21.1590    0.2874     12.00     20.00     28.00     81.00      0.00
  0.8000   0.0800       39.7880    0.8137     15.00     29.00     53.00    352.00      0.00       7.6940    0.1686      2.00      6.00     11.00    121.00      0.00      19.6880    0.2873     11.00     18.00     27.00     68.00      0.00
  0.8000   0.0600       57.3695    1.2384     19.00     41.00     79.00    474.00      0.00      13.4930    0.3196      4.00     10.00     18.00    226.00      0.00      17.4210    0.3028      6.00     16.00     25.00     94.00      0.00
  0.8000   0.0400       96.7355    2.1272     30.00     65.00    133.00    859.00      0.00      34.2740    0.8130      8.00     23.00     46.00    289.00      0.00      12.4265    0.2817      1.00      9.00     20.00     64.00      0.00
  0.8000   0.0200      157.9620    3.5236     45.00    110.00    220.00   1610.00      0.00      99.5465    2.2332     29.00     68.00    139.00    895.00      0.00       5.0545    0.2077      0.00      0.00      5.00     57.00      0.00
  0.6000   0.2000       18.5800    0.3388      9.00     15.00     24.00    221.00      0.00       1.9110    0.0330      1.00      1.00      2.00     13.00      0.00      37.1905    0.4954     21.00     34.00     49.00    168.00      0.00
  0.6000   0.1800       21.1525    0.3992      9.00     17.00     28.00    275.00      0.00       2.1120    0.0383      1.00      1.00      3.00     13.00      0.00      36.3640    0.5015     20.00     33.00     49.00    170.00      0.00
  0.6000   0.1600       24.6545    0.4521     11.00     19.00     33.00    220.00      0.00       2.5250    0.0468      1.00      2.00      3.00     16.00      0.00      36.3550    0.5099     20.00     32.00     49.00    212.00      0.00
  0.6000   0.1400       28.8250    0.5531     12.00     22.00     39.00    272.00      0.00       3.0060    0.0593      1.00      2.00      4.00     38.00      0.00      33.3810    0.4801     18.00     30.00     45.00    139.00      0.00
  0.6000   0.1200       33.6730    0.6343     14.00     27.00     45.00    230.00      0.00       3.6915    0.0742      1.00      3.00      5.00     38.00      0.00      32.0915    0.4749     17.00     29.00     43.00    143.00      0.00
  0.6000   0.1000       45.5435    0.9095     16.00     34.00     61.00    398.00      0.00       5.0825    0.1022      2.00      4.00      7.00     53.00      0.00      30.7595    0.4888     14.00     28.00     43.00    130.00      0.00
  0.6000   0.0800       56.9640    1.2179     19.00     41.00     76.00    435.00      0.00       7.4335    0.1605      2.00      6.00     10.00     76.00      0.00      27.0080    0.4837      9.00     23.00     40.00    123.00      0.00
  0.6000   0.0600       85.1935    1.8672     27.00     60.00    118.00    707.00      0.00      13.7130    0.3332      4.00      9.00     18.00    155.00      0.00      22.7850    0.4693      5.00     19.00     35.00    165.00      0.00
  0.6000   0.0400      120.6280    2.6396     37.00     84.00    165.00    857.00      0.00      35.1200    0.8506      9.00     22.00     49.00    326.00      0.00      15.0020    0.4229      1.00      6.00     23.00    130.00      0.00
  0.6000   0.0200      176.0470    3.9771     51.00    125.00    247.00   1656.00      0.00     103.6030    2.4249     26.00     71.00    147.00    953.00      0.00       5.4755    0.2882      0.00      0.00      3.00    135.00      0.00
  0.4000   0.2000       37.4450    0.7020     16.00     29.00     50.00    250.00      0.00       1.9005    0.0339      1.00      1.00      2.00     19.00      0.00      70.4990    1.2033     33.00     58.00     97.00    473.00      0.00
  0.4000   0.1800       41.1030    0.8068     17.00     32.00     53.00    281.00      0.00       2.1350    0.0369      1.00      2.00      3.00     13.00      0.00      68.1460    1.1685     29.00     58.00     95.00    357.00      0.00
  0.4000   0.1600       49.3430    0.9979     19.00     37.00     63.00    336.00      0.00       2.5485    0.0495      1.00      2.00      3.00     20.00      0.00      64.8340    1.1877     28.00     53.00     89.00    620.00      0.00
  0.4000   0.1400       55.4390    1.1072     21.00     41.00     75.00    367.00      0.00       2.9270    0.0561      1.00      2.00      4.00     22.00      0.00      60.5345    1.0751     24.00     50.00     84.00    291.00      0.00
  0.4000   0.1200       66.6640    1.3286     25.00     48.00     91.00    399.00      0.00       3.7550    0.0706      1.00      3.00      5.00     24.00      0.00      57.6615    1.1081     21.00     47.00     81.00    353.00      0.00
  0.4000   0.1000       83.2280    1.7691     28.00     59.00    113.00    646.00      0.00       4.8410    0.0959      2.00      4.00      7.00     48.00      0.00      49.5130    1.0641     13.00     37.00     72.00    411.00      0.00
  0.4000   0.0800       99.5045    2.0752     32.00     71.00    140.00    748.00      0.00       7.4510    0.1629      3.00      5.00     10.00     94.00      0.00      41.3635    0.9011      9.00     31.00     61.00    245.00      0.00
  0.4000   0.0600      137.3645    3.0650     45.00     93.00    186.00   1432.00      0.00      13.9055    0.3337      4.00      9.00     19.00    136.00      0.00      32.1780    0.8596      4.00     18.00     47.00    306.00      0.00
  0.4000   0.0400      159.2750    3.4833     46.00    113.00    222.00   1265.00      0.00      34.5155    0.8514      8.00     22.00     47.00    369.00      0.00      17.7110    0.6373      1.00      5.00     21.00    220.00      0.00
  0.4000   0.0200      194.1385    4.2184     57.00    139.00    267.00   1725.00      0.00     104.4800    2.3980     30.00     70.00    145.00    772.00      0.00       5.2520    0.3331      0.00      1.00      3.00    169.00      0.00
  0.2000   0.2000      126.0970    2.7733     40.00     90.00    170.00    951.00      0.00       1.9215    0.0336      1.00      1.00      2.00     12.00      0.00     170.0150    3.8683     50.00    120.00    231.00   1626.00      0.00
  0.2000   0.1800      141.3595    3.2304     42.00     99.00    192.00   1143.00      0.00       2.1585    0.0401      1.00      1.00      3.00     17.00      0.00     157.6760    3.6384     45.00    108.00    216.00   1411.00      0.00
  0.2000   0.1600      136.4255    2.9505     43.00    100.00    186.00   1029.00      0.00       2.4980    0.0471      1.00      2.00      3.00     15.00      0.00     126.5805    2.8544     35.00     90.00    180.00   1249.00      0.00
  0.2000   0.1400      152.3050    3.3118     46.00    110.00    210.00   1150.00      0.00       3.0380    0.0593      1.00      2.00      4.00     26.00      0.00     107.9490    2.4576     28.00     75.00    154.00   1109.00      0.00
  0.2000   0.1200      160.4870    3.6578     45.00    111.00    221.00   1189.00      0.00       3.7035    0.0717      1.00      3.00      5.00     29.00      0.00      88.8320    2.2436     19.00     56.00    122.00    782.00      0.00
  0.2000   0.1000      167.8705    3.6441     49.00    117.00    235.00   1061.00      0.00       5.1365    0.1066      2.00      4.00      7.00     61.00      0.00      63.5560    1.6219     12.00     38.00     92.00    537.00      0.00
  0.2000   0.0800      180.2430    4.0221     54.00    120.00    244.00   1296.00      0.00       7.6880    0.1701      3.00      6.00     11.00    104.00      0.00      45.3345    1.2425      8.00     25.00     64.00    449.00      0.00
  0.2000   0.0600      189.5755    4.2080     55.00    134.00    267.00   1658.00      0.00      13.8840    0.3284      4.00      9.00     18.00    137.00      0.00      27.6285    0.8587      4.00     13.00     35.00    287.00      0.00
  0.2000   0.0400      190.5905    4.2090     55.00    132.00    270.00   1444.00      0.00      34.4130    0.8075      9.00     23.00     47.00    351.00      0.00      11.9480    0.4633      1.00      5.00     13.00    203.00      0.00
  0.2000   0.0200      200.5660    4.4971     60.00    141.00    275.00   1743.00      0.00     103.4785    2.3172     29.00     71.00    146.00    903.00      0.00       2.8320    0.1784      0.00      0.00      2.00    120.00      0.00
