Amp Radius  OC_Mean OC_Std OC_Q1 OC_Med OC_Q3 OC_Max OC_Min  Exp_Mean Exp_Std Exp_Q1 Exp_Med Exp_Q3 Exp_Max Exp_Min  Num_Mean Num_Std Num_Q1 Num_Med Num_Q3 Num_Max Num_Min
  2.0000   0.2000        4.4215    0.0689      2.00      4.00      6.00     24.00      0.00       2.3565    0.0500      1.00      1.00      3.00     19.00      0.00       9.1385    0.0795      7.00     10.00     11.00     22.00      0.00
  2.0000   0.1800        5.1660    0.0932      2.00      4.00      7.00     65.00      0.00       2.8580    0.0656      1.00      2.00      4.00     33.00      0.00       8.9255    0.0788      7.00     10.00     11.00     21.00      0.00
  2.0000   0.1600        5.9020    0.1121      3.00      4.00      7.00     52.00      0.00       3.5205    0.0827      1.00      2.00      4.00     47.00      0.00       8.6830    0.0771      7.00     10.00     11.00     21.00      0.00
  2.0000   0.1400        7.2545    0.1497      3.00      5.00      9.00     61.00      0.00       4.5265    0.1269      1.00      3.00      6.00     60.00      0.00       8.6760    0.0749      7.00     10.00     11.00     21.00      0.00
  2.0000   0.1200        9.5355    0.2223      4.00      7.00     12.00    122.00      0.00       6.2835    0.1827      2.00      4.00      8.00     90.00      0.00       8.3425    0.0760      6.00      9.00     11.00     18.00      0.00
  2.0000   0.1000       12.5195    0.3103      4.00      8.00     15.00    169.00      0.00       9.0725    0.2831      2.00      5.00     11.00    167.00      0.00       7.9890    0.0821      6.00      9.00     10.00     21.00      0.00
  2.0000   0.0800       20.9880    0.5250      6.00     13.00     28.00    228.00      0.00      16.7350    0.4831      3.00      9.00     22.00    228.00      0.00       7.5230    0.0868      6.00      8.00     10.00     19.00      0.00
  2.0000   0.0600       38.7025    0.9952      9.00     23.00     53.00    555.00      0.00      33.3275    0.9134      6.00     19.00     46.00    414.00      0.00       6.6240    0.0942      3.00      7.00     10.00     20.00      0.00
  2.0000   0.0400       72.9450    1.6779     19.00     49.00    103.00    565.00      0.00      67.4955    1.6032     15.00     45.00     96.00    564.00      0.00       4.9665    0.0987      0.00      6.00      9.00     17.00      0.00
  2.0000   0.0200      137.7255    3.1352     39.00     94.00    189.00   1430.00      0.00     133.9845    3.0934     38.00     91.00    185.00   1430.00      0.00       2.1760    0.0785      0.00      0.00      5.00     17.00      0.00
  1.8000   0.2000        5.0060    0.0852      3.00      4.00      6.00     35.00      0.00       2.4810    0.0540      1.00      1.00      3.00     22.00      0.00       9.7495    0.0811      8.00     10.00     12.00     23.00      0.00
  1.8000   0.1800        5.5535    0.1053      3.00      4.00      7.00     74.00      0.00       2.8010    0.0733      1.00      2.00      3.00     73.00      0.00       9.6930    0.0828      7.00     10.00     12.00     24.00      0.00
  1.8000   0.1600        6.4010    0.1240      3.00      5.00      8.00     57.00      0.00       3.4015    0.0872      1.00      2.00      4.00     56.00      0.00       9.3450    0.0824      7.00     10.00     11.00     23.00      0.00
  1.8000   0.1400        7.9020    0.1650      3.00      6.00     10.00     83.00      0.00       4.3735    0.1126      1.00      3.00      6.00     72.00      0.00       9.1835    0.0823      7.00     10.00     11.00     25.00      0.00
  1.8000   0.1200        9.9050    0.2091      4.00      7.00     12.00     84.00      0.00       5.9005    0.1670      1.00      3.00      7.00     81.00      0.00       9.0485    0.0823      7.00     10.00     11.00     23.00      0.00
  1.8000   0.1000       14.3645    0.3708      5.00      9.00     18.00    176.00      0.00       9.8900    0.3118      2.00      5.00     12.00    175.00      0.00       8.6325    0.0868      7.00     10.00     11.00     22.00      0.00
  1.8000   0.0800       21.8135    0.5576      6.00     13.00     28.00    348.00      0.00      16.5540    0.4781      3.00      9.00     21.00    243.00      0.00       8.0380    0.0867      6.00      9.00     11.00     22.00      0.00
  1.8000   0.0600       42.2115    1.0117     11.00     28.00     57.00    345.00      0.00      35.5885    0.9158      7.00     22.00     48.00    345.00      0.00       7.0415    0.0994      4.00      8.00     10.00     21.00      0.00
  1.8000   0.0400       74.0115    1.8267     18.00     49.00    103.00    814.00      0.00      66.1850    1.6547     14.00     42.00     93.00    643.00      0.00       5.1945    0.1081      0.00      6.00      9.00     25.00      0.00
  1.8000   0.0200      141.8120    3.1844     40.00    100.00    194.00   1218.00      0.00     135.4290    3.0988     37.00     94.00    187.00   1218.00      0.00       2.2830    0.0855      0.00      0.00      5.00     17.00      0.00
  1.6000   0.2000        5.2895    0.0855      3.00      4.00      7.00     36.00      0.00       2.3380    0.0501      1.00      1.00      3.00     19.00      0.00      10.4995    0.0904      8.00     11.00     13.00     30.00      0.00
  1.6000   0.1800        6.1555    0.1101      3.00      5.00      8.00     55.00      0.00       2.8135    0.0626      1.00      2.00      3.00     26.00      0.00      10.3430    0.0923      8.00     11.00     13.00     30.00      0.00
  1.6000   0.1600        7.3320    0.1432      3.00      5.00      9.00     57.00      0.00       3.4905    0.0909      1.00      2.00      4.00     52.00      0.00      10.0660    0.0927      8.00     10.00     12.00     28.00      0.00
  1.6000   0.1400        8.6645    0.1839      4.00      6.00     11.00    109.00      0.00       4.3590    0.1209      1.00      3.00      5.00     61.00      0.00       9.9495    0.0893      8.00     10.00     12.00     27.00      0.00
  1.6000   0.1200       10.7325    0.2501      4.00      7.00     13.00    127.00      0.00       5.8075    0.1660      1.00      3.00      7.00     77.00      0.00       9.5645    0.0957      7.00     10.00     12.00     27.00      0.00
  1.6000   0.1000       15.1795    0.3561      5.00     10.00     19.00    147.00      0.00       9.1570    0.2583      2.00      5.00     11.00    107.00      0.00       9.2575    0.0966      7.00     10.00     12.00     26.00      0.00
  1.6000   0.0800       24.1815    0.5725      7.00     16.00     32.00    290.00      0.00      16.8995    0.4620      3.00      9.00     22.00    199.00      0.00       8.7370    0.1016      6.00     10.00     11.00     24.00      0.00
  1.6000   0.0600       44.7570    1.1195     10.00     28.00     59.00    463.00      0.00      34.5440    0.9300      6.00     20.00     46.00    292.00      0.00       7.5035    0.1118      3.00      8.00     11.00     27.00      0.00
  1.6000   0.0400       79.0050    1.8461     20.00     52.00    108.00    670.00      0.00      67.9480    1.6745     15.00     45.00     95.00    668.00      0.00       5.8245    0.1178      0.00      6.00     10.00     25.00      0.00
  1.6000   0.0200      142.6485    3.2085     40.00     97.00    198.00   1284.00      0.00     134.4095    3.0527     37.00     90.00    190.00   1284.00      0.00       2.4705    0.0946      0.00      0.00      5.00     26.00      0.00
  1.4000   0.2000        6.3725    0.1079      3.00      5.00      8.00     39.00      0.00       2.4365    0.0526      1.00      1.00      3.00     19.00      0.00      12.0355    0.1091      9.00     12.00     15.00     34.00      0.00
  1.4000   0.1800        6.9650    0.1310      3.00      5.00      9.00     63.00      0.00       2.7305    0.0644      1.00      2.00      3.00     38.00      0.00      11.6670    0.1084      9.00     11.00     14.00     39.00      0.00
  1.4000   0.1600        8.2085    0.1652      4.00      6.00     10.00     91.00      0.00       3.3365    0.0852      1.00      2.00      4.00     39.00      0.00      11.2710    0.1057      9.00     11.00     13.00     44.00      0.00
  1.4000   0.1400       10.3415    0.2308      4.00      7.00     13.00    134.00      0.00       4.5365    0.1230      1.00      3.00      6.00     82.00      0.00      11.0465    0.1036      9.00     11.00     13.00     28.00      0.00
  1.4000   0.1200       12.1470    0.2550      5.00      9.00     16.00    100.00      0.00       5.8595    0.1582      1.00      3.00      8.00     64.00      0.00      10.6850    0.1100      8.00     11.00     13.00     28.00      0.00
  1.4000   0.1000       17.7545    0.4218      6.00     12.00     23.00    199.00      0.00       9.8735    0.2924      2.00      5.00     12.00    165.00      0.00      10.4245    0.1127      8.00     11.00     13.00     32.00      0.00
  1.4000   0.0800       27.8655    0.6902      8.00     18.00     37.00    278.00      0.00      17.1210    0.5066      3.00      9.00     22.00    231.00      0.00       9.8275    0.1215      7.00     10.00     13.00     29.00      0.00
  1.4000   0.0600       47.5855    1.1295     12.00     31.00     65.00    490.00      0.00      34.8545    0.9280      7.00     20.00     47.00    358.00      0.00       8.5860    0.1306      4.00     10.00     12.00     32.00      0.00
  1.4000   0.0400       83.8300    1.9427     23.00     54.00    115.00    655.00      0.00      67.7000    1.5970     15.00     45.00     94.00    467.00      0.00       6.3595    0.1382      0.00      6.00     11.00     27.00      0.00
  1.4000   0.0200      146.6885    3.2336     43.00    103.00    203.00   1109.00      0.00     135.3765    3.0039     38.00     96.00    190.00   1109.00      0.00       2.9195    0.1125      0.00      0.00      5.00     27.00      0.00
  1.2000   0.2000        7.2935    0.1351      3.00      6.00      9.00     71.00      0.00       2.4245    0.0601      1.00      1.00      3.00     58.00      0.00      13.7945    0.1374     10.00     13.00     17.00     46.00      0.00
  1.2000   0.1800        8.3435    0.1587      4.00      6.00     10.00     80.00      0.00       2.8055    0.0632      1.00      2.00      4.00     38.00      0.00      13.7140    0.1369     10.00     13.00     17.00     38.00      0.00
  1.2000   0.1600        9.8530    0.1924      4.00      7.00     12.00     90.00      0.00       3.4445    0.0936      1.00      2.00      4.00     48.00      0.00      13.3905    0.1327     10.00     13.00     17.00     40.00      0.00
  1.2000   0.1400       12.3535    0.2554      5.00      9.00     16.00    129.00      0.00       4.4290    0.1199      1.00      3.00      6.00     56.00      0.00      13.1065    0.1398     10.00     12.00     17.00     40.00      0.00
  1.2000   0.1200       14.9410    0.3440      6.00     11.00     19.00    244.00      0.00       6.1010    0.1818      1.00      3.00      7.00     89.00      0.00      12.5620    0.1426      9.00     12.00     16.00     44.00      0.00
  1.2000   0.1000       20.9015    0.4599      8.00     14.00     27.00    210.00      0.00       9.7575    0.3034      2.00      6.00     12.00    202.00      0.00      12.2760    0.1394      9.00     12.00     16.00     41.00      0.00
  1.2000   0.0800       30.1665    0.6929     10.00     20.00     40.00    237.00      0.00      16.5180    0.4676      3.00      9.00     21.00    206.00      0.00      11.3575    0.1525      7.00     11.00     15.00     34.00      0.00
  1.2000   0.0600       52.1890    1.2587     14.00     34.00     70.00    522.00      0.00      34.0485    0.8879      6.00     21.00     47.00    341.00      0.00       9.6300    0.1604      2.00     10.00     14.00     36.00      0.00
  1.2000   0.0400       91.2485    2.1254     23.00     61.00    124.00    753.00      0.00      70.2425    1.6862     15.00     46.00    100.00    549.00      0.00       7.1080    0.1622      0.00      7.00     12.00     34.00      0.00
  1.2000   0.0200      150.4295    3.4447     41.00    103.00    206.00   1224.00      0.00     136.3340    3.1698     35.00     93.00    191.00   1193.00      0.00       3.0240    0.1286      0.00      0.00      2.00     34.00      0.00
  1.0000   0.2000        9.2305    0.1727      4.00      7.00     12.00     74.00      0.00       2.4410    0.0543      1.00      1.00      3.00     23.00      0.00      17.5055    0.1840     12.00     16.00     22.00     63.00      0.00
  1.0000   0.1800       10.4740    0.1950      5.00      8.00     14.00     82.00      0.00       2.8475    0.0711      1.00      2.00      4.00     59.00      0.00      17.1350    0.1815     12.00     16.00     22.00     62.00      0.00
  1.0000   0.1600       12.2830    0.2564      5.00      9.00     16.00    174.00      0.00       3.4385    0.0890      1.00      2.00      4.00     56.00      0.00      16.5815    0.1879     11.00     16.00     22.00     53.00      0.00
  1.0000   0.1400       14.6230    0.3057      6.00     11.00     19.00    171.00      0.00       4.2525    0.1296      1.00      2.00      5.00    123.00      0.00      16.2180    0.1864     11.00     15.00     21.00     55.00      0.00
  1.0000   0.1200       18.6410    0.3954      7.00     13.00     24.00    169.00      0.00       6.0470    0.1905      1.00      3.00      8.00    135.00      0.00      15.8490    0.1895     11.00     15.00     21.00     55.00      0.00
  1.0000   0.1000       24.9280    0.5598      8.00     16.00     33.00    195.00      0.00       8.8655    0.2814      2.00      5.00     11.00    164.00      0.00      15.1310    0.1886     10.00     15.00     20.00     53.00      0.00
  1.0000   0.0800       36.5575    0.8597     11.00     24.00     49.00    428.00      0.00      17.4790    0.5550      3.00      9.00     21.00    283.00      0.00      13.9755    0.2091      8.00     13.00     19.00     56.00      0.00
  1.0000   0.0600       60.4025    1.3499     17.00     40.00     83.00    459.00      0.00      34.3955    0.9103      6.00     20.00     47.00    367.00      0.00      11.4385    0.2075      2.00     11.00     17.00     51.00      0.00
  1.0000   0.0400      101.9210    2.3376     28.00     67.00    141.00    712.00      0.00      70.0320    1.7312     15.00     45.00     96.00    543.00      0.00       8.6845    0.2173      0.00      6.00     15.00     73.00      0.00
  1.0000   0.0200      158.7840    3.6125     46.00    109.00    221.00   1133.00      0.00     135.3660    3.1081     38.00     93.00    186.00   1125.00      0.00       3.6365    0.1617      0.00      0.00      2.00     48.00      0.00
  0.8000   0.2000       11.9295    0.2320      5.00      9.00     15.00    109.00      0.00       2.4870    0.0556      1.00      1.00      3.00     23.00      0.00      22.7975    0.2808     14.00     22.00     29.00    100.00      0.00
  0.8000   0.1800       13.7395    0.2676      6.00     10.00     18.00    139.00      0.00       2.7930    0.0647      1.00      2.00      3.00     32.00      0.00      22.8930    0.2713     14.00     21.00     30.00     98.00      0.00
  0.8000   0.1600       16.2010    0.3229      7.00     12.00     21.00    142.00      0.00       3.4485    0.0893      1.00      2.00      4.00     62.00      0.00      22.4430    0.2766     14.00     21.00     30.00     87.00      0.00
  0.8000   0.1400       19.2455    0.4090      7.00     14.00     24.00    140.00      0.00       4.1830    0.1056      1.00      3.00      5.00     52.00      0.00      21.8045    0.2810     13.00     20.00     29.00     80.00      0.00
  0.8000   0.1200       24.2880    0.5453      9.00     17.00     32.00    340.00      0.00       5.9960    0.1891      1.00      3.00      7.00    139.00      0.00      21.4745    0.2910     13.00     20.00     29.00     89.00      0.00
  0.8000   0.1000       32.5355    0.7197     11.00     22.00     43.00    309.00      0.00       9.2465    0.2733      2.00      5.00     12.00    134.00      0.00      20.0465    0.2928     11.00     19.00     28.00     88.00      0.00
  0.8000   0.0800       46.5985    1.0186     15.00     32.00     63.00    399.00      0.00      17.1185    0.5043      4.00      9.00     22.00    266.00      0.00      18.4845    0.2945      9.00     18.00     27.00     77.00      0.00
  0.8000   0.0600       69.4270    1.5800     20.00     47.00     94.00    531.00      0.00      33.2870    0.9016      6.00     18.00     46.00    299.00      0.00      15.5775    0.3037      2.00     14.00     24.00     83.00      0.00
  0.8000   0.0400      111.6250    2.5279     32.00     77.00    154.00    921.00      0.00      67.0695    1.5817     15.00     45.00     95.00    542.00      0.00      10.9820    0.2993      0.00      4.00     19.00     90.00      0.00
  0.8000   0.0200      158.3885    3.5594     43.00    107.00    222.00   1390.00      0.00     132.1980    3.0890     34.00     89.00    187.00   1390.00      0.00       4.4790    0.2208      0.00      0.00      2.00     67.00      0.00
  0.6000   0.2000       17.6560    0.3469      8.00     13.00     22.00    120.00      0.00       2.4055    0.0543      1.00      1.00      3.00     19.00      0.00      34.6400    0.4724     20.00     32.00     46.00    131.00      0.00
  0.6000   0.1800       20.4035    0.4054      9.00     16.00     26.00    206.00      0.00       2.9305    0.0791      1.00      2.00      4.00     68.00      0.00      34.5300    0.4854     19.00     32.00     47.00    137.00      0.00
  0.6000   0.1600       23.9175    0.4635     10.00     18.00     32.00    185.00      0.00       3.4545    0.0932      1.00      2.00      4.00     58.00      0.00      33.8515    0.4953     18.00     31.00     46.00    163.00      0.00
  0.6000   0.1400       29.4180    0.5867     12.00     22.00     38.00    257.00      0.00       4.3290    0.1139      1.00      3.00      6.00     58.00      0.00      32.0410    0.4793     17.00     29.00     44.00    126.00      0.00
  0.6000   0.1200       35.1380    0.7557     12.00     25.00     46.00    279.00      0.00       6.3290    0.1927      1.00      4.00      8.00    119.00      0.00      30.9360    0.4899     16.00     28.00     43.00    152.00      0.00
  0.6000   0.1000       46.4960    1.0262     16.00     33.00     61.00    475.00      0.00       9.3140    0.2993      2.00      5.00     11.00    208.00      0.00      29.6320    0.4910     13.00     27.00     43.00    132.00      0.00
  0.6000   0.0800       63.4390    1.3843     20.00     45.00     85.00    480.00      0.00      17.3995    0.5040      3.00      9.00     22.00    286.00      0.00      25.4335    0.4993      5.00     22.00     39.00    134.00      0.00
  0.6000   0.0600       92.9530    2.0632     26.00     62.00    131.00    812.00      0.00      35.9710    0.9672      7.00     21.00     48.00    389.00      0.00      20.4105    0.4802      2.00     15.00     34.00    140.00      0.00
  0.6000   0.0400      126.3350    2.8047     38.00     89.00    173.00   1244.00      0.00      67.6530    1.5875     16.00     45.00     96.00    558.00      0.00      13.5485    0.4424      0.00      2.00     23.00    117.00      0.00
  0.6000   0.0200      172.6835    3.9520     49.00    118.00    238.00   1312.00      0.00     131.9260    2.9573     35.00     92.00    188.00    835.00      0.00       5.1470    0.3076      0.00      0.00      1.00    145.00      0.00
  0.4000   0.2000       33.0930    0.6535     13.00     25.00     43.00    252.00      0.00       2.4540    0.0558      1.00      1.00      3.00     31.00      0.00      64.7990    1.0861     29.00     55.00     91.00    340.00      0.00
  0.4000   0.1800       36.6435    0.7174     15.00     27.00     48.00    254.00      0.00       2.8110    0.0666      1.00      2.00      4.00     39.00      0.00      62.0285    1.0551     27.00     53.00     85.00    326.00      0.00
  0.4000   0.1600       41.3790    0.8175     16.00     30.00     54.00    265.00      0.00       3.3790    0.0905      1.00      2.00      4.00     50.00      0.00      59.9865    1.0174     25.00     51.00     86.00    298.00      0.00
  0.4000   0.1400       49.3350    1.0021     19.00     37.00     66.00    316.00      0.00       4.3610    0.1107      1.00      3.00      6.00     56.00      0.00      56.5675    1.0094     23.00     48.00     79.00    388.00      0.00
  0.4000   0.1200       62.1730    1.2811     22.00     45.00     83.00    411.00      0.00       5.9855    0.1758      1.00      3.00      8.00    104.00      0.00      53.7850    1.0354     17.00     45.00     79.00    273.00      0.00
  0.4000   0.1000       75.6035    1.6477     26.00     54.00    101.00    625.00      0.00       9.4275    0.2883      2.00      5.00     12.00    150.00      0.00      48.6175    1.0090     12.00     38.00     73.00    332.00      0.00
  0.4000   0.0800       95.0505    2.0327     31.00     67.00    127.00    635.00      0.00      16.5395    0.4909      3.00      9.00     22.00    272.00      0.00      41.8560    0.9633      5.00     30.00     65.00    324.00      0.00
  0.4000   0.0600      120.9950    2.6942     36.00     84.00    169.00   1043.00      0.00      33.5430    0.9173      6.00     19.00     44.00    348.00      0.00      28.8980    0.8287      1.00     11.00     45.00    247.00      0.00
  0.4000   0.0400      153.6380    3.3678     47.00    107.00    210.00   1205.00      0.00      66.3425    1.6587     15.00     43.00     90.00    492.00      0.00      17.1510    0.7297      0.00      2.00     17.00    294.00      0.00
  0.4000   0.0200      183.2895    3.9773     51.00    130.00    261.00   1378.00      0.00     129.0010    2.9324     34.00     86.00    181.00   1024.00      0.00       4.9075    0.3582      0.00      0.00      1.00    216.00      0.00
  0.2000   0.2000      104.1855    2.2799     32.00     74.00    146.00    903.00      0.00       2.4320    0.0573      1.00      1.00      3.00     37.00      0.00     162.7375    3.7662     45.00    115.00    226.00   1424.00      0.00
  0.2000   0.1800      118.1905    2.6359     35.00     82.00    160.00    848.00      0.00       2.7725    0.0623      1.00      2.00      3.00     22.00      0.00     152.5555    3.5070     38.00    104.00    218.00   1080.00      0.00
  0.2000   0.1600      125.3210    2.8430     37.00     86.00    172.00    983.00      0.00       3.4655    0.0873      1.00      2.00      4.00     57.00      0.00     131.8485    3.1772     28.00     86.00    186.00   1121.00      0.00
  0.2000   0.1400      133.1725    2.9566     38.00     94.00    188.00   1119.00      0.00       4.5475    0.1244      1.00      3.00      6.00     80.00      0.00     111.0210    2.7622     21.00     73.00    161.00   1232.00      0.00
  0.2000   0.1200      147.9615    3.2972     46.00    101.00    201.00   1236.00      0.00       6.0045    0.1886      1.00      3.00      8.00    122.00      0.00      94.3615    2.4723     16.00     56.00    131.00    849.00      0.00
  0.2000   0.1000      157.5795    3.4589     46.00    108.00    220.00    961.00      0.00       9.5710    0.2843      2.00      5.00     12.00    110.00      0.00      71.5065    1.9610      9.00     37.00    103.00    653.00      0.00
  0.2000   0.0800      166.4785    3.6903     47.00    114.00    234.00   1227.00      0.00      16.9865    0.4886      3.00      9.00     21.00    178.00      0.00      50.3930    1.5416      4.00     22.00     68.00    597.00      0.00
  0.2000   0.0600      183.5485    4.1756     54.00    125.00    252.00   1747.00      0.00      34.7865    0.9124      7.00     21.00     50.00    302.00      0.00      31.1750    1.2132      2.00      8.00     36.00    519.00      0.00
  0.2000   0.0400      191.8690    4.4646     58.00    130.00    255.00   1882.00      0.00      70.3930    1.6722     16.00     48.00    100.00    565.00      0.00      14.7700    0.7433      0.00      2.00     12.00    321.00      0.00
  0.2000   0.0200      193.8345    4.3929     55.00    132.00    268.00   1447.00      0.00     130.4635    3.0141     35.00     88.00    183.00   1132.00      0.00       3.1840    0.2673      0.00      0.00      1.00    246.00      0.00
