Amp Radius  OC_Mean OC_Std OC_Q1 OC_Med OC_Q3 OC_Max OC_Min  Exp_Mean Exp_Std Exp_Q1 Exp_Med Exp_Q3 Exp_Max Exp_Min  Num_Mean Num_Std Num_Q1 Num_Med Num_Q3 Num_Max Num_Min
  2.0000   0.2000        4.3955    0.0754      3.00      4.00      5.00     50.00      0.00       1.6375    0.0557      1.00      1.00      1.00     33.00      0.00       7.0925    0.0831      4.00      7.00     10.00     22.00      0.00
  2.0000   0.1800        5.1695    0.1208      3.00      4.00      6.00     75.00      0.00       2.2490    0.1080      1.00      1.00      1.00     75.00      0.00       6.6635    0.0790      4.00      6.00      9.00     21.00      0.00
  2.0000   0.1600        5.9095    0.1340      3.00      4.00      6.00     71.00      0.00       2.8820    0.1209      1.00      1.00      2.00     70.00      0.00       6.6695    0.0790      4.00      6.00      9.00     19.00      0.00
  2.0000   0.1400        8.1760    0.2338      3.00      5.00      8.00    122.00      0.00       4.8935    0.2079      1.00      1.00      4.00    114.00      0.00       6.3030    0.0794      3.00      6.00      9.00     17.00      0.00
  2.0000   0.1200       11.8800    0.3377      4.00      6.00     13.00    146.00      0.00       8.3565    0.3179      1.00      2.00      9.00    143.00      0.00       6.2325    0.0800      3.00      6.00      9.00     18.00      0.00
  2.0000   0.1000       17.3435    0.5057      5.00      8.00     21.00    286.00      0.00      13.4685    0.4489      1.00      5.00     18.00    197.00      0.00       6.0680    0.0846      3.00      6.00      9.00     19.00      0.00
  2.0000   0.0800       28.0730    0.7331      6.00     15.00     39.00    238.00      0.00      23.8735    0.6902      2.00     12.00     35.00    237.00      0.00       5.8035    0.0866      3.00      6.00      9.00     18.00      0.00
  2.0000   0.0600       46.0265    1.1556     10.00     29.00     61.00    437.00      0.00      41.4565    1.1124      7.00     25.00     56.00    435.00      0.00       5.0440    0.0901      1.00      5.00      8.00     16.00      0.00
  2.0000   0.0400       74.9275    1.7902     18.00     49.00    108.00    802.00      0.00      69.1535    1.6698     15.00     45.00    100.00    620.00      0.00       3.9165    0.0876      0.00      3.00      7.00     17.00      0.00
  2.0000   0.0200      136.3055    3.1399     35.00     91.00    189.00   1145.00      0.00     131.0380    3.0389     33.00     87.00    185.00   1145.00      0.00       1.9465    0.0692      0.00      0.00      4.00     15.00      0.00
  1.8000   0.2000        4.7560    0.0779      3.00      4.00      6.00     49.00      0.00       1.6275    0.0604      1.00      1.00      1.00     47.00      0.00       7.8895    0.0897      5.00      8.00     11.00     24.00      0.00
  1.8000   0.1800        5.6430    0.1117      3.00      4.00      6.00     65.00      0.00       2.1980    0.0927      1.00      1.00      2.00     57.00      0.00       7.5630    0.0867      5.00      7.00     10.00     21.00      0.00
  1.8000   0.1600        6.6120    0.1402      3.00      5.00      7.00     79.00      0.00       2.9370    0.1279      1.00      1.00      2.00     76.00      0.00       7.4285    0.0826      5.00      7.00     10.00     24.00      0.00
  1.8000   0.1400        8.8625    0.2144      4.00      6.00      9.00     95.00      0.00       4.8115    0.1902      1.00      1.00      4.00     90.00      0.00       7.1305    0.0837      4.00      7.00     10.00     19.00      0.00
  1.8000   0.1200       12.9365    0.3418      4.00      7.00     15.00    172.00      0.00       8.5905    0.3124      1.00      2.00     10.00    172.00      0.00       6.9945    0.0868      4.00      7.00     10.00     21.00      0.00
  1.8000   0.1000       18.9490    0.5109      5.00     10.00     24.00    219.00      0.00      13.9835    0.4720      1.00      5.00     18.00    217.00      0.00       6.9275    0.0890      4.00      7.00     10.00     18.00      0.00
  1.8000   0.0800       29.4145    0.7531      7.00     17.00     41.00    244.00      0.00      24.0530    0.7004      2.00     13.00     34.00    241.00      0.00       6.5300    0.0927      3.00      7.00     10.00     17.00      0.00
  1.8000   0.0600       44.5145    1.0701     11.00     28.00     60.00    404.00      0.00      38.9960    1.0255      7.00     24.00     54.00    400.00      0.00       5.7760    0.0972      2.00      6.00      9.00     18.00      0.00
  1.8000   0.0400       75.4870    1.7992     19.00     49.00    106.00    709.00      0.00      68.4705    1.6967     16.00     43.00     95.00    706.00      0.00       4.2445    0.0968      0.00      3.00      8.00     19.00      0.00
  1.8000   0.0200      139.1415    3.0656     43.00     98.00    189.00    904.00      0.00     132.3380    2.9282     39.00     94.00    180.00    904.00      0.00       2.0190    0.0759      0.00      0.00      3.00     15.00      0.00
  1.6000   0.2000        5.7110    0.0912      3.00      5.00      7.00     54.00      0.00       1.7510    0.0707      1.00      1.00      1.00     52.00      0.00       9.2175    0.0964      6.00      9.00     12.00     29.00      0.00
  1.6000   0.1800        6.5250    0.1250      4.00      5.00      7.00     70.00      0.00       2.2605    0.1037      1.00      1.00      1.00     65.00      0.00       8.7980    0.0945      6.00      9.00     12.00     26.00      0.00
  1.6000   0.1600        7.7540    0.1760      4.00      6.00      9.00     98.00      0.00       3.2220    0.1459      1.00      1.00      2.00     94.00      0.00       8.3845    0.0936      5.00      8.00     11.00     24.00      0.00
  1.6000   0.1400        9.8210    0.2501      4.00      6.00     11.00    186.00      0.00       4.6720    0.2088      1.00      1.00      4.00    184.00      0.00       8.0980    0.0887      5.00      8.00     11.00     20.00      0.00
  1.6000   0.1200       13.9280    0.3524      5.00      8.00     17.00    150.00      0.00       8.4045    0.3072      1.00      2.00     10.00    142.00      0.00       8.0330    0.0961      5.00      8.00     11.00     24.00      0.00
  1.6000   0.1000       19.9275    0.5018      6.00     11.00     26.00    229.00      0.00      13.7290    0.4630      1.00      5.00     18.00    227.00      0.00       7.6625    0.0974      4.00      8.00     11.00     23.00      0.00
  1.6000   0.0800       29.1315    0.7329      7.00     17.00     41.00    347.00      0.00      22.0760    0.6658      2.00     10.00     30.00    345.00      0.00       7.3605    0.1037      4.00      7.00     11.00     22.00      0.00
  1.6000   0.0600       48.3335    1.1790     12.00     32.00     66.00    481.00      0.00      39.9615    1.0434      7.00     24.00     55.00    345.00      0.00       6.2685    0.1056      2.00      7.00     10.00     21.00      0.00
  1.6000   0.0400       80.3825    1.8785     20.00     54.00    109.00    748.00      0.00      70.4675    1.7008     16.00     48.00     97.00    709.00      0.00       5.0755    0.1111      0.00      5.00      9.00     28.00      0.00
  1.6000   0.0200      139.0920    3.0412     40.00     96.00    195.00    818.00      0.00     130.6245    2.8980     37.00     90.00    182.00    816.00      0.00       2.3875    0.0899      0.00      0.00      4.00     19.00      0.00
  1.4000   0.2000        6.7600    0.1194      4.00      6.00      8.00     82.00      0.00       1.7650    0.0867      1.00      1.00      1.00     73.00      0.00      10.7385    0.1129      7.00     11.00     14.00     33.00      0.00
  1.4000   0.1800        7.5555    0.1420      4.00      6.00      9.00    114.00      0.00       2.2035    0.0873      1.00      1.00      2.00     52.00      0.00      10.1620    0.1095      7.00     10.00     13.00     31.00      0.00
  1.4000   0.1600        8.8760    0.1870      5.00      7.00     10.00    131.00      0.00       3.1630    0.1391      1.00      1.00      2.00     76.00      0.00       9.7195    0.1053      6.00      9.00     13.00     28.00      0.00
  1.4000   0.1400       11.2235    0.2413      5.00      8.00     13.00     95.00      0.00       4.9735    0.1971      1.00      1.00      4.00     86.00      0.00       9.4030    0.1049      6.00      9.00     13.00     26.00      0.00
  1.4000   0.1200       16.1650    0.4233      6.00     10.00     19.00    279.00      0.00       8.7690    0.3368      1.00      2.00     10.00    165.00      0.00       9.2955    0.1098      6.00     10.00     13.00     29.00      0.00
  1.4000   0.1000       22.2120    0.5394      7.00     13.00     28.00    219.00      0.00      14.4860    0.4606      1.00      6.00     19.00    213.00      0.00       9.0055    0.1078      6.00      9.00     12.00     28.00      0.00
  1.4000   0.0800       31.5065    0.7568      8.00     20.00     42.00    268.00      0.00      22.7225    0.6618      2.00     12.00     31.00    251.00      0.00       8.3875    0.1191      4.00      9.00     12.00     28.00      0.00
  1.4000   0.0600       50.5515    1.1678     13.00     34.00     70.00    405.00      0.00      39.7090    1.0216      7.00     24.00     56.00    400.00      0.00       7.2660    0.1241      2.00      8.00     11.00     26.00      0.00
  1.4000   0.0400       86.1315    1.9796     23.00     57.00    123.00    800.00      0.00      71.8045    1.7107     17.00     47.00    100.00    616.00      0.00       5.8060    0.1292      0.00      5.00     10.00     25.00      0.00
  1.4000   0.0200      139.6285    3.1393     37.00     96.00    190.00   1007.00      0.00     127.9620    2.9830     33.00     86.00    176.00   1007.00      0.00       2.5800    0.1015      0.00      0.00      4.00     26.00      0.00
  1.2000   0.2000        8.2575    0.1384      5.00      7.00     10.00     90.00      0.00       1.8405    0.0838      1.00      1.00      1.00     82.00      0.00      12.9110    0.1450      8.00     12.00     17.00     50.00      0.00
  1.2000   0.1800        9.1760    0.1545      5.00      8.00     11.00     82.00      0.00       2.1250    0.0849      1.00      1.00      1.00     54.00      0.00      12.2870    0.1331      8.00     12.00     16.00     38.00      0.00
  1.2000   0.1600       10.7180    0.2178      5.00      8.00     13.00    107.00      0.00       3.1055    0.1439      1.00      1.00      2.00     88.00      0.00      11.6265    0.1305      8.00     11.00     15.00     42.00      0.00
  1.2000   0.1400       13.7770    0.2897      6.00     10.00     17.00    123.00      0.00       4.9490    0.1967      1.00      1.00      5.00    102.00      0.00      11.4740    0.1288      8.00     11.00     15.00     45.00      0.00
  1.2000   0.1200       17.1620    0.3811      7.00     11.00     21.00    167.00      0.00       8.1300    0.3036      1.00      2.00      9.00    166.00      0.00      11.2530    0.1284      8.00     11.00     15.00     42.00      0.00
  1.2000   0.1000       24.2715    0.5627      8.00     15.00     31.00    226.00      0.00      13.4935    0.4316      1.00      5.00     18.00    172.00      0.00      10.5550    0.1318      7.00     11.00     14.00     33.00      0.00
  1.2000   0.0800       35.4090    0.8442     10.00     23.00     47.00    400.00      0.00      22.4610    0.6468      2.00     11.00     32.00    271.00      0.00       9.8715    0.1445      5.00     10.00     14.00     36.00      0.00
  1.2000   0.0600       55.3810    1.2860     15.00     36.00     79.00    837.00      0.00      39.6895    1.0087      7.00     24.00     58.00    480.00      0.00       8.4420    0.1497      1.00      9.00     13.00     34.00      0.00
  1.2000   0.0400       89.1370    2.0913     25.00     61.00    123.00   1007.00      0.00      71.0000    1.7494     16.00     47.00     99.00    764.00      0.00       6.4715    0.1506      0.00      5.00     12.00     33.00      0.00
  1.2000   0.0200      146.8985    3.2784     43.00    103.00    204.00   1063.00      0.00     131.5430    2.9659     37.00     90.00    183.00    983.00      0.00       3.1550    0.1257      0.00      0.00      5.00     32.00      0.00
  1.0000   0.2000       10.4970    0.1606      6.00      9.00     13.00     78.00      0.00       1.6960    0.0655      1.00      1.00      1.00     60.00      0.00      16.2480    0.1967     10.00     15.00     21.00     53.00      0.00
  1.0000   0.1800       11.7275    0.1994      6.00     10.00     14.00     80.00      0.00       2.2730    0.0980      1.00      1.00      2.00     70.00      0.00      15.3160    0.1786     10.00     14.00     19.00     67.00      0.00
  1.0000   0.1600       13.9515    0.2792      7.00     11.00     17.00    212.00      0.00       3.3895    0.1561      1.00      1.00      2.00    131.00      0.00      14.9820    0.1750     10.00     14.00     19.00     54.00      0.00
  1.0000   0.1400       16.7290    0.3330      8.00     13.00     20.00    233.00      0.00       5.1355    0.2047      1.00      1.00      5.00    114.00      0.00      14.5405    0.1716      9.00     14.00     19.00     58.00      0.00
  1.0000   0.1200       21.8770    0.4581      9.00     15.00     27.00    158.00      0.00       8.2120    0.3174      1.00      2.00      9.00    125.00      0.00      14.5255    0.1859      9.00     14.00     20.00     54.00      0.00
  1.0000   0.1000       29.3495    0.6509     11.00     20.00     38.00    275.00      0.00      13.8685    0.4797      1.00      5.00     18.00    265.00      0.00      13.6535    0.1822      8.00     13.00     18.00     51.00      0.00
  1.0000   0.0800       43.2005    0.9352     15.00     29.00     58.00    346.00      0.00      23.9970    0.6772      3.00     12.00     33.00    219.00      0.00      12.8325    0.1946      7.00     13.00     18.00     52.00      0.00
  1.0000   0.0600       61.6200    1.3606     18.00     43.00     84.00    445.00      0.00      39.3935    1.0119      6.00     25.00     56.00    413.00      0.00      10.9935    0.2059      1.00     11.00     17.00     60.00      0.00
  1.0000   0.0400      101.4735    2.3220     28.00     69.00    137.00    962.00      0.00      72.1550    1.7089     15.00     49.00    102.00    543.00      0.00       7.9565    0.1981      0.00      5.00     14.00     58.00      0.00
  1.0000   0.0200      150.3330    3.2567     45.00    109.00    211.00   1211.00      0.00     129.5050    2.9552     36.00     90.00    181.00   1211.00      0.00       3.6325    0.1580      0.00      0.00      3.00     65.00      0.00
  0.8000   0.2000       15.0065    0.2427      8.00     13.00     19.00    170.00      0.00       1.7280    0.0710      1.00      1.00      1.00     60.00      0.00      23.0795    0.2940     14.00     21.00     31.00     84.00      0.00
  0.8000   0.1800       16.9905    0.2739      9.00     14.00     22.00    123.00      0.00       2.2520    0.1069      1.00      1.00      2.00     99.00      0.00      21.9030    0.2963     13.00     20.00     28.00    106.00      0.00
  0.8000   0.1600       19.8735    0.3544     10.00     16.00     25.00    190.00      0.00       3.1265    0.1337      1.00      1.00      2.00     74.00      0.00      21.5070    0.2760     13.00     20.00     28.00     89.00      0.00
  0.8000   0.1400       23.1210    0.4193     11.00     18.00     29.00    180.00      0.00       4.9645    0.2094      1.00      1.00      4.00    102.00      0.00      20.1935    0.2708     12.00     19.00     27.00     93.00      0.00
  0.8000   0.1200       29.1920    0.5764     12.00     21.00     37.00    180.00      0.00       8.6750    0.3288      1.00      2.00     10.00    141.00      0.00      19.2920    0.2713     11.00     18.00     25.00    104.00      0.00
  0.8000   0.1000       37.3040    0.7743     15.00     27.00     48.00    331.00      0.00      13.6500    0.4542      1.00      6.00     18.00    205.00      0.00      18.2330    0.2830     10.00     17.00     25.00     85.00      0.00
  0.8000   0.0800       50.9655    1.1436     17.00     35.00     67.00    549.00      0.00      23.5305    0.7058      3.00     12.00     32.00    301.00      0.00      16.1700    0.2811      6.00     15.00     23.00     86.00      0.00
  0.8000   0.0600       74.9065    1.6251     24.00     52.00    101.00    501.00      0.00      41.1235    1.0964      7.00     25.00     57.00    391.00      0.00      14.1050    0.2912      1.00     13.00     22.00     71.00      0.00
  0.8000   0.0400      108.2440    2.3791     32.00     76.00    151.00    823.00      0.00      69.8250    1.6865     15.00     44.00    103.00    531.00      0.00      10.2710    0.2828      0.00      4.00     18.00     87.00      0.00
  0.8000   0.0200      171.4395    3.8677     50.00    118.00    238.00   1388.00      0.00     138.4790    3.1647     38.00     94.00    191.00   1345.00      0.00       5.0585    0.2275      0.00      0.00      4.00     77.00      0.00
  0.6000   0.2000       25.7385    0.4301     13.00     21.00     34.00    144.00      0.00       1.7205    0.0628      1.00      1.00      1.00     39.00      0.00      37.8490    0.5869     20.00     32.00     50.00    190.00      0.00
  0.6000   0.1800       28.4310    0.4910     13.00     23.00     37.00    179.00      0.00       2.1915    0.0883      1.00      1.00      1.00     51.00      0.00      35.7005    0.5617     18.00     31.00     47.00    176.00      0.00
  0.6000   0.1600       32.3290    0.5758     15.00     26.00     42.00    235.00      0.00       3.4810    0.1771      1.00      1.00      2.00    165.00      0.00      33.8450    0.5390     17.00     29.00     45.00    207.00      0.00
  0.6000   0.1400       38.0530    0.7353     16.00     29.00     50.00    326.00      0.00       4.9865    0.2108      1.00      1.00      4.00    114.00      0.00      32.7120    0.5354     16.00     27.00     44.00    203.00      0.00
  0.6000   0.1200       45.0920    0.8827     18.00     34.00     60.00    284.00      0.00       8.5070    0.3147      1.00      2.00     10.00    173.00      0.00      30.4790    0.5391     14.00     25.00     42.00    155.00      0.00
  0.6000   0.1000       55.9275    1.1320     21.00     41.00     74.00    403.00      0.00      13.6000    0.4326      1.00      6.00     18.00    213.00      0.00      28.3480    0.5157     12.00     24.00     40.00    170.00      0.00
  0.6000   0.0800       70.8055    1.4511     27.00     53.00     93.00    616.00      0.00      23.4655    0.6639      2.00     13.00     32.00    197.00      0.00      25.7815    0.5518      6.00     20.00     37.00    179.00      0.00
  0.6000   0.0600       94.0730    1.8827     34.00     70.00    127.00    593.00      0.00      37.7850    0.9798      6.00     23.00     54.00    349.00      0.00      21.2910    0.5039      2.00     16.00     32.00    173.00      0.00
  0.6000   0.0400      132.2105    2.7948     41.00     95.00    182.00    916.00      0.00      70.8070    1.6628     17.00     48.00    100.00    594.00      0.00      14.1310    0.4405      0.00      4.00     23.00    112.00      0.00
  0.6000   0.0200      178.2065    3.8738     55.00    125.00    244.00   1133.00      0.00     132.2410    2.9150     39.00     92.00    186.00   1058.00      0.00       5.5245    0.3164      0.00      0.00      2.00    120.00      0.00
  0.4000   0.2000       57.4270    1.1600     22.00     42.00     77.00    417.00      0.00       1.8140    0.0743      1.00      1.00      1.00     48.00      0.00      78.3835    1.5796     30.00     59.00    104.00    719.00      0.00
  0.4000   0.1800       64.3090    1.3072     24.00     48.00     87.00    467.00      0.00       2.1645    0.0917      1.00      1.00      1.00     64.00      0.00      72.9055    1.4587     29.00     55.00     97.00    538.00      0.00
  0.4000   0.1600       71.1605    1.4328     25.00     51.00     98.00    504.00      0.00       3.2445    0.1421      1.00      1.00      2.00     89.00      0.00      67.4650    1.3730     25.00     51.00     92.00    483.00      0.00
  0.4000   0.1400       82.8675    1.7241     29.00     60.00    111.00    614.00      0.00       4.7540    0.2112      1.00      1.00      4.00    105.00      0.00      63.6945    1.3168     23.00     47.00     86.00    456.00      0.00
  0.4000   0.1200       90.3715    1.8656     33.00     68.00    123.00    815.00      0.00       8.2285    0.3023      1.00      2.00     10.00    147.00      0.00      56.5835    1.2078     18.00     43.00     79.00    532.00      0.00
  0.4000   0.1000      102.8635    2.1174     36.00     76.00    140.00    777.00      0.00      13.7455    0.4871      1.00      5.00     17.00    230.00      0.00      50.5240    1.1256     13.00     37.00     71.00    400.00      0.00
  0.4000   0.0800      121.0445    2.5700     39.00     85.00    164.00    925.00      0.00      23.2190    0.6651      2.00     12.00     33.00    276.00      0.00      40.3330    1.0404      5.00     25.00     58.00    313.00      0.00
  0.4000   0.0600      150.8595    3.3515     47.00    105.00    203.00   1320.00      0.00      39.8005    1.0558      7.00     25.00     56.00    501.00      0.00      30.3510    0.9064      1.00     14.00     45.00    287.00      0.00
  0.4000   0.0400      172.9775    3.7667     54.00    119.00    238.00   1267.00      0.00      71.5175    1.6980     17.00     48.00    100.00    744.00      0.00      15.7875    0.6254      0.00      3.00     20.00    219.00      0.00
  0.4000   0.0200      197.7735    4.5450     55.00    139.00    267.00   1700.00      0.00     134.2500    3.0905     35.00     92.00    189.00   1348.00      0.00       5.0680    0.3243      0.00      0.00      2.00    170.00      0.00
  0.2000   0.2000      143.1965    3.1084     46.00     98.00    199.00   1123.00      0.00       1.7375    0.0707      1.00      1.00      1.00     46.00      0.00     165.0210    3.8651     46.00    109.00    228.00   1594.00      0.00
  0.2000   0.1800      155.5975    3.5127     45.00    107.00    213.00   1284.00      0.00       2.3850    0.1180      1.00      1.00      2.00     73.00      0.00     147.7495    3.4878     38.00     98.00    202.00   1405.00      0.00
  0.2000   0.1600      157.7850    3.5201     48.00    112.00    215.00   1270.00      0.00       2.8350    0.1228      1.00      1.00      2.00     86.00      0.00     123.4700    2.8848     37.00     86.00    167.00   1143.00      0.00
  0.2000   0.1400      168.7980    3.7865     45.00    117.00    232.00   1450.00      0.00       4.8125    0.1873      1.00      1.00      4.00     83.00      0.00     104.3255    2.4755     25.00     69.00    144.00    744.00      0.00
  0.2000   0.1200      170.1880    3.8500     49.00    117.00    240.00   1476.00      0.00       8.3370    0.3237      1.00      2.00     10.00    233.00      0.00      81.5115    2.0757     19.00     51.00    115.00    867.00      0.00
  0.2000   0.1000      177.1140    3.8353     49.00    125.00    255.00   1134.00      0.00      14.2980    0.4635      1.00      5.00     19.00    183.00      0.00      61.0085    1.5441     10.00     38.00     87.00    517.00      0.00
  0.2000   0.0800      189.0470    4.2917     52.00    128.00    268.00   1456.00      0.00      24.2705    0.7012      3.00     13.00     34.00    311.00      0.00      42.7755    1.2164      4.00     23.00     62.00    446.00      0.00
  0.2000   0.0600      186.8430    4.1519     54.00    131.00    254.00   1205.00      0.00      39.5885    1.0203      7.00     24.00     58.00    530.00      0.00      24.5915    0.7641      1.00     11.00     36.00    259.00      0.00
  0.2000   0.0400      189.4355    4.3294     50.00    128.00    266.00   1596.00      0.00      67.5320    1.7159     14.00     43.00     93.00    653.00      0.00      12.2150    0.4945      0.00      2.00     14.00    183.00      0.00
  0.2000   0.0200      189.4170    4.2997     57.00    132.00    258.00   1651.00      0.00     129.1980    2.9952     36.00     91.00    182.00   1419.00      0.00       2.6520    0.1679      0.00      0.00      1.00     89.00      0.00
