Amp Radius  OC_Mean OC_Std OC_Q1 OC_Med OC_Q3 OC_Max OC_Min  Exp_Mean Exp_Std Exp_Q1 Exp_Med Exp_Q3 Exp_Max Exp_Min  Num_Mean Num_Std Num_Q1 Num_Med Num_Q3 Num_Max Num_Min
  2.0000   0.2000        4.4690    0.0920      3.00      4.00      5.00     60.00      0.00       1.8395    0.0818      1.00      1.00      1.00     57.00      0.00       6.9245    0.0819      4.00      7.00      9.00     20.00      0.00
  2.0000   0.1800        5.4795    0.1423      3.00      4.00      6.00    128.00      0.00       2.4925    0.1181      1.00      1.00      2.00     69.00      0.00       6.8565    0.0814      4.00      7.00     10.00     21.00      0.00
  2.0000   0.1600        6.4835    0.1688      3.00      4.00      7.00     94.00      0.00       3.2685    0.1468      1.00      1.00      2.00     90.00      0.00       6.5130    0.0784      4.00      6.00      9.00     20.00      0.00
  2.0000   0.1400        8.5985    0.2548      3.00      5.00      9.00    163.00      0.00       5.0630    0.2175      1.00      1.00      4.00    139.00      0.00       6.5375    0.0787      4.00      6.00      9.00     17.00      0.00
  2.0000   0.1200       11.7585    0.3148      4.00      6.00     14.00    135.00      0.00       8.2745    0.3007      1.00      2.00     10.00    132.00      0.00       6.0690    0.0803      3.00      6.00      9.00     17.00      0.00
  2.0000   0.1000       18.0040    0.4917      5.00      9.00     23.00    183.00      0.00      13.8495    0.4482      1.00      5.00     18.00    151.00      0.00       6.0200    0.0836      3.00      6.00      9.00     18.00      0.00
  2.0000   0.0800       27.5835    0.7577      6.00     16.00     36.00    410.00      0.00      23.2075    0.7033      2.00     12.00     32.00    409.00      0.00       5.5705    0.0854      2.00      5.00      8.00     17.00      0.00
  2.0000   0.0600       43.9245    1.1058      9.00     27.00     61.00    445.00      0.00      39.3725    1.0645      6.00     24.00     55.00    445.00      0.00       5.2150    0.0876      2.00      5.00      8.00     18.00      0.00
  2.0000   0.0400       75.6110    1.7483     19.00     51.00    109.00    700.00      0.00      70.8455    1.6824     16.00     47.00    102.00    700.00      0.00       3.9460    0.0879      0.00      3.00      7.00     16.00      0.00
  2.0000   0.0200      135.3400    2.9606     40.00     94.00    193.00   1045.00      0.00     132.0250    2.9295     38.00     90.00    189.00   1043.00      0.00       1.8675    0.0706      0.00      0.00      3.00     18.00      0.00
  1.8000   0.2000        5.0830    0.0967      3.00      4.00      6.00     60.00      0.00       1.8580    0.0807      1.00      1.00      1.00     59.00      0.00       7.9430    0.0886      5.00      8.00     11.00     24.00      0.00
  1.8000   0.1800        5.7000    0.1230      3.00      5.00      6.00    110.00      0.00       2.3480    0.1133      1.00      1.00      2.00    106.00      0.00       7.5380    0.0874      4.00      7.00     10.00     23.00      0.00
  1.8000   0.1600        6.7250    0.1547      3.00      5.00      7.00     83.00      0.00       3.0505    0.1340      1.00      1.00      2.00     79.00      0.00       7.2725    0.0826      5.00      7.00     10.00     21.00      0.00
  1.8000   0.1400        9.2665    0.2538      4.00      6.00     10.00    183.00      0.00       5.0335    0.2112      1.00      1.00      5.00    112.00      0.00       7.1840    0.0844      4.00      7.00     10.00     19.00      0.00
  1.8000   0.1200       12.5290    0.3228      4.00      7.00     15.00    182.00      0.00       8.2820    0.3005      1.00      2.00      9.00    173.00      0.00       6.9040    0.0863      4.00      7.00     10.00     20.00      0.00
  1.8000   0.1000       18.3745    0.5065      5.00      9.00     23.00    250.00      0.00      13.4135    0.4522      1.00      5.00     17.00    250.00      0.00       6.8020    0.0889      4.00      7.00     10.00     21.00      0.00
  1.8000   0.0800       28.2910    0.7246      7.00     16.00     38.00    278.00      0.00      22.2440    0.6524      2.00     11.00     31.00    278.00      0.00       6.3015    0.0932      3.00      6.00      9.00     20.00      0.00
  1.8000   0.0600       47.3060    1.1593     10.00     29.00     65.00    389.00      0.00      40.6285    1.0710      6.00     24.00     57.00    349.00      0.00       5.5760    0.0973      2.00      5.00      9.00     19.00      0.00
  1.8000   0.0400       78.6205    1.8442     18.00     52.00    110.00    647.00      0.00      71.8310    1.7288     14.00     47.00    102.00    584.00      0.00       4.4895    0.0970      0.00      4.00      8.00     19.00      0.00
  1.8000   0.0200      137.5085    3.2696     38.00     93.00    181.00   1126.00      0.00     129.6725    3.1066     34.00     87.00    172.00    911.00      0.00       2.0250    0.0770      0.00      0.00      3.00     18.00      0.00
  1.6000   0.2000        5.5815    0.0879      3.00      5.00      7.00     61.00      0.00       1.6830    0.0669      1.00      1.00      1.00     55.00      0.00       9.0575    0.0962      6.00      9.00     12.00     31.00      0.00
  1.6000   0.1800        6.6080    0.1454      4.00      5.00      8.00     99.00      0.00       2.2895    0.1171      1.00      1.00      1.00     94.00      0.00       8.8145    0.0949      6.00      9.00     12.00     26.00      0.00
  1.6000   0.1600        7.6145    0.1819      4.00      6.00      8.00    125.00      0.00       3.0950    0.1533      1.00      1.00      2.00    123.00      0.00       8.4115    0.0926      5.00      8.00     11.00     25.00      0.00
  1.6000   0.1400        9.7600    0.2442      4.00      6.00     10.00    180.00      0.00       4.6710    0.1937      1.00      1.00      4.00    106.00      0.00       8.1325    0.0921      5.00      8.00     11.00     23.00      0.00
  1.6000   0.1200       13.4395    0.3347      5.00      8.00     16.00    137.00      0.00       8.1875    0.2958      1.00      2.00     10.00    135.00      0.00       7.8865    0.0934      5.00      8.00     11.00     25.00      0.00
  1.6000   0.1000       19.3630    0.5043      5.00     10.00     25.00    205.00      0.00      13.7530    0.4683      1.00      5.00     18.00    204.00      0.00       7.5035    0.0959      4.00      8.00     11.00     21.00      0.00
  1.6000   0.0800       28.3270    0.7201      7.00     17.00     38.00    281.00      0.00      21.6570    0.6381      2.00     11.00     31.00    276.00      0.00       7.2070    0.1030      3.00      7.00     11.00     22.00      0.00
  1.6000   0.0600       45.9180    1.0704     11.00     31.00     64.00    392.00      0.00      37.7210    0.9560      6.00     24.00     54.00    362.00      0.00       6.3630    0.1075      2.00      7.00     10.00     24.00      0.00
  1.6000   0.0400       80.6680    1.8682     22.00     54.00    111.00    790.00      0.00      70.5360    1.6753     17.00     48.00     97.00    524.00      0.00       4.6395    0.1073      0.00      3.00      9.00     21.00      0.00
  1.6000   0.0200      140.6935    3.2384     37.00     93.00    195.00   1089.00      0.00     132.7145    3.1240     33.00     88.00    182.00   1083.00      0.00       2.3910    0.0897      0.00      0.00      4.00     23.00      0.00
  1.4000   0.2000        6.7680    0.1140      4.00      6.00      8.00     88.00      0.00       1.7570    0.0782      1.00      1.00      1.00     84.00      0.00      10.4330    0.1091      7.00     10.00     13.00     30.00      0.00
  1.4000   0.1800        7.5535    0.1390      4.00      6.00      9.00     98.00      0.00       2.1915    0.1078      1.00      1.00      1.00     95.00      0.00      10.2645    0.1096      7.00     10.00     13.00     32.00      0.00
  1.4000   0.1600        8.6610    0.1726      5.00      7.00     10.00     82.00      0.00       2.9270    0.1247      1.00      1.00      2.00     70.00      0.00       9.7785    0.1044      6.00     10.00     13.00     27.00      0.00
  1.4000   0.1400       11.3170    0.2558      5.00      8.00     13.00    157.00      0.00       4.9685    0.2090      1.00      1.00      4.00    123.00      0.00       9.5460    0.1050      6.00      9.00     13.00     31.00      0.00
  1.4000   0.1200       14.9005    0.3618      6.00      9.00     17.00    180.00      0.00       8.1185    0.3114      1.00      2.00      9.00    176.00      0.00       9.3350    0.1098      6.00      9.00     13.00     29.00      0.00
  1.4000   0.1000       21.8870    0.5552      7.00     13.00     27.00    297.00      0.00      13.6375    0.4620      1.00      5.00     18.00    195.00      0.00       8.8155    0.1096      5.00      9.00     12.00     25.00      0.00
  1.4000   0.0800       32.3430    0.7800      9.00     20.00     43.00    296.00      0.00      22.9640    0.6785      2.00     11.00     31.00    282.00      0.00       8.1530    0.1186      4.00      8.00     12.00     34.00      0.00
  1.4000   0.0600       52.5765    1.2687     13.00     33.00     73.00    506.00      0.00      40.4235    1.0906      7.00     24.00     56.00    383.00      0.00       7.4630    0.1247      2.00      8.00     12.00     27.00      0.00
  1.4000   0.0400       83.7465    2.0171     22.00     54.00    116.00    779.00      0.00      70.1860    1.7893     15.00     44.00     98.00    703.00      0.00       5.4445    0.1234      0.00      4.00     10.00     26.00      0.00
  1.4000   0.0200      141.3705    3.2180     40.00     99.00    192.00   1355.00      0.00     131.0605    3.0068     36.00     93.00    183.00   1355.00      0.00       2.6990    0.1027      0.00      0.00      4.00     23.00      0.00
  1.2000   0.2000        8.3605    0.1395      5.00      7.00     10.00     64.00      0.00       1.8220    0.0832      1.00      1.00      1.00     58.00      0.00      12.8865    0.1427      9.00     12.00     16.00     42.00      0.00
  1.2000   0.1800        9.4210    0.1706      5.00      8.00     11.00     83.00      0.00       2.2190    0.1013      1.00      1.00      1.00     56.00      0.00      12.3685    0.1362      8.00     12.00     16.00     47.00      0.00
  1.2000   0.1600       10.4290    0.1944      5.00      8.00     13.00    112.00      0.00       2.9710    0.1339      1.00      1.00      2.00    103.00      0.00      11.8310    0.1293      8.00     12.00     15.00     37.00      0.00
  1.2000   0.1400       12.9755    0.2664      6.00     10.00     15.00    126.00      0.00       4.7830    0.1975      1.00      1.00      4.00     86.00      0.00      11.5725    0.1228      8.00     11.00     15.00     37.00      0.00
  1.2000   0.1200       17.7805    0.3971      7.00     12.00     22.00    160.00      0.00       8.5035    0.3176      1.00      2.00      9.00    142.00      0.00      11.0030    0.1323      7.00     11.00     15.00     37.00      0.00
  1.2000   0.1000       25.1985    0.5950      8.00     15.00     33.00    259.00      0.00      13.9480    0.4526      1.00      5.00     19.00    203.00      0.00      10.5190    0.1385      7.00     11.00     14.00     40.00      0.00
  1.2000   0.0800       36.1225    0.8049     10.00     24.00     50.00    255.00      0.00      23.1845    0.6708      2.00     12.00     32.00    240.00      0.00       9.9980    0.1399      6.00     10.00     14.00     43.00      0.00
  1.2000   0.0600       54.7555    1.2394     16.00     37.00     74.00    462.00      0.00      39.1605    0.9809      7.00     25.00     55.00    353.00      0.00       8.6370    0.1496      2.00      9.00     14.00     51.00      0.00
  1.2000   0.0400       91.4445    2.2042     24.00     59.00    126.00    826.00      0.00      71.5155    1.8411     15.00     45.00     97.00    806.00      0.00       6.4975    0.1541      0.00      5.00     12.00     35.00      0.00
  1.2000   0.0200      146.5470    3.2943     41.00    102.00    205.00   1172.00      0.00     127.8160    2.9312     35.00     86.00    181.00   1172.00      0.00       3.0755    0.1225      0.00      0.00      4.00     33.00      0.00
  1.0000   0.2000       10.8070    0.1707      6.00      9.00     14.00     90.00      0.00       1.8000    0.0749      1.00      1.00      1.00     49.00      0.00      16.4755    0.1922     11.00     15.00     21.00     66.00      0.00
  1.0000   0.1800       11.6995    0.2039      6.00     10.00     14.00    172.00      0.00       2.1750    0.0976      1.00      1.00      1.00     71.00      0.00      15.4060    0.1855     10.00     14.00     20.00     71.00      0.00
  1.0000   0.1600       14.0820    0.2620      7.00     11.00     17.00    127.00      0.00       3.4630    0.1658      1.00      1.00      2.00    125.00      0.00      15.1130    0.1778     10.00     14.00     20.00     54.00      0.00
  1.0000   0.1400       16.8405    0.3365      8.00     13.00     21.00    192.00      0.00       5.1180    0.2214      1.00      1.00      5.00    142.00      0.00      14.7735    0.1769      9.00     14.00     19.00     53.00      0.00
  1.0000   0.1200       21.2665    0.4810      8.00     15.00     26.00    228.00      0.00       8.4485    0.3496      1.00      2.00      9.00    189.00      0.00      13.8105    0.1753      9.00     13.00     18.00     60.00      0.00
  1.0000   0.1000       29.2835    0.6534     11.00     20.00     37.00    309.00      0.00      13.7795    0.4277      1.00      6.00     19.00    163.00      0.00      13.3370    0.1878      8.00     13.00     18.00     55.00      0.00
  1.0000   0.0800       41.1535    0.9179     13.00     28.00     54.00    348.00      0.00      22.6135    0.6345      2.00     12.00     32.00    215.00      0.00      12.4315    0.1894      6.00     12.00     18.00     45.00      0.00
  1.0000   0.0600       63.0875    1.4343     19.00     42.00     86.00    553.00      0.00      40.2735    1.0503      7.00     25.00     56.00    429.00      0.00      10.6340    0.1942      2.00     11.00     17.00     49.00      0.00
  1.0000   0.0400       96.4325    2.1878     30.00     66.00    132.00    844.00      0.00      70.4225    1.6639     17.00     47.00    100.00    798.00      0.00       8.1740    0.1966      0.00      6.00     14.00     44.00      0.00
  1.0000   0.0200      146.9025    3.2546     41.00    103.00    204.00   1267.00      0.00     126.5430    2.9138     32.00     87.00    175.00   1001.00      0.00       3.4700    0.1549      0.00      0.00      3.00     73.00      0.00
  0.8000   0.2000       15.1895    0.2426      8.00     13.00     19.00    118.00      0.00       1.7770    0.0745      1.00      1.00      1.00     56.00      0.00      22.9350    0.3033     14.00     21.00     29.00    105.00      0.00
  0.8000   0.1800       17.0480    0.2804      9.00     14.00     22.00    122.00      0.00       2.4320    0.1239      1.00      1.00      2.00     98.00      0.00      21.6200    0.2878     13.00     19.00     28.00     95.00      0.00
  0.8000   0.1600       19.3045    0.3398      9.00     16.00     25.00    157.00      0.00       3.3120    0.1556      1.00      1.00      2.00    122.00      0.00      20.6985    0.2793     12.00     19.00     27.00     87.00      0.00
  0.8000   0.1400       22.8330    0.4437     11.00     17.00     28.00    186.00      0.00       5.2935    0.2424      1.00      1.00      4.00    186.00      0.00      19.7420    0.2672     12.00     18.00     26.00     73.00      0.00
  0.8000   0.1200       29.4650    0.6213     12.00     21.00     37.00    280.00      0.00       7.8940    0.3039      1.00      2.00      9.00    191.00      0.00      19.5190    0.2901     11.00     18.00     26.00    103.00      0.00
  0.8000   0.1000       36.9430    0.7615     14.00     27.00     48.00    284.00      0.00      13.7060    0.4417      1.00      5.00     18.00    157.00      0.00      18.3470    0.2836     10.00     17.00     25.00     80.00      0.00
  0.8000   0.0800       51.3355    1.1059     18.00     36.00     70.00    542.00      0.00      23.8450    0.7066      2.00     12.00     32.00    282.00      0.00      16.6020    0.2923      6.00     15.00     24.00     85.00      0.00
  0.8000   0.0600       72.7635    1.5961     23.00     51.00     98.00    655.00      0.00      39.5285    1.0719      6.00     23.00     55.00    408.00      0.00      14.0295    0.3006      1.00     12.00     21.00     93.00      0.00
  0.8000   0.0400      108.4515    2.3637     34.00     77.00    147.00    696.00      0.00      71.4660    1.7619     16.00     47.00    100.00    629.00      0.00      10.1930    0.2828      0.00      4.00     17.00     79.00      0.00
  0.8000   0.0200      160.6710    3.6044     45.00    110.00    227.00   1646.00      0.00     131.4275    3.0334     34.00     90.00    182.00   1005.00      0.00       4.0890    0.2109      0.00      0.00      2.00     92.00      0.00
  0.6000   0.2000       24.5855    0.4192     11.00     20.00     33.00    158.00      0.00       1.6845    0.0651      1.00      1.00      1.00     41.00      0.00      36.1340    0.5887     18.00     30.00     48.00    245.00      0.00
  0.6000   0.1800       28.6720    0.5010     14.00     23.00     37.00    217.00      0.00       2.3295    0.0977      1.00      1.00      2.00     55.00      0.00      35.3455    0.5833     17.00     30.00     47.00    308.00      0.00
  0.6000   0.1600       31.6105    0.5543     14.00     26.00     43.00    292.00      0.00       3.0925    0.1444      1.00      1.00      2.00     98.00      0.00      33.6045    0.5441     17.00     28.00     45.00    181.00      0.00
  0.6000   0.1400       37.0425    0.6972     16.00     29.00     49.00    317.00      0.00       4.9275    0.2207      1.00      1.00      4.00    128.00      0.00      32.5185    0.5511     16.00     27.00     43.00    265.00      0.00
  0.6000   0.1200       45.1630    0.8849     19.00     35.00     60.00    423.00      0.00       8.7785    0.3334      1.00      2.00     10.00    152.00      0.00      30.2505    0.5396     14.00     25.00     41.00    181.00      0.00
  0.6000   0.1000       56.2660    1.0766     23.00     43.00     76.00    392.00      0.00      14.0290    0.4323      1.00      6.00     19.00    188.00      0.00      29.8085    0.5583     12.00     25.00     41.00    202.00      0.00
  0.6000   0.0800       69.0670    1.4575     25.00     49.00     92.00    567.00      0.00      22.5330    0.6367      2.00     11.00     33.00    233.00      0.00      24.0940    0.5213      5.00     20.00     35.00    203.00      0.00
  0.6000   0.0600       94.2960    2.0253     32.00     67.00    129.00   1045.00      0.00      39.9160    1.0259      6.00     25.00     57.00    292.00      0.00      20.6625    0.5050      1.00     15.00     32.00    148.00      0.00
  0.6000   0.0400      132.9240    2.8166     43.00     96.00    186.00    922.00      0.00      70.3955    1.7112     16.00     46.00     99.00    692.00      0.00      14.3580    0.4651      0.00      4.00     23.00    152.00      0.00
  0.6000   0.0200      174.9670    3.8150     54.00    127.00    244.00   1583.00      0.00     129.0735    2.8614     35.00     90.00    181.00    850.00      0.00       4.9730    0.3012      0.00      0.00      2.00    132.00      0.00
  0.4000   0.2000       58.1795    1.1686     22.00     43.00     77.00    456.00      0.00       1.6950    0.0654      1.00      1.00      1.00     42.00      0.00      77.6260    1.5435     29.00     59.00    105.00    525.00      0.00
  0.4000   0.1800       64.4500    1.3427     23.00     47.00     85.00    431.00      0.00       2.4965    0.1249      1.00      1.00      2.00    109.00      0.00      73.4155    1.5279     26.00     54.00     97.00    495.00      0.00
  0.4000   0.1600       68.7480    1.3141     27.00     52.00     95.00    410.00      0.00       3.3700    0.1486      1.00      1.00      2.00     69.00      0.00      65.5285    1.2791     24.00     49.00     91.00    403.00      0.00
  0.4000   0.1400       77.9235    1.6024     28.00     58.00    105.00    625.00      0.00       5.0645    0.2103      1.00      1.00      4.00     97.00      0.00      61.3500    1.2924     22.00     47.00     82.00    532.00      0.00
  0.4000   0.1200       93.3650    1.9273     32.00     68.00    129.00    586.00      0.00       8.4530    0.3076      1.00      2.00     11.00    218.00      0.00      57.7590    1.2485     18.00     42.00     82.00    446.00      0.00
  0.4000   0.1000      102.1360    2.1766     34.00     74.00    138.00    807.00      0.00      13.6155    0.4618      1.00      5.00     18.00    259.00      0.00      49.8215    1.1639     12.00     34.00     70.00    369.00      0.00
  0.4000   0.0800      119.6670    2.4958     39.00     87.00    167.00    864.00      0.00      23.7430    0.6789      2.00     13.00     34.00    260.00      0.00      40.4825    1.0350      6.00     27.00     57.00    339.00      0.00
  0.4000   0.0600      142.5365    3.1676     44.00     99.00    196.00   1149.00      0.00      38.6370    0.9921      7.00     24.00     54.00    438.00      0.00      28.4460    0.8540      1.00     12.00     42.00    318.00      0.00
  0.4000   0.0400      167.7210    3.6826     52.00    122.00    227.00   1434.00      0.00      71.0590    1.7053     17.00     49.00     96.00    567.00      0.00      15.7000    0.6161      0.00      3.00     20.00    220.00      0.00
  0.4000   0.0200      192.3775    4.1409     56.00    138.00    265.00   1506.00      0.00     130.5415    2.8801     37.00     90.00    184.00    907.00      0.00       5.0325    0.3192      0.00      0.00      2.00    197.00      0.00
  0.2000   0.2000      149.7005    3.2078     44.00    107.00    209.00   1331.00      0.00       1.8625    0.0954      1.00      1.00      1.00     87.00      0.00     170.2995    3.8696     46.00    117.00    241.00   1735.00      0.00
  0.2000   0.1800      154.8150    3.4909     42.00    108.00    216.00   1480.00      0.00       2.1430    0.1073      1.00      1.00      1.00    104.00      0.00     149.9280    3.5480     39.00    102.00    204.00   1474.00      0.00
  0.2000   0.1600      158.8565    3.3851     47.00    114.00    222.00   1101.00      0.00       3.0115    0.1350      1.00      1.00      2.00     73.00      0.00     124.4375    2.7865     32.00     87.00    174.00    777.00      0.00
  0.2000   0.1400      168.7895    3.7041     49.00    119.00    237.00   1342.00      0.00       5.2915    0.2389      1.00      1.00      4.00    180.00      0.00     103.7415    2.4401     26.00     69.00    144.00    868.00      0.00
  0.2000   0.1200      174.2140    4.0275     50.00    116.00    237.00   1812.00      0.00       8.3805    0.3134      1.00      2.00     10.00    142.00      0.00      83.7690    2.0153     20.00     53.00    119.00    692.00      0.00
  0.2000   0.1000      177.2720    3.8821     48.00    122.00    251.00   1517.00      0.00      13.7735    0.4291      1.00      5.00     19.00    237.00      0.00      62.4670    1.6006     11.00     38.00     90.00    745.00      0.00
  0.2000   0.0800      185.8450    4.0022     54.00    133.00    268.00   1624.00      0.00      23.4345    0.6822      2.00     12.00     33.00    258.00      0.00      43.0575    1.1712      5.00     24.00     63.00    381.00      0.00
  0.2000   0.0600      195.3105    4.3792     56.00    136.00    270.00   1534.00      0.00      41.8405    1.1100      6.00     25.00     60.00    651.00      0.00      24.5405    0.7800      1.00     11.00     35.00    329.00      0.00
  0.2000   0.0400      196.4620    4.3920     55.00    131.00    280.00   1466.00      0.00      74.9450    1.7599     18.00     50.00    106.00    638.00      0.00      11.2085    0.4432      0.00      2.00     14.00    193.00      0.00
  0.2000   0.0200      188.4370    4.4335     51.00    126.00    263.00   1732.00      0.00     127.1445    3.0290     35.00     84.00    175.00   1552.00      0.00       2.7475    0.1777      0.00      0.00      1.00     93.00      0.00
