Amp Radius  OC_Mean OC_Std OC_Q1 OC_Med OC_Q3 OC_Max OC_Min  Exp_Mean Exp_Std Exp_Q1 Exp_Med Exp_Q3 Exp_Max Exp_Min  Num_Mean Num_Std Num_Q1 Num_Med Num_Q3 Num_Max Num_Min
  2.0000   0.2000        4.0725    0.0744      2.00      3.00      5.00     77.00      0.00       1.8700    0.0554      1.00      1.00      2.00     77.00      0.00       9.0060    0.0804      7.00      9.00     11.00     26.00      0.00
  2.0000   0.1800        4.7990    0.0971      3.00      4.00      6.00     83.00      0.00       2.4230    0.0820      1.00      1.00      3.00     77.00      0.00       8.6895    0.0778      6.00      9.00     11.00     20.00      0.00
  2.0000   0.1600        5.7095    0.1295      3.00      4.00      6.00     87.00      0.00       3.0335    0.1033      1.00      2.00      3.00     65.00      0.00       8.6485    0.0752      7.00      9.00     11.00     21.00      0.00
  2.0000   0.1400        7.4610    0.2103      3.00      5.00      8.00    115.00      0.00       4.6235    0.1899      1.00      2.00      4.00    102.00      0.00       8.3230    0.0767      6.00      9.00     11.00     20.00      0.00
  2.0000   0.1200        9.5260    0.2786      3.00      5.00     10.00    158.00      0.00       6.5845    0.2581      1.00      3.00      6.00    116.00      0.00       8.2310    0.0774      6.00      9.00     11.00     21.00      0.00
  2.0000   0.1000       15.4340    0.4458      4.00      8.00     19.00    195.00      0.00      11.9765    0.4134      2.00      5.00     14.00    193.00      0.00       7.6185    0.0816      6.00      8.00     10.00     19.00      0.00
  2.0000   0.0800       27.6070    0.7570      5.00     15.00     37.00    321.00      0.00      23.5165    0.7254      3.00     10.00     33.00    316.00      0.00       7.3710    0.0872      5.00      8.00     10.00     19.00      0.00
  2.0000   0.0600       49.0100    1.2673      9.00     29.00     68.00    526.00      0.00      44.1695    1.2012      6.00     25.00     62.00    526.00      0.00       6.2015    0.0975      1.00      7.00     10.00     22.00      0.00
  2.0000   0.0400       81.4090    1.9634     18.00     52.00    114.00    660.00      0.00      76.5470    1.9039     15.00     48.00    107.00    657.00      0.00       4.4810    0.0991      0.00      4.00      8.00     18.00      0.00
  2.0000   0.0200      136.3525    3.1639     34.00     91.00    188.00   1102.00      0.00     132.1780    3.0849     33.00     88.00    184.00   1102.00      0.00       2.0335    0.0760      0.00      0.00      4.00     16.00      0.00
  1.8000   0.2000        4.3780    0.0761      2.00      4.00      5.00     65.00      0.00       1.8825    0.0478      1.00      1.00      2.00     33.00      0.00       9.4860    0.0847      7.00     10.00     12.00     23.00      0.00
  1.8000   0.1800        4.9835    0.0914      3.00      4.00      6.00     70.00      0.00       2.1685    0.0574      1.00      1.00      2.00     29.00      0.00       9.2530    0.0831      7.00     10.00     12.00     25.00      0.00
  1.8000   0.1600        6.1290    0.1511      3.00      4.00      7.00    130.00      0.00       3.2025    0.1282      1.00      2.00      3.00    117.00      0.00       9.1780    0.0817      7.00     10.00     11.00     22.00      0.00
  1.8000   0.1400        7.6035    0.1974      3.00      5.00      9.00    151.00      0.00       4.2465    0.1725      1.00      2.00      4.00    150.00      0.00       9.0235    0.0790      7.00     10.00     11.00     24.00      0.00
  1.8000   0.1200       11.0945    0.3346      4.00      6.00     12.00    196.00      0.00       7.1995    0.2999      1.00      3.00      7.00    184.00      0.00       8.6240    0.0814      6.00      9.00     11.00     20.00      0.00
  1.8000   0.1000       16.3545    0.4638      5.00      8.00     19.00    207.00      0.00      11.9475    0.4237      2.00      4.00     13.00    194.00      0.00       8.3070    0.0864      6.00      9.00     11.00     23.00      0.00
  1.8000   0.0800       27.6265    0.7418      6.00     16.00     36.00    378.00      0.00      22.9435    0.7077      3.00     11.00     30.00    377.00      0.00       7.7510    0.0923      6.00      9.00     11.00     19.00      0.00
  1.8000   0.0600       49.5700    1.2455     10.00     30.00     68.00    407.00      0.00      43.4275    1.1788      6.00     24.00     61.00    405.00      0.00       6.6090    0.1021      1.00      7.00     10.00     20.00      0.00
  1.8000   0.0400       88.4610    2.0920     21.00     58.00    122.00    636.00      0.00      82.1880    1.9873     19.00     54.00    115.00    636.00      0.00       4.7890    0.1042      0.00      5.00      9.00     20.00      0.00
  1.8000   0.0200      144.8410    3.2191     40.00    101.00    204.00   1055.00      0.00     140.3970    3.1650     38.00     96.00    199.00   1055.00      0.00       2.1250    0.0820      0.00      0.00      4.00     18.00      0.00
  1.6000   0.2000        4.9385    0.0785      3.00      4.00      6.00     51.00      0.00       1.9075    0.0502      1.00      1.00      2.00     50.00      0.00      10.5065    0.0908      8.00     11.00     13.00     30.00      0.00
  1.6000   0.1800        5.8495    0.1231      3.00      4.00      7.00    117.00      0.00       2.4910    0.0936      1.00      1.00      3.00    116.00      0.00      10.2265    0.0916      8.00     10.00     13.00     29.00      0.00
  1.6000   0.1600        6.8530    0.1601      3.00      5.00      8.00    125.00      0.00       3.1275    0.1147      1.00      2.00      3.00     63.00      0.00       9.8645    0.0879      8.00     10.00     12.00     26.00      0.00
  1.6000   0.1400        8.5600    0.2143      4.00      6.00      9.00    144.00      0.00       4.4665    0.1803      1.00      2.00      4.00    132.00      0.00       9.6955    0.0880      7.00     10.00     12.00     26.00      0.00
  1.6000   0.1200       11.6720    0.3082      4.00      7.00     13.00    185.00      0.00       7.0830    0.2636      1.00      3.00      7.00    100.00      0.00       9.3590    0.0930      7.00     10.00     12.00     22.00      0.00
  1.6000   0.1000       17.4540    0.4839      5.00     10.00     20.00    254.00      0.00      11.8665    0.4370      2.00      4.00     14.00    252.00      0.00       9.0480    0.0943      7.00     10.00     12.00     26.00      0.00
  1.6000   0.0800       30.0355    0.8269      7.00     16.00     40.00    352.00      0.00      23.3615    0.7367      3.00     10.00     32.00    346.00      0.00       8.3340    0.1046      6.00      9.00     11.00     24.00      0.00
  1.6000   0.0600       51.6035    1.2820     11.00     32.00     71.00    388.00      0.00      44.0695    1.1946      6.00     25.00     60.00    376.00      0.00       7.2040    0.1116      2.00      8.00     11.00     25.00      0.00
  1.6000   0.0400       87.4095    2.0396     22.00     56.00    121.00    757.00      0.00      78.5620    1.8747     19.00     50.00    112.00    663.00      0.00       5.2725    0.1174      0.00      5.00     10.00     25.00      0.00
  1.6000   0.0200      147.8275    3.2713     43.00    104.00    202.00   1158.00      0.00     140.4935    3.2018     40.00     99.00    190.00   1158.00      0.00       2.2355    0.0904      0.00      0.00      3.00     21.00      0.00
  1.4000   0.2000        5.6715    0.0869      3.00      5.00      7.00     38.00      0.00       1.8510    0.0400      1.00      1.00      2.00     29.00      0.00      11.7865    0.1068      9.00     12.00     14.00     40.00      0.00
  1.4000   0.1800        6.4755    0.1238      3.00      5.00      8.00     65.00      0.00       2.3160    0.0699      1.00      1.00      3.00     55.00      0.00      11.2300    0.1038      8.00     11.00     14.00     32.00      0.00
  1.4000   0.1600        7.6520    0.1721      4.00      6.00      9.00    176.00      0.00       2.9800    0.1068      1.00      2.00      3.00     80.00      0.00      11.1515    0.1034      8.00     11.00     14.00     34.00      0.00
  1.4000   0.1400        9.7095    0.2769      4.00      7.00     11.00    183.00      0.00       4.1865    0.1811      1.00      2.00      4.00    146.00      0.00      10.8190    0.1056      8.00     11.00     13.00     30.00      0.00
  1.4000   0.1200       13.5235    0.4013      5.00      8.00     15.00    274.00      0.00       7.2380    0.3265      1.00      3.00      7.00    233.00      0.00      10.5775    0.1074      8.00     11.00     13.00     29.00      0.00
  1.4000   0.1000       19.3960    0.5568      6.00     11.00     23.00    491.00      0.00      12.1070    0.4428      2.00      4.00     14.00    252.00      0.00      10.0425    0.1104      8.00     10.00     13.00     32.00      0.00
  1.4000   0.0800       33.0215    0.8676      8.00     19.00     44.00    338.00      0.00      24.1155    0.7420      3.00     11.00     33.00    315.00      0.00       9.2560    0.1189      6.00     10.00     13.00     33.00      0.00
  1.4000   0.0600       52.0835    1.3243     12.00     32.00     70.00    541.00      0.00      41.1085    1.1403      6.00     23.00     57.00    442.00      0.00       7.9830    0.1311      1.00      9.00     12.00     30.00      0.00
  1.4000   0.0400       88.2405    2.0088     24.00     61.00    123.00    608.00      0.00      76.9120    1.8061     18.00     52.00    105.00    598.00      0.00       5.9730    0.1344      0.00      6.00     11.00     30.00      0.00
  1.4000   0.0200      150.5215    3.3236     42.00    108.00    211.00   1230.00      0.00     138.6215    3.1031     37.00     95.00    195.00   1230.00      0.00       2.7245    0.1101      0.00      0.00      5.00     27.00      0.00
  1.2000   0.2000        6.6265    0.1078      4.00      5.00      8.00     65.00      0.00       1.9465    0.0542      1.00      1.00      2.00     53.00      0.00      13.7275    0.1301     10.00     13.00     17.00     39.00      0.00
  1.2000   0.1800        7.6685    0.1378      4.00      6.00      9.00     81.00      0.00       2.3575    0.0766      1.00      1.00      3.00     78.00      0.00      13.4625    0.1351     10.00     13.00     17.00     48.00      0.00
  1.2000   0.1600        9.1195    0.1800      4.00      7.00     11.00     83.00      0.00       3.2745    0.1236      1.00      2.00      3.00     77.00      0.00      13.1025    0.1321     10.00     12.00     16.00     41.00      0.00
  1.2000   0.1400       11.1055    0.2456      5.00      8.00     14.00    114.00      0.00       4.4430    0.1797      1.00      2.00      4.00    109.00      0.00      12.5790    0.1291      9.00     12.00     16.00     37.00      0.00
  1.2000   0.1200       14.9630    0.3853      6.00     10.00     18.00    205.00      0.00       6.6545    0.2810      1.00      3.00      7.00    165.00      0.00      12.5375    0.1297      9.00     12.00     16.00     38.00      0.00
  1.2000   0.1000       21.3970    0.5592      7.00     13.00     27.00    309.00      0.00      11.5790    0.4236      2.00      4.00     14.00    243.00      0.00      11.8010    0.1363      8.00     12.00     15.00     42.00      0.00
  1.2000   0.0800       34.6530    0.9139      9.00     19.00     44.00    357.00      0.00      22.2290    0.7163      3.00      9.00     29.00    265.00      0.00      10.8365    0.1480      7.00     11.00     15.00     39.00      0.00
  1.2000   0.0600       58.9745    1.4828     14.00     37.00     79.00    543.00      0.00      42.5740    1.1726      6.00     25.00     58.00    432.00      0.00       9.2940    0.1599      1.00     10.00     14.00     35.00      0.00
  1.2000   0.0400       92.6595    2.1403     24.00     61.00    129.00    820.00      0.00      75.6760    1.8871     16.00     49.00    107.00    629.00      0.00       6.6940    0.1651      0.00      5.00     12.00     40.00      0.00
  1.2000   0.0200      155.7400    3.5668     45.00    107.00    212.00   1426.00      0.00     139.5730    3.2003     39.00     94.00    193.00   1391.00      0.00       2.9290    0.1281      0.00      0.00      2.00     32.00      0.00
  1.0000   0.2000        8.1760    0.1276      4.00      7.00     10.00     59.00      0.00       1.9035    0.0458      1.00      1.00      2.00     28.00      0.00      17.1760    0.1818     12.00     16.00     21.00     51.00      0.00
  1.0000   0.1800        9.6230    0.1751      5.00      8.00     12.00    110.00      0.00       2.3725    0.0739      1.00      1.00      3.00     52.00      0.00      16.7115    0.1797     11.00     16.00     21.00     66.00      0.00
  1.0000   0.1600       11.0475    0.2066      5.00      8.00     14.00     82.00      0.00       2.9160    0.1029      1.00      1.00      3.00     67.00      0.00      16.2765    0.1784     11.00     15.00     21.00     53.00      0.00
  1.0000   0.1400       14.4035    0.3656      6.00     10.00     16.00    209.00      0.00       4.6685    0.2007      1.00      2.00      4.00    106.00      0.00      15.7875    0.1743     11.00     15.00     20.00     49.00      0.00
  1.0000   0.1200       18.4500    0.4549      7.00     12.00     23.00    206.00      0.00       6.7935    0.2701      1.00      3.00      7.00    159.00      0.00      15.4350    0.1821     11.00     15.00     20.00     57.00      0.00
  1.0000   0.1000       25.9410    0.6632      8.00     17.00     32.00    366.00      0.00      12.9690    0.4902      2.00      4.00     15.00    301.00      0.00      14.3915    0.1895     10.00     14.00     19.00     52.00      0.00
  1.0000   0.0800       40.4765    0.9826     12.00     26.00     53.00    395.00      0.00      23.2465    0.7042      3.00     11.00     31.00    278.00      0.00      13.4350    0.2000      8.00     13.00     19.00     52.00      0.00
  1.0000   0.0600       65.8875    1.5700     17.00     44.00     87.00    655.00      0.00      43.8405    1.1607      7.00     26.00     61.00    422.00      0.00      11.4625    0.2086      1.00     12.00     18.00     57.00      0.00
  1.0000   0.0400      105.5420    2.3739     28.00     74.00    146.00    897.00      0.00      81.2110    1.9484     17.00     54.00    115.00    665.00      0.00       8.3620    0.2097      0.00      6.00     15.00     63.00      0.00
  1.0000   0.0200      154.0970    3.5129     40.00    103.00    215.00   1112.00      0.00     137.0595    3.2167     35.00     90.00    187.00   1055.00      0.00       3.6325    0.1620      0.00      0.00      2.00     43.00      0.00
  0.8000   0.2000       11.2565    0.1963      6.00      9.00     14.00     83.00      0.00       1.9580    0.0663      1.00      1.00      2.00     77.00      0.00      23.1055    0.2793     14.00     21.00     30.00    101.00      0.00
  0.8000   0.1800       13.1235    0.2333      7.00     11.00     16.00    146.00      0.00       2.3875    0.0761      1.00      1.00      2.00     50.00      0.00      22.9385    0.2688     15.00     21.00     30.00     88.00      0.00
  0.8000   0.1600       15.8120    0.3175      7.00     12.00     20.00    183.00      0.00       3.0850    0.1140      1.00      2.00      3.00     70.00      0.00      22.3370    0.2806     14.00     21.00     29.00     84.00      0.00
  0.8000   0.1400       18.1580    0.3773      8.00     14.00     23.00    197.00      0.00       4.2300    0.1954      1.00      2.00      4.00    147.00      0.00      21.0285    0.2662     13.00     19.00     28.00     87.00      0.00
  0.8000   0.1200       23.8305    0.5308      9.00     16.00     30.00    284.00      0.00       6.9420    0.3063      1.00      3.00      7.00    240.00      0.00      20.6945    0.2695     13.00     19.00     27.00     83.00      0.00
  0.8000   0.1000       33.1995    0.7569     11.00     22.00     43.00    314.00      0.00      12.1980    0.4326      2.00      4.00     15.00    227.00      0.00      19.5365    0.2739     11.00     19.00     27.00    101.00      0.00
  0.8000   0.0800       49.1200    1.1509     14.00     32.00     65.00    425.00      0.00      23.1425    0.7113      3.00     11.00     31.00    273.00      0.00      17.0030    0.2859      7.00     16.00     25.00     72.00      0.00
  0.8000   0.0600       77.8145    1.7216     23.00     55.00    107.00    576.00      0.00      44.0935    1.1545      7.00     28.00     61.00    459.00      0.00      14.8185    0.2987      1.00     14.00     23.00    111.00      0.00
  0.8000   0.0400      113.4130    2.5742     32.00     77.00    153.00    853.00      0.00      79.4305    1.8954     19.00     54.00    111.00    791.00      0.00       9.3300    0.2808      0.00      2.00     16.00     87.00      0.00
  0.8000   0.0200      168.5845    3.6974     49.00    118.00    238.00   1277.00      0.00     141.9640    3.1518     38.00     99.00    205.00    952.00      0.00       4.3875    0.2192      0.00      0.00      2.00     61.00      0.00
  0.6000   0.2000       18.1745    0.3333      9.00     14.00     23.00    146.00      0.00       1.9455    0.0473      1.00      1.00      2.00     39.00      0.00      35.5955    0.4812     21.00     32.00     47.00    156.00      0.00
  0.6000   0.1800       20.4070    0.3582     10.00     16.00     26.00    142.00      0.00       2.2690    0.0645      1.00      1.00      3.00     63.00      0.00      34.8110    0.4769     20.00     32.00     46.00    162.00      0.00
  0.6000   0.1600       23.3350    0.4445     10.00     18.00     31.00    191.00      0.00       3.1270    0.1253      1.00      2.00      3.00     71.00      0.00      33.5835    0.4830     18.00     30.00     44.00    163.00      0.00
  0.6000   0.1400       27.4050    0.5468     12.00     21.00     36.00    229.00      0.00       4.3860    0.1767      1.00      2.00      4.00    118.00      0.00      32.0445    0.4651     17.00     29.00     43.00    164.00      0.00
  0.6000   0.1200       34.8590    0.7465     13.00     24.00     46.00    284.00      0.00       6.7905    0.2862      1.00      3.00      6.00    186.00      0.00      31.6090    0.4889     16.00     28.00     43.00    154.00      0.00
  0.6000   0.1000       48.2380    1.0815     17.00     32.00     63.00    370.00      0.00      13.7435    0.4859      2.00      5.00     17.00    240.00      0.00      28.3635    0.4728     13.00     26.00     41.00    194.00      0.00
  0.6000   0.0800       65.9530    1.4673     21.00     44.00     91.00    495.00      0.00      23.3780    0.7232      3.00     10.00     32.00    230.00      0.00      25.5975    0.4906      6.00     23.00     38.00    154.00      0.00
  0.6000   0.0600       92.2730    2.0904     26.00     65.00    126.00    943.00      0.00      42.0270    1.1461      6.00     24.00     60.00    524.00      0.00      19.6610    0.4771      1.00     14.00     32.00    133.00      0.00
  0.6000   0.0400      132.1205    2.8946     38.00     96.00    182.00    860.00      0.00      76.9645    1.8337     16.00     50.00    110.00    510.00      0.00      13.8995    0.4455      0.00      2.00     23.00    118.00      0.00
  0.6000   0.0200      172.3675    3.9552     48.00    118.00    236.00   1380.00      0.00     138.5160    3.2700     36.00     92.00    195.00   1380.00      0.00       4.8375    0.2889      0.00      0.00      1.00    125.00      0.00
  0.4000   0.2000       34.3235    0.6282     15.00     27.00     46.00    193.00      0.00       1.9500    0.0532      1.00      1.00      2.00     32.00      0.00      65.4230    1.1206     29.00     54.00     89.00    396.00      0.00
  0.4000   0.1800       39.3845    0.7566     17.00     31.00     52.00    313.00      0.00       2.3795    0.0763      1.00      1.00      3.00     77.00      0.00      64.8355    1.1482     28.00     54.00     89.00    407.00      0.00
  0.4000   0.1600       45.8950    0.8888     18.00     35.00     61.00    377.00      0.00       3.1845    0.1312      1.00      1.00      3.00     76.00      0.00      62.4380    1.0589     29.00     52.00     84.00    313.00      0.00
  0.4000   0.1400       51.7350    0.9876     20.00     39.00     71.00    313.00      0.00       4.1840    0.1692      1.00      2.00      4.00    100.00      0.00      58.1515    1.0447     24.00     48.00     80.00    352.00      0.00
  0.4000   0.1200       64.0000    1.3568     22.00     47.00     85.00    530.00      0.00       6.7605    0.2743      1.00      3.00      7.00    177.00      0.00      54.1840    1.0404     19.00     43.00     77.00    319.00      0.00
  0.4000   0.1000       77.7655    1.5815     27.00     55.00    106.00    499.00      0.00      12.8065    0.4518      2.00      5.00     16.00    225.00      0.00      47.3220    0.9884     12.00     36.00     69.00    262.00      0.00
  0.4000   0.0800      101.7165    2.1943     34.00     72.00    138.00    804.00      0.00      23.8635    0.7589      3.00     11.00     32.00    634.00      0.00      41.2055    1.0031      6.00     29.00     60.00    307.00      0.00
  0.4000   0.0600      123.3445    2.8349     37.00     85.00    170.00   1538.00      0.00      41.4560    1.0974      6.00     23.00     60.00    361.00      0.00      30.7595    0.8936      1.00     14.00     47.00    270.00      0.00
  0.4000   0.0400      156.4565    3.3990     50.00    111.00    216.00   1271.00      0.00      76.6990    1.8106     18.00     52.00    110.00    725.00      0.00      16.7965    0.6798      0.00      2.00     20.00    244.00      0.00
  0.4000   0.0200      185.8495    4.2538     53.00    131.00    251.00   2000.00      0.00     136.8055    3.1177     38.00     95.00    192.00   1161.00      0.00       4.9570    0.3529      0.00      0.00      1.00    190.00      0.00
  0.2000   0.2000      115.2965    2.4776     37.00     83.00    157.00   1190.00      0.00       1.9100    0.0475      1.00      1.00      2.00     30.00      0.00     167.0220    3.8281     48.00    117.00    231.00   2147.00      0.00
  0.2000   0.1800      130.1845    2.8349     40.00     94.00    181.00   1527.00      0.00       2.2970    0.0652      1.00      1.00      2.00     42.00      0.00     151.0440    3.3381     46.00    107.00    215.00   1390.00      0.00
  0.2000   0.1600      135.3720    2.8536     44.00     98.00    185.00   1001.00      0.00       2.9450    0.1102      1.00      1.00      3.00     72.00      0.00     132.5755    2.9798     38.00     94.00    184.00   1360.00      0.00
  0.2000   0.1400      141.6915    3.0487     43.00     98.00    198.00   1040.00      0.00       4.2660    0.1691      1.00      2.00      4.00    107.00      0.00     108.9600    2.6180     25.00     72.00    154.00    976.00      0.00
  0.2000   0.1200      155.1120    3.3469     45.00    108.00    217.00    990.00      0.00       6.8620    0.2771      1.00      3.00      7.00    238.00      0.00      92.0130    2.3383     18.00     57.00    130.00    731.00      0.00
  0.2000   0.1000      166.7475    3.5630     52.00    121.00    232.00   1146.00      0.00      12.6455    0.4672      2.00      5.00     14.00    209.00      0.00      67.9775    1.8062     10.00     40.00     94.00    593.00      0.00
  0.2000   0.0800      171.9110    3.8506     50.00    122.00    239.00   1419.00      0.00      23.5835    0.7800      3.00     10.00     30.00    420.00      0.00      45.9335    1.4113      4.00     23.00     66.00    695.00      0.00
  0.2000   0.0600      193.0555    4.2924     57.00    133.00    265.00   1686.00      0.00      45.4865    1.2378      7.00     26.00     62.00    377.00      0.00      31.3470    1.1846      1.00      9.00     37.00    653.00      0.00
  0.2000   0.0400      193.2860    4.4152     54.00    132.00    266.00   1688.00      0.00      78.2615    1.8815     18.00     52.00    110.00    708.00      0.00      13.0095    0.6368      0.00      2.00     12.00    386.00      0.00
  0.2000   0.0200      212.0790    4.5279     66.00    159.00    296.00   1759.00      0.00     151.1980    3.4364     39.00    105.00    209.00   1081.00      0.00       3.1875    0.2739      0.00      0.00      1.00    252.00      0.00
