Amp Radius  OC_Mean OC_Std OC_Q1 OC_Med OC_Q3 OC_Max OC_Min  Exp_Mean Exp_Std Exp_Q1 Exp_Med Exp_Q3 Exp_Max Exp_Min  Num_Mean Num_Std Num_Q1 Num_Med Num_Q3 Num_Max Num_Min
  2.0000   0.2000        3.8865    0.0609      2.00      3.00      5.00     44.00      0.00       1.5850    0.0478      1.00      1.00      2.00     40.00      0.00       8.5065    0.0831      6.00      9.00     11.00     28.00      0.00
  2.0000   0.1800        4.6880    0.1033      3.00      4.00      5.00     94.00      0.00       2.0235    0.0874      1.00      1.00      2.00     93.00      0.00       8.3560    0.0825      6.00      9.00     11.00     21.00      0.00
  2.0000   0.1600        5.3615    0.1227      3.00      4.00      6.00     87.00      0.00       2.5635    0.1063      1.00      1.00      2.00     83.00      0.00       8.1235    0.0795      6.00      8.00     11.00     19.00      0.00
  2.0000   0.1400        6.6565    0.1863      3.00      5.00      7.00    136.00      0.00       3.5990    0.1626      1.00      2.00      3.00     98.00      0.00       7.8535    0.0805      6.00      8.00     11.00     19.00      0.00
  2.0000   0.1200        9.6125    0.2613      4.00      6.00     10.00    143.00      0.00       6.4425    0.2474      1.00      2.00      6.00    139.00      0.00       7.5500    0.0799      5.00      8.00     10.00     17.00      0.00
  2.0000   0.1000       15.2490    0.4610      4.00      7.00     18.00    249.00      0.00      11.4590    0.4217      1.00      3.00     14.00    239.00      0.00       7.1280    0.0853      4.00      7.00     10.00     16.00      0.00
  2.0000   0.0800       25.9970    0.7061      5.00     14.00     35.00    256.00      0.00      22.0155    0.6754      2.00     10.00     30.00    256.00      0.00       6.7455    0.0905      3.00      7.00     10.00     16.00      0.00
  2.0000   0.0600       44.5105    1.2108      8.00     25.00     61.00    564.00      0.00      39.7325    1.1672      5.00     22.00     54.00    561.00      0.00       5.9685    0.0962      2.00      7.00     10.00     18.00      0.00
  2.0000   0.0400       75.2265    1.8138     18.00     50.00    105.00    844.00      0.00      70.2395    1.7233     16.00     46.00     99.00    842.00      0.00       4.4535    0.0971      0.00      4.00      8.00     18.00      0.00
  2.0000   0.0200      133.9850    3.1465     36.00     92.00    185.00   1254.00      0.00     130.4390    3.0922     35.00     89.00    180.00   1254.00      0.00       2.0820    0.0756      0.00      0.00      4.00     15.00      0.00
  1.8000   0.2000        4.4420    0.0669      3.00      4.00      5.00     44.00      0.00       1.6600    0.0486      1.00      1.00      2.00     42.00      0.00       9.1690    0.0887      6.00      9.00     12.00     23.00      0.00
  1.8000   0.1800        4.9980    0.0922      3.00      4.00      6.00     61.00      0.00       1.9925    0.0718      1.00      1.00      2.00     52.00      0.00       9.0680    0.0872      6.00      9.00     12.00     26.00      0.00
  1.8000   0.1600        5.8705    0.1393      3.00      4.00      6.00     87.00      0.00       2.5305    0.1075      1.00      1.00      2.00     74.00      0.00       8.7085    0.0834      6.00      9.00     11.00     21.00      0.00
  1.8000   0.1400        7.4355    0.1863      3.00      5.00      8.00    108.00      0.00       3.8180    0.1651      1.00      2.00      3.00    106.00      0.00       8.5105    0.0834      6.00      9.00     11.00     21.00      0.00
  1.8000   0.1200       10.1630    0.2745      4.00      6.00     11.00    186.00      0.00       6.2890    0.2426      1.00      2.00      6.00    122.00      0.00       8.2180    0.0838      6.00      9.00     11.00     20.00      0.00
  1.8000   0.1000       17.1515    0.4982      5.00      9.00     20.00    193.00      0.00      12.7415    0.4622      1.00      4.00     15.00    191.00      0.00       7.7705    0.0899      5.00      8.00     11.00     19.00      0.00
  1.8000   0.0800       27.0840    0.7532      6.00     15.00     35.00    359.00      0.00      21.4485    0.6599      2.00     10.00     29.00    306.00      0.00       7.4585    0.0944      5.00      8.00     11.00     25.00      0.00
  1.8000   0.0600       45.0420    1.1326      9.00     28.00     61.00    457.00      0.00      38.8400    1.0542      5.00     22.00     54.00    389.00      0.00       6.4895    0.1013      2.00      7.00     10.00     19.00      0.00
  1.8000   0.0400       78.8810    1.8886     19.00     51.00    111.00    671.00      0.00      72.5055    1.7775     16.00     46.00    102.00    669.00      0.00       4.7420    0.1037      0.00      5.00      9.00     18.00      0.00
  1.8000   0.0200      130.0935    2.9954     36.00     88.00    184.00   1200.00      0.00     123.6465    2.8785     34.00     83.00    173.00   1200.00      0.00       2.2365    0.0813      0.00      0.00      4.00     17.00      0.00
  1.6000   0.2000        4.8540    0.0665      3.00      4.00      6.00     33.00      0.00       1.5625    0.0361      1.00      1.00      2.00     31.00      0.00      10.2475    0.0964      7.00     10.00     13.00     27.00      0.00
  1.6000   0.1800        5.6875    0.1019      3.00      5.00      7.00     60.00      0.00       1.9800    0.0729      1.00      1.00      2.00     54.00      0.00       9.9630    0.0917      7.00     10.00     12.00     25.00      0.00
  1.6000   0.1600        6.5270    0.1491      3.00      5.00      7.00    116.00      0.00       2.5565    0.1121      1.00      1.00      2.00     73.00      0.00       9.4700    0.0921      7.00     10.00     12.00     26.00      0.00
  1.6000   0.1400        8.2555    0.1945      4.00      6.00      9.00     90.00      0.00       4.0385    0.1676      1.00      2.00      3.00     86.00      0.00       9.2700    0.0889      7.00     10.00     12.00     28.00      0.00
  1.6000   0.1200       10.9165    0.2829      4.00      7.00     12.00    168.00      0.00       6.1480    0.2564      1.00      2.00      6.00    167.00      0.00       8.8660    0.0906      6.00      9.00     12.00     21.00      0.00
  1.6000   0.1000       17.7935    0.5094      5.00     10.00     21.00    375.00      0.00      11.9845    0.4537      1.00      4.00     14.00    361.00      0.00       8.8440    0.0962      6.00      9.00     12.00     26.00      0.00
  1.6000   0.0800       28.1230    0.7170      7.00     16.00     37.00    291.00      0.00      21.6715    0.6529      2.00     10.00     30.00    291.00      0.00       7.9835    0.1026      5.00      9.00     11.00     25.00      0.00
  1.6000   0.0600       45.9070    1.1092     10.00     29.00     64.00    357.00      0.00      37.9510    0.9791      6.00     23.00     55.00    313.00      0.00       7.1410    0.1107      2.00      8.00     11.00     28.00      0.00
  1.6000   0.0400       77.2815    1.7381     20.00     53.00    110.00    625.00      0.00      69.3930    1.6351     16.00     46.00     99.00    620.00      0.00       5.4210    0.1147      0.00      6.00     10.00     20.00      0.00
  1.6000   0.0200      142.1045    3.1906     39.00     97.00    199.00    953.00      0.00     133.6785    3.0644     36.00     89.00    187.00    953.00      0.00       2.4865    0.0935      0.00      0.00      5.00     19.00      0.00
  1.4000   0.2000        5.8050    0.0903      3.00      5.00      7.00     52.00      0.00       1.6210    0.0499      1.00      1.00      2.00     46.00      0.00      11.6720    0.1105      9.00     12.00     15.00     30.00      0.00
  1.4000   0.1800        6.4380    0.1115      4.00      5.00      8.00     68.00      0.00       1.9830    0.0718      1.00      1.00      2.00     50.00      0.00      11.3700    0.1063      8.00     11.00     14.00     34.00      0.00
  1.4000   0.1600        7.5940    0.1449      4.00      6.00      9.00     74.00      0.00       2.5535    0.1054      1.00      1.00      2.00     70.00      0.00      10.9845    0.1075      8.00     11.00     14.00     28.00      0.00
  1.4000   0.1400        9.1340    0.2069      4.00      7.00     10.00     90.00      0.00       3.8725    0.1689      1.00      2.00      3.00     77.00      0.00      10.6265    0.1033      8.00     11.00     13.00     34.00      0.00
  1.4000   0.1200       12.6250    0.3129      5.00      8.00     14.00    204.00      0.00       5.9575    0.2250      1.00      2.00      6.00    112.00      0.00      10.3665    0.1012      8.00     11.00     13.00     32.00      0.00
  1.4000   0.1000       19.4905    0.5178      6.00     11.00     23.00    245.00      0.00      11.9590    0.4269      1.00      4.00     14.00    240.00      0.00       9.8435    0.1065      7.00     10.00     13.00     26.00      0.00
  1.4000   0.0800       29.8090    0.7381      8.00     18.00     39.00    307.00      0.00      21.0370    0.6408      2.00      9.00     28.00    226.00      0.00       9.2705    0.1185      6.00     10.00     13.00     30.00      0.00
  1.4000   0.0600       50.5750    1.2547     11.00     31.00     69.00    487.00      0.00      39.9225    1.0947      6.00     22.00     54.00    380.00      0.00       7.9730    0.1242      2.00      9.00     12.00     28.00      0.00
  1.4000   0.0400       83.3520    1.9702     21.00     55.00    115.00    745.00      0.00      70.7890    1.7418     15.00     46.00     99.00    592.00      0.00       5.9145    0.1301      0.00      6.00     11.00     25.00      0.00
  1.4000   0.0200      138.6540    3.1279     39.00     97.00    193.00    967.00      0.00     128.1510    2.9610     33.00     90.00    178.00    942.00      0.00       3.0020    0.1081      0.00      0.00      6.00     25.00      0.00
  1.2000   0.2000        6.7500    0.0987      4.00      6.00      8.00     46.00      0.00       1.5605    0.0418      1.00      1.00      2.00     33.00      0.00      13.8410    0.1386     10.00     13.00     17.00     40.00      0.00
  1.2000   0.1800        7.4600    0.1202      4.00      6.00      9.00     99.00      0.00       1.9415    0.0654      1.00      1.00      2.00     50.00      0.00      13.1135    0.1289      9.00     13.00     16.00     41.00      0.00
  1.2000   0.1600        9.2590    0.1793      5.00      7.00     11.00    122.00      0.00       2.6380    0.1038      1.00      1.00      2.00     53.00      0.00      12.7775    0.1289      9.00     12.00     16.00     39.00      0.00
  1.2000   0.1400       11.3395    0.2542      5.00      8.00     13.00    152.00      0.00       4.0780    0.1854      1.00      2.00      3.00    150.00      0.00      12.3350    0.1264      9.00     12.00     16.00     42.00      0.00
  1.2000   0.1200       14.3295    0.3363      6.00     10.00     16.00    157.00      0.00       6.2305    0.2416      1.00      2.00      6.00    127.00      0.00      11.8720    0.1281      9.00     12.00     15.00     38.00      0.00
  1.2000   0.1000       22.0430    0.5390      7.00     13.00     28.00    232.00      0.00      12.2000    0.4206      1.00      4.00     15.00    219.00      0.00      11.0270    0.1338      8.00     11.00     15.00     43.00      0.00
  1.2000   0.0800       33.1605    0.8106      9.00     20.00     45.00    351.00      0.00      21.9280    0.6595      2.00     10.00     31.00    258.00      0.00      10.4930    0.1427      6.00     11.00     14.00     40.00      0.00
  1.2000   0.0600       55.2410    1.3366     13.00     34.00     75.00    521.00      0.00      40.9230    1.1305      5.00     23.00     58.00    521.00      0.00       8.9670    0.1501      2.00     10.00     14.00     42.00      0.00
  1.2000   0.0400       92.3675    2.1787     25.00     63.00    126.00   1256.00      0.00      74.6980    1.8778     16.00     50.00    104.00   1252.00      0.00       6.9165    0.1538      0.00      7.00     12.00     33.00      0.00
  1.2000   0.0200      146.3660    3.3945     41.00     99.00    198.00   1624.00      0.00     130.3435    3.0296     35.00     88.00    178.00   1099.00      0.00       3.2115    0.1279      0.00      0.00      5.00     33.00      0.00
  1.0000   0.2000        8.9975    0.1412      5.00      8.00     11.00     78.00      0.00       1.6430    0.0590      1.00      1.00      2.00     68.00      0.00      17.0690    0.1845     12.00     16.00     22.00     52.00      0.00
  1.0000   0.1800        9.9225    0.1647      5.00      8.00     12.00     89.00      0.00       2.0540    0.0919      1.00      1.00      2.00     86.00      0.00      16.7270    0.1827     12.00     15.00     21.00     58.00      0.00
  1.0000   0.1600       11.5125    0.2296      6.00      9.00     14.00    167.00      0.00       2.7590    0.1275      1.00      1.00      2.00    118.00      0.00      15.8150    0.1814     11.00     15.00     20.00     60.00      0.00
  1.0000   0.1400       13.3595    0.2619      6.00     11.00     16.00    119.00      0.00       3.7085    0.1648      1.00      1.00      3.00    116.00      0.00      15.2140    0.1692     10.00     14.00     19.00     55.00      0.00
  1.0000   0.1200       18.0900    0.4073      7.00     12.00     22.00    166.00      0.00       6.5225    0.2746      1.00      2.00      6.00    128.00      0.00      14.4390    0.1643     10.00     14.00     19.00     54.00      0.00
  1.0000   0.1000       25.7170    0.6266      9.00     16.00     32.00    317.00      0.00      11.6945    0.4701      1.00      4.00     13.00    303.00      0.00      14.3290    0.1759     10.00     14.00     19.00     47.00      0.00
  1.0000   0.0800       38.8595    0.9226     12.00     25.00     52.00    470.00      0.00      21.5910    0.6625      2.00     10.00     30.00    282.00      0.00      13.0920    0.1927      7.00     13.00     18.00     48.00      0.00
  1.0000   0.0600       59.6425    1.3987     16.00     39.00     82.00    552.00      0.00      38.6495    1.0548      5.00     21.00     55.00    414.00      0.00      11.3375    0.2049      1.00     12.00     17.00     55.00      0.00
  1.0000   0.0400       97.3370    2.1019     29.00     70.00    138.00    940.00      0.00      72.1825    1.6562     18.00     50.00    102.00    527.00      0.00       7.9085    0.1969      0.00      4.00     14.00     43.00      0.00
  1.0000   0.0200      151.9530    3.5077     43.00    106.00    209.00   1201.00      0.00     127.8320    3.0150     33.00     87.00    177.00   1196.00      0.00       3.6495    0.1592      0.00      0.00      3.00     53.00      0.00
  0.8000   0.2000       12.1015    0.1842      7.00     10.00     15.00     77.00      0.00       1.5955    0.0553      1.00      1.00      2.00     73.00      0.00      23.1160    0.2839     15.00     21.00     30.00     92.00      0.00
  0.8000   0.1800       13.6835    0.2308      7.00     11.00     17.00    112.00      0.00       1.9990    0.0773      1.00      1.00      2.00     66.00      0.00      22.3410    0.2627     14.00     21.00     29.00     82.00      0.00
  0.8000   0.1600       15.9350    0.2893      8.00     13.00     20.00    134.00      0.00       2.6310    0.1039      1.00      1.00      2.00     65.00      0.00      21.4435    0.2631     13.00     20.00     28.00     85.00      0.00
  0.8000   0.1400       18.8410    0.3787      8.00     14.00     23.00    152.00      0.00       3.6025    0.1532      1.00      2.00      3.00     89.00      0.00      20.7035    0.2725     13.00     19.00     27.00    112.00      0.00
  0.8000   0.1200       24.5595    0.5291     10.00     18.00     31.00    290.00      0.00       5.9500    0.2234      1.00      2.00      5.00    120.00      0.00      19.9690    0.2591     12.00     19.00     26.00     70.00      0.00
  0.8000   0.1000       33.1970    0.7088     12.00     23.00     43.00    286.00      0.00      11.4365    0.3980      1.00      4.00     14.00    163.00      0.00      18.4830    0.2617     11.00     17.00     25.00     68.00      0.00
  0.8000   0.0800       47.2040    1.0714     15.00     32.00     62.00    442.00      0.00      20.3115    0.6096      2.00      9.00     28.00    238.00      0.00      17.1485    0.2797      8.00     16.00     25.00     73.00      0.00
  0.8000   0.0600       73.0570    1.6332     21.00     49.00    101.00    542.00      0.00      41.5775    1.1289      6.00     24.00     58.00    531.00      0.00      14.2190    0.2886      1.00     13.00     23.00     73.00      0.00
  0.8000   0.0400      103.5265    2.3859     28.00     67.00    143.00    728.00      0.00      68.7625    1.7065     14.00     43.00     96.00    564.00      0.00       9.9745    0.2787      0.00      3.00     18.00     73.00      0.00
  0.8000   0.0200      155.6760    3.2653     48.00    113.00    219.00   1287.00      0.00     128.9690    2.7971     38.00     91.00    180.00    893.00      0.00       4.5575    0.2121      0.00      0.00      3.00     66.00      0.00
  0.6000   0.2000       19.6130    0.3309     10.00     16.00     25.00    191.00      0.00       1.6075    0.0427      1.00      1.00      2.00     31.00      0.00      35.7015    0.5162     19.00     31.00     47.00    204.00      0.00
  0.6000   0.1800       22.1725    0.3662     11.00     18.00     29.00    168.00      0.00       2.0885    0.0851      1.00      1.00      2.00     56.00      0.00      34.5825    0.4807     19.00     31.00     46.00    127.00      0.00
  0.6000   0.1600       25.5400    0.4615     12.00     20.00     33.00    164.00      0.00       2.6765    0.1285      1.00      1.00      2.00    119.00      0.00      33.3110    0.4967     18.00     29.00     44.00    166.00      0.00
  0.6000   0.1400       29.5595    0.5273     13.00     23.00     39.00    196.00      0.00       3.7720    0.1602      1.00      2.00      3.00    103.00      0.00      32.1120    0.4838     17.00     28.00     43.00    165.00      0.00
  0.6000   0.1200       36.0475    0.7308     15.00     27.00     47.00    380.00      0.00       6.0060    0.2415      1.00      2.00      6.00    125.00      0.00      29.4560    0.4625     15.00     26.00     41.00    153.00      0.00
  0.6000   0.1000       48.2565    1.0371     17.00     34.00     64.00    393.00      0.00      11.5620    0.3978      1.00      4.00     14.00    234.00      0.00      27.8245    0.4798     13.00     25.00     39.00    153.00      0.00
  0.6000   0.0800       67.4320    1.4967     22.00     47.00     92.00    595.00      0.00      21.9630    0.6649      2.00     10.00     30.00    305.00      0.00      24.0005    0.4712      6.00     21.00     35.00    127.00      0.00
  0.6000   0.0600       89.4020    1.9204     28.00     64.00    123.00    671.00      0.00      38.6245    1.0334      6.00     23.00     55.00    461.00      0.00      20.2240    0.4635      1.00     16.00     32.00    131.00      0.00
  0.6000   0.0400      126.9925    2.7429     39.00     88.00    175.00    896.00      0.00      73.8080    1.7878     17.00     50.00    100.00    582.00      0.00      13.3295    0.4349      0.00      3.00     22.00    140.00      0.00
  0.6000   0.0200      168.5060    3.6912     50.00    121.00    234.00   1366.00      0.00     128.3160    2.8290     35.00     91.00    180.00    841.00      0.00       5.3635    0.3123      0.00      0.00      2.00    179.00      0.00
  0.4000   0.2000       43.7745    0.8731     18.00     32.00     58.00    319.00      0.00       1.5825    0.0436      1.00      1.00      2.00     35.00      0.00      72.1495    1.2940     30.00     57.00     98.00    441.00      0.00
  0.4000   0.1800       46.7640    0.9029     19.00     35.00     63.00    403.00      0.00       1.8910    0.0617      1.00      1.00      2.00     45.00      0.00      65.8440    1.2310     27.00     53.00     90.00    439.00      0.00
  0.4000   0.1600       54.7240    1.0742     21.00     41.00     74.00    392.00      0.00       2.6590    0.1003      1.00      1.00      2.00     67.00      0.00      62.9460    1.1552     27.00     51.00     86.00    436.00      0.00
  0.4000   0.1400       62.9175    1.2844     23.00     47.00     84.00    645.00      0.00       3.7720    0.1710      1.00      2.00      3.00    120.00      0.00      58.9610    1.1348     23.00     47.00     81.00    458.00      0.00
  0.4000   0.1200       72.9535    1.4502     27.00     55.00     98.00    554.00      0.00       6.7120    0.2681      1.00      2.00      6.00    137.00      0.00      53.5115    1.0608     19.00     42.00     75.00    431.00      0.00
  0.4000   0.1000       89.1345    1.8032     32.00     66.00    122.00    728.00      0.00      12.0310    0.4064      1.00      4.00     15.00    141.00      0.00      49.0370    1.0341     14.00     37.00     71.00    327.00      0.00
  0.4000   0.0800      107.2360    2.1669     35.00     79.00    151.00    663.00      0.00      21.8220    0.6785      2.00     10.00     29.00    258.00      0.00      38.9585    0.9726      5.00     26.00     58.00    386.00      0.00
  0.4000   0.0600      131.9210    2.9186     40.00     92.00    184.00   1191.00      0.00      38.7030    1.0487      6.00     23.00     55.00    404.00      0.00      29.6115    0.8554      1.00     16.00     44.00    261.00      0.00
  0.4000   0.0400      157.0870    3.4471     44.00    112.00    218.00   1170.00      0.00      70.6095    1.6863     15.00     45.00    100.00    572.00      0.00      15.9080    0.6541      0.00      2.00     18.00    239.00      0.00
  0.4000   0.0200      187.5595    4.0963     54.00    129.00    266.00   1427.00      0.00     130.6225    2.9275     35.00     89.00    185.00    826.00      0.00       4.9765    0.3540      0.00      0.00      2.00    177.00      0.00
  0.2000   0.2000      126.2445    2.8049     39.00     87.00    172.00   1341.00      0.00       1.6145    0.0459      1.00      1.00      2.00     35.00      0.00     156.6875    3.5141     43.00    109.00    219.00   1397.00      0.00
  0.2000   0.1800      136.8060    2.9679     43.00     98.00    190.00   1109.00      0.00       1.9690    0.0687      1.00      1.00      2.00     42.00      0.00     143.4620    3.2618     40.00     98.00    204.00   1379.00      0.00
  0.2000   0.1600      146.2330    3.4043     41.00     99.00    194.00   1177.00      0.00       2.6255    0.1053      1.00      1.00      2.00     59.00      0.00     125.9795    3.1237     32.00     83.00    173.00   1362.00      0.00
  0.2000   0.1400      159.8150    3.5004     47.00    108.00    224.00   1211.00      0.00       3.6465    0.1401      1.00      2.00      3.00     89.00      0.00     106.7355    2.4767     29.00     71.00    149.00   1017.00      0.00
  0.2000   0.1200      159.6650    3.6138     45.00    105.00    229.00   1229.00      0.00       6.7465    0.2693      1.00      2.00      6.00    195.00      0.00      79.7605    1.9796     17.00     49.00    113.00    823.00      0.00
  0.2000   0.1000      164.7655    3.5410     50.00    114.00    229.00   1026.00      0.00      11.1070    0.3889      1.00      4.00     13.00    158.00      0.00      60.8250    1.5169     11.00     38.00     88.00    495.00      0.00
  0.2000   0.0800      182.5665    4.2566     51.00    126.00    245.00   1516.00      0.00      21.7990    0.6740      2.00     10.00     30.00    205.00      0.00      44.3390    1.2906      5.00     23.00     62.00    709.00      0.00
  0.2000   0.0600      187.5265    4.2340     53.00    128.00    262.00   1550.00      0.00      40.1610    1.0850      6.00     22.00     57.00    436.00      0.00      26.2990    0.8552      1.00     10.00     36.00    287.00      0.00
  0.2000   0.0400      195.5235    4.3085     56.00    132.00    277.00   1632.00      0.00      71.6775    1.7774     15.00     47.00     97.00    614.00      0.00      12.9315    0.5385      0.00      3.00     14.00    184.00      0.00
  0.2000   0.0200      200.0090    4.2658     60.00    143.00    280.00   1624.00      0.00     137.4060    2.9883     39.00     98.00    198.00    897.00      0.00       2.8395    0.1994      0.00      0.00      1.00    132.00      0.00
