Amp Radius  OC_Mean OC_Std OC_Q1 OC_Med OC_Q3 OC_Max OC_Min  Exp_Mean Exp_Std Exp_Q1 Exp_Med Exp_Q3 Exp_Max Exp_Min  Num_Mean Num_Std Num_Q1 Num_Med Num_Q3 Num_Max Num_Min
  2.0000   0.2000        5.4315    0.1062      2.00      4.00      7.00     57.00      0.00       3.2685    0.0789      1.00      2.00      4.00     30.00      0.00       9.0685    0.0810      7.00     10.00     11.00     28.00      0.00
  2.0000   0.1800        6.2695    0.1207      3.00      4.00      8.00     52.00      0.00       3.8870    0.0945      1.00      2.00      5.00     51.00      0.00       8.7855    0.0791      7.00     10.00     11.00     22.00      0.00
  2.0000   0.1600        7.1220    0.1427      3.00      5.00      9.00     78.00      0.00       4.6030    0.1110      1.00      3.00      6.00     54.00      0.00       8.7815    0.0784      7.00     10.00     11.00     21.00      0.00
  2.0000   0.1400        8.4020    0.1803      3.00      6.00     11.00     90.00      0.00       5.8365    0.1511      1.00      3.00      8.00     83.00      0.00       8.4340    0.0785      6.00      9.00     11.00     24.00      0.00
  2.0000   0.1200       11.4925    0.2733      4.00      8.00     15.00    154.00      0.00       8.0790    0.2242      2.00      5.00     11.00    130.00      0.00       8.3055    0.0819      6.00      9.00     11.00     21.00      0.00
  2.0000   0.1000       15.6280    0.3650      5.00     11.00     21.00    202.00      0.00      11.9470    0.3152      3.00      8.00     16.00    200.00      0.00       8.0050    0.0812      6.00      9.00     10.00     22.00      0.00
  2.0000   0.0800       24.8545    0.6378      7.00     16.00     32.00    340.00      0.00      20.0900    0.5616      4.00     12.00     26.00    243.00      0.00       7.4620    0.0874      6.00      8.00     10.00     19.00      0.00
  2.0000   0.0600       42.7330    0.9894     11.00     29.00     59.00    375.00      0.00      37.0470    0.8991      9.00     24.00     52.00    365.00      0.00       6.4005    0.0950      2.00      7.00     10.00     19.00      0.00
  2.0000   0.0400       80.8370    1.8042     23.00     56.00    112.00    648.00      0.00      74.7645    1.7157     20.00     51.00    103.00    647.00      0.00       4.8155    0.0978      0.00      6.00      9.00     18.00      0.00
  2.0000   0.0200      136.6105    3.1274     38.00     95.00    188.00   1093.00      0.00     133.0480    3.0774     36.00     92.00    183.00   1093.00      0.00       2.1060    0.0778      0.00      0.00      5.00     17.00      0.00
  1.8000   0.2000        5.8800    0.1151      3.00      4.00      7.00     45.00      0.00       3.2815    0.0788      1.00      2.00      4.00     31.00      0.00       9.7015    0.0866      7.00     10.00     12.00     28.00      0.00
  1.8000   0.1800        6.5620    0.1285      3.00      5.00      9.00     67.00      0.00       3.6980    0.0906      1.00      2.00      5.00     35.00      0.00       9.5405    0.0854      7.00     10.00     12.00     29.00      0.00
  1.8000   0.1600        7.9890    0.1638      3.00      6.00     10.00     67.00      0.00       4.6130    0.1118      1.00      3.00      6.00     49.00      0.00       9.3490    0.0803      7.00     10.00     11.00     25.00      0.00
  1.8000   0.1400       10.0920    0.2173      4.00      7.00     13.00    109.00      0.00       6.2950    0.1610      1.00      4.00      9.00     93.00      0.00       8.9525    0.0819      7.00     10.00     11.00     32.00      0.00
  1.8000   0.1200       12.0025    0.2692      4.00      8.00     15.00    128.00      0.00       7.6320    0.2003      2.00      5.00     11.00    108.00      0.00       8.8000    0.0841      7.00     10.00     11.00     25.00      0.00
  1.8000   0.1000       16.2615    0.3579      5.00     11.00     22.00    165.00      0.00      11.4795    0.3002      3.00      8.00     16.00    164.00      0.00       8.5545    0.0875      7.00      9.00     11.00     22.00      0.00
  1.8000   0.0800       26.3260    0.6362      7.00     17.00     35.00    221.00      0.00      19.6870    0.5282      4.00     12.00     26.00    221.00      0.00       7.9010    0.0953      6.00      9.00     11.00     22.00      0.00
  1.8000   0.0600       44.9025    1.0735     11.00     28.00     62.00    340.00      0.00      35.8790    0.8867      8.00     23.00     50.00    340.00      0.00       7.0120    0.1053      2.00      8.00     10.00     24.00      0.00
  1.8000   0.0400       79.8705    1.9077     19.00     53.00    110.00    615.00      0.00      70.8405    1.7523     16.00     47.00     95.00    615.00      0.00       4.8755    0.1056      0.00      5.00      9.00     19.00      0.00
  1.8000   0.0200      142.3950    3.2605     41.00     97.00    195.00   1132.00      0.00     134.7680    3.1497     36.00     91.00    187.00   1132.00      0.00       2.2935    0.0856      0.00      0.00      5.00     18.00      0.00
  1.6000   0.2000        6.3935    0.1249      3.00      5.00      8.00     61.00      0.00       3.2790    0.0847      1.00      2.00      4.00     49.00      0.00      10.4740    0.0931      8.00     10.00     13.00     30.00      0.00
  1.6000   0.1800        7.3950    0.1509      3.00      5.00     10.00     83.00      0.00       3.7320    0.0983      1.00      2.00      5.00     64.00      0.00      10.3400    0.0932      8.00     10.00     12.00     29.00      0.00
  1.6000   0.1600        8.4810    0.1659      3.00      6.00     11.00     80.00      0.00       4.5665    0.1100      1.00      3.00      6.00     44.00      0.00      10.0285    0.0953      8.00     10.00     12.00     30.00      0.00
  1.6000   0.1400       10.4615    0.2212      4.00      7.00     14.00     94.00      0.00       5.8860    0.1401      1.00      4.00      8.00     56.00      0.00       9.6920    0.0928      7.00     10.00     12.00     26.00      0.00
  1.6000   0.1200       13.6535    0.3288      4.00      9.00     18.00    191.00      0.00       8.0665    0.2143      2.00      5.00     11.00    108.00      0.00       9.5575    0.0962      7.00     10.00     12.00     29.00      0.00
  1.6000   0.1000       18.8360    0.4245      6.00     13.00     25.00    175.00      0.00      11.9110    0.3182      3.00      7.00     16.00    166.00      0.00       9.1940    0.0959      7.00     10.00     11.00     25.00      0.00
  1.6000   0.0800       27.0780    0.7046      7.00     17.00     35.00    334.00      0.00      18.4815    0.5175      4.00     11.00     25.00    333.00      0.00       8.6560    0.1029      6.00     10.00     11.00     26.00      0.00
  1.6000   0.0600       50.8515    1.2527     13.00     32.00     71.00    651.00      0.00      38.9745    1.0048      8.00     24.00     53.00    387.00      0.00       7.4125    0.1144      2.00      8.00     11.00     28.00      0.00
  1.6000   0.0400       86.4350    2.0335     22.00     57.00    119.00    669.00      0.00      71.8860    1.7117     17.00     48.00    100.00    668.00      0.00       5.4295    0.1196      0.00      6.00     10.00     27.00      0.00
  1.6000   0.0200      141.2090    3.2303     41.00     97.00    193.00   1292.00      0.00     132.5750    2.9854     38.00     91.00    183.00    985.00      0.00       2.4295    0.0972      0.00      0.00      5.00     28.00      0.00
  1.4000   0.2000        7.3180    0.1412      3.00      5.00     10.00     51.00      0.00       3.3450    0.0828      1.00      2.00      4.00     41.00      0.00      11.7590    0.1116      9.00     11.00     14.00     34.00      0.00
  1.4000   0.1800        8.2725    0.1727      3.00      6.00     11.00     76.00      0.00       3.8780    0.0997      1.00      2.00      5.00     44.00      0.00      11.5155    0.1108      9.00     11.00     14.00     30.00      0.00
  1.4000   0.1600        9.8405    0.2045      4.00      7.00     12.00     84.00      0.00       4.5365    0.1107      1.00      3.00      6.00     44.00      0.00      11.3945    0.1093      9.00     11.00     14.00     44.00      0.00
  1.4000   0.1400       11.9650    0.2584      4.00      8.00     15.00    130.00      0.00       5.6935    0.1436      1.00      3.00      8.00     90.00      0.00      10.9770    0.1131      9.00     11.00     13.00     35.00      0.00
  1.4000   0.1200       15.1660    0.3438      5.00     10.00     20.00    192.00      0.00       7.6525    0.2089      2.00      5.00     10.00    160.00      0.00      10.7790    0.1166      8.00     11.00     13.00     45.00      0.00
  1.4000   0.1000       20.7845    0.4806      6.00     14.00     28.00    258.00      0.00      11.4725    0.3065      3.00      7.00     15.00    153.00      0.00      10.4935    0.1160      8.00     10.00     13.00     35.00      0.00
  1.4000   0.0800       30.5930    0.7297      8.00     21.00     41.00    370.00      0.00      19.2420    0.5104      4.00     12.00     26.00    322.00      0.00       9.5595    0.1282      6.00     10.00     13.00     30.00      0.00
  1.4000   0.0600       51.1265    1.2038     14.00     34.00     70.00    623.00      0.00      36.0645    0.9023      8.00     22.00     50.00    320.00      0.00       8.3120    0.1331      2.00      9.00     12.00     28.00      0.00
  1.4000   0.0400       90.5650    2.0492     25.00     60.00    126.00    740.00      0.00      72.7110    1.7313     17.00     48.00    103.00    739.00      0.00       5.8625    0.1379      0.00      5.00     10.00     36.00      0.00
  1.4000   0.0200      144.5750    3.2236     42.00     99.00    204.00   1104.00      0.00     133.3045    3.0179     38.00     92.00    187.00   1081.00      0.00       2.6430    0.1095      0.00      0.00      2.00     31.00      0.00
  1.2000   0.2000        8.8220    0.1818      4.00      6.00     11.00    120.00      0.00       3.5190    0.0886      1.00      2.00      4.00     40.00      0.00      13.7610    0.1368     10.00     13.00     17.00     42.00      0.00
  1.2000   0.1800        9.9790    0.1987      4.00      7.00     13.00     94.00      0.00       3.9490    0.0916      1.00      2.00      5.00     35.00      0.00      13.6620    0.1421     10.00     13.00     18.00     42.00      0.00
  1.2000   0.1600       11.9260    0.2568      4.00      8.00     15.00    175.00      0.00       4.7190    0.1152      1.00      3.00      6.00     66.00      0.00      13.2130    0.1391     10.00     12.00     17.00     42.00      0.00
  1.2000   0.1400       14.1335    0.3223      5.00     10.00     18.00    230.00      0.00       5.9715    0.1498      1.00      4.00      8.00     74.00      0.00      12.9360    0.1429     10.00     12.00     17.00     45.00      0.00
  1.2000   0.1200       17.9485    0.4025      6.00     12.00     24.00    166.00      0.00       7.7665    0.1991      2.00      5.00     10.00     89.00      0.00      12.2500    0.1431      9.00     12.00     16.00     41.00      0.00
  1.2000   0.1000       24.6495    0.5753      8.00     17.00     33.00    298.00      0.00      11.8115    0.3218      3.00      7.00     16.00    257.00      0.00      11.9565    0.1511      8.00     11.00     16.00     38.00      0.00
  1.2000   0.0800       35.5845    0.7911     10.00     25.00     48.00    246.00      0.00      19.5435    0.5221      4.00     12.00     26.00    226.00      0.00      11.5015    0.1568      8.00     11.00     16.00     41.00      0.00
  1.2000   0.0600       56.1835    1.2869     16.00     39.00     78.00    450.00      0.00      36.0215    0.8939      8.00     22.00     51.00    296.00      0.00       9.6895    0.1683      1.00     10.00     15.00     40.00      0.00
  1.2000   0.0400       93.2670    2.1401     24.00     65.00    129.00    699.00      0.00      69.2305    1.6205     16.00     46.00    100.00    567.00      0.00       6.9355    0.1657      0.00      5.00     12.00     43.00      0.00
  1.2000   0.0200      147.6635    3.3413     43.00    105.00    198.00   1176.00      0.00     132.7460    3.0866     35.00     92.00    181.00   1083.00      0.00       3.1050    0.1331      0.00      0.00      2.00     40.00      0.00
  1.0000   0.2000       10.3955    0.2043      4.00      8.00     13.00     80.00      0.00       3.1945    0.0758      1.00      2.00      4.00     31.00      0.00      17.4255    0.1940     11.00     17.00     22.00     58.00      0.00
  1.0000   0.1800       12.1665    0.2634      5.00      9.00     16.00    132.00      0.00       3.9005    0.0932      1.00      2.00      5.00     42.00      0.00      17.0970    0.1969     11.00     16.00     22.00     61.00      0.00
  1.0000   0.1600       14.7785    0.3056      6.00     11.00     19.00    122.00      0.00       4.8820    0.1238      1.00      3.00      7.00     75.00      0.00      16.4775    0.1925     11.00     15.00     21.00     53.00      0.00
  1.0000   0.1400       17.3220    0.3636      6.00     12.00     23.00    118.00      0.00       5.9065    0.1475      1.00      4.00      8.00     59.00      0.00      16.0635    0.1877     11.00     15.00     21.00     54.00      0.00
  1.0000   0.1200       22.4305    0.5219      7.00     15.00     30.00    296.00      0.00       7.7220    0.2090      2.00      5.00     10.00     84.00      0.00      15.5055    0.1928     10.00     15.00     21.00     53.00      0.00
  1.0000   0.1000       28.8655    0.6752      9.00     19.00     38.00    299.00      0.00      11.3950    0.3236      2.00      7.00     15.00    205.00      0.00      15.0925    0.2051     10.00     14.00     21.00     51.00      0.00
  1.0000   0.0800       42.3090    0.9618     13.00     29.00     56.00    433.00      0.00      19.4460    0.4995      4.00     12.00     26.00    189.00      0.00      13.7785    0.2081      8.00     13.00     20.00     50.00      0.00
  1.0000   0.0600       64.6505    1.4568     18.00     42.00     90.00    442.00      0.00      36.7445    0.9313      8.00     23.00     49.00    314.00      0.00      11.3390    0.2184      1.00     11.00     18.00     49.00      0.00
  1.0000   0.0400      105.0280    2.4289     30.00     72.00    145.00   1159.00      0.00      72.0250    1.7376     18.00     47.00    103.00    678.00      0.00       8.4010    0.2158      0.00      4.00     15.00     52.00      0.00
  1.0000   0.0200      164.1795    3.6839     46.00    110.00    222.00   1160.00      0.00     137.5865    3.1897     38.00     94.00    189.00   1160.00      0.00       3.4820    0.1619      0.00      0.00      2.00     42.00      0.00
  0.8000   0.2000       13.8395    0.2781      6.00     10.00     18.00    118.00      0.00       3.3045    0.0797      1.00      2.00      4.00     28.00      0.00      22.9350    0.2783     14.00     22.00     30.00     92.00      0.00
  0.8000   0.1800       15.4915    0.3230      6.00     11.00     20.00    140.00      0.00       3.8175    0.0949      1.00      2.00      5.00     40.00      0.00      22.0940    0.2824     13.00     21.00     29.00     89.00      0.00
  0.8000   0.1600       18.6900    0.4203      7.00     13.00     24.00    305.00      0.00       4.7135    0.1127      1.00      3.00      6.00     44.00      0.00      22.4255    0.2897     13.00     21.00     30.00     83.00      0.00
  0.8000   0.1400       22.2885    0.4579      8.00     16.00     31.00    185.00      0.00       5.8465    0.1459      1.00      3.00      8.00     79.00      0.00      21.0060    0.2803     12.00     20.00     29.00     79.00      0.00
  0.8000   0.1200       28.6935    0.6488      9.00     20.00     38.00    254.00      0.00       7.9240    0.2220      2.00      5.00     11.00    152.00      0.00      20.5310    0.3022     11.00     19.00     28.00     88.00      0.00
  0.8000   0.1000       35.2465    0.7744     12.00     24.00     46.00    316.00      0.00      11.1545    0.2992      3.00      7.00     14.00    146.00      0.00      19.4465    0.2919     10.00     19.00     27.00     88.00      0.00
  0.8000   0.0800       50.7095    1.2028     15.00     34.00     65.00    501.00      0.00      18.9805    0.4837      4.00     12.00     26.00    178.00      0.00      17.5900    0.2971      6.00     17.00     26.00     64.00      0.00
  0.8000   0.0600       75.5950    1.6891     22.00     51.00    104.00    646.00      0.00      36.4945    0.8971      8.00     24.00     51.00    355.00      0.00      14.1670    0.3033      1.00     12.00     23.00     83.00      0.00
  0.8000   0.0400      118.0235    2.6190     34.00     82.00    162.00    777.00      0.00      72.8135    1.6902     19.00     50.00    101.00    669.00      0.00       9.5320    0.2853      0.00      2.00     17.00     70.00      0.00
  0.8000   0.0200      170.3330    3.8266     49.00    117.00    237.00   1488.00      0.00     138.6210    3.1517     38.00     99.00    191.00   1075.00      0.00       4.2340    0.2143      0.00      0.00      2.00     67.00      0.00
  0.6000   0.2000       19.7350    0.3919      8.00     15.00     25.00    171.00      0.00       3.1410    0.0767      1.00      2.00      4.00     31.00      0.00      35.2825    0.4866     20.00     32.00     48.00    154.00      0.00
  0.6000   0.1800       21.7340    0.4556      8.00     16.00     28.00    232.00      0.00       3.8540    0.1052      1.00      2.00      5.00     83.00      0.00      33.6360    0.4804     19.00     31.00     45.00    155.00      0.00
  0.6000   0.1600       24.8905    0.5389      9.00     18.00     32.00    216.00      0.00       4.5995    0.1135      1.00      3.00      6.00     46.00      0.00      33.3730    0.4782     19.00     30.00     46.00    152.00      0.00
  0.6000   0.1400       31.1395    0.6569     11.00     22.00     41.00    253.00      0.00       5.6790    0.1465      1.00      3.00      8.00     70.00      0.00      32.3555    0.4845     17.00     30.00     45.00    156.00      0.00
  0.6000   0.1200       38.4690    0.7998     13.00     27.00     53.00    280.00      0.00       7.5490    0.1813      2.00      5.00     10.00     83.00      0.00      30.9470    0.5015     14.00     28.00     44.00    129.00      0.00
  0.6000   0.1000       49.5745    1.0495     17.00     35.00     67.00    342.00      0.00      11.6975    0.3056      3.00      7.00     16.00    144.00      0.00      27.8280    0.4864     10.00     26.00     40.00    123.00      0.00
  0.6000   0.0800       66.5425    1.4928     20.00     46.00     91.00    581.00      0.00      18.5100    0.4947      4.00     11.00     25.00    227.00      0.00      25.3280    0.5037      4.00     22.00     39.00    145.00      0.00
  0.6000   0.0600       93.3245    2.0402     28.00     63.00    130.00    680.00      0.00      35.8895    0.8676      8.00     23.00     50.00    307.00      0.00      19.8890    0.4830      1.00     13.00     34.00    132.00      0.00
  0.6000   0.0400      129.9540    2.9566     34.00     90.00    178.00   1029.00      0.00      71.1165    1.7785     16.00     47.00    101.00    782.00      0.00      12.9315    0.4498      0.00      2.00     21.00    141.00      0.00
  0.6000   0.0200      170.0095    3.8007     52.00    120.00    235.00   1668.00      0.00     134.4225    3.0735     38.00     93.00    188.00   1652.00      0.00       4.6810    0.2817      0.00      0.00      1.00     97.00      0.00
  0.4000   0.2000       32.9510    0.6350     14.00     24.00     44.00    237.00      0.00       3.2450    0.0807      1.00      2.00      4.00     34.00      0.00      64.3615    1.0804     28.00     55.00     90.00    372.00      0.00
  0.4000   0.1800       37.8485    0.7672     14.00     28.00     50.00    313.00      0.00       3.8625    0.0973      1.00      2.00      5.00     53.00      0.00      61.8960    1.0524     26.00     54.00     86.00    309.00      0.00
  0.4000   0.1600       44.0845    0.9252     16.00     32.00     58.00    415.00      0.00       4.6015    0.1121      1.00      3.00      6.00     59.00      0.00      59.9860    1.0490     24.00     51.00     86.00    348.00      0.00
  0.4000   0.1400       52.5780    1.1224     18.00     37.00     68.00    489.00      0.00       6.0190    0.1551      1.00      4.00      8.00    129.00      0.00      56.5385    1.0599     20.00     48.00     82.00    386.00      0.00
  0.4000   0.1200       63.2970    1.2995     22.00     45.00     84.00    420.00      0.00       8.1550    0.2022      2.00      5.00     11.00     81.00      0.00      54.3100    1.0496     16.00     45.00     81.00    272.00      0.00
  0.4000   0.1000       75.3710    1.6087     25.00     54.00    101.00    565.00      0.00      11.1485    0.2819      3.00      7.00     15.00    178.00      0.00      48.3795    1.0595      8.00     36.00     73.00    341.00      0.00
  0.4000   0.0800      100.4230    2.2309     32.00     69.00    138.00    780.00      0.00      19.4775    0.5217      5.00     12.00     26.00    234.00      0.00      41.0415    1.0160      4.00     27.00     64.00    291.00      0.00
  0.4000   0.0600      123.2540    2.8040     38.00     85.00    164.00   1175.00      0.00      35.9410    0.9635      8.00     22.00     48.00    509.00      0.00      31.1420    0.9491      1.00     10.00     48.00    322.00      0.00
  0.4000   0.0400      151.3065    3.3065     44.00    108.00    212.00   1364.00      0.00      72.1660    1.7291     18.00     46.00    100.00    723.00      0.00      17.3650    0.7558      0.00      2.00     16.00    267.00      0.00
  0.4000   0.0200      181.4655    4.0072     53.00    130.00    256.00   2000.00      0.00     134.1100    2.9678     39.00     95.00    187.00   1268.00      0.00       5.9955    0.4573      0.00      0.00      1.00    233.00      0.00
  0.2000   0.2000       98.7960    2.0741     32.00     71.00    138.00    936.00      0.00       3.2705    0.0756      1.00      2.00      4.00     24.00      0.00     167.0260    3.6759     45.00    120.00    236.00   1152.00      0.00
  0.2000   0.1800      102.6385    2.2463     33.00     73.00    142.00   1162.00      0.00       3.9175    0.1023      1.00      2.00      5.00     63.00      0.00     146.6925    3.4321     32.00     99.00    216.00   1025.00      0.00
  0.2000   0.1600      119.1145    2.5884     38.00     81.00    166.00   1126.00      0.00       4.5110    0.1090      1.00      3.00      6.00     42.00      0.00     131.7390    3.1938     27.00     87.00    185.00   1070.00      0.00
  0.2000   0.1400      127.1925    2.8431     38.00     86.00    175.00    952.00      0.00       5.9230    0.1452      1.00      4.00      8.00     67.00      0.00     116.5670    2.9680     20.00     74.00    164.00   1485.00      0.00
  0.2000   0.1200      137.8455    3.0414     40.00     96.00    192.00   1006.00      0.00       7.5430    0.2071      2.00      4.00     10.00    119.00      0.00     100.0525    2.8786     11.00     55.00    139.00   1408.00      0.00
  0.2000   0.1000      145.1420    3.2513     44.00    101.00    196.00   1098.00      0.00      11.0640    0.3011      2.00      7.00     15.00    162.00      0.00      69.8225    2.0643      7.00     33.00     98.00    656.00      0.00
  0.2000   0.0800      165.1355    3.5931     48.00    114.00    233.00   1123.00      0.00      19.1515    0.5203      4.00     12.00     25.00    383.00      0.00      54.2480    1.8893      3.00     19.00     71.00    741.00      0.00
  0.2000   0.0600      176.9390    3.9601     49.00    126.00    243.00   1607.00      0.00      36.6035    0.9481      8.00     24.00     50.00    463.00      0.00      31.9150    1.4533      1.00      6.00     33.00   1010.00      0.00
  0.2000   0.0400      193.3970    4.4449     51.00    133.00    264.00   1536.00      0.00      71.7085    1.7198     16.00     46.00    103.00    624.00      0.00      15.5050    0.9575      0.00      2.00      9.00    607.00      0.00
  0.2000   0.0200      198.6215    4.5164     57.00    137.00    280.00   1924.00      0.00     135.6050    3.0708     36.00     95.00    192.00   1275.00      0.00       4.8520    0.4870      0.00      0.00      1.00    344.00      0.00
