Amp Radius  OC_Mean OC_Std OC_Q1 OC_Med OC_Q3 OC_Max OC_Min  Exp_Mean Exp_Std Exp_Q1 Exp_Med Exp_Q3 Exp_Max Exp_Min  Num_Mean Num_Std Num_Q1 Num_Med Num_Q3 Num_Max Num_Min
  2.0000   0.2000        5.5550    0.0672      3.00      5.00      7.00     22.00      0.00       1.2045    0.0105      1.00      1.00      1.00      5.00      0.00       6.5715    0.0795      4.00      6.00      9.00     23.00      0.00
  2.0000   0.1800        6.3205    0.0759      4.00      6.00      8.00     26.00      0.00       1.3270    0.0142      1.00      1.00      2.00      8.00      0.00       6.2360    0.0743      4.00      6.00      8.00     20.00      0.00
  2.0000   0.1600        6.9915    0.0887      4.00      6.00      9.00     33.00      0.00       1.4745    0.0170      1.00      1.00      2.00      9.00      0.00       5.7525    0.0698      3.00      5.00      8.00     20.00      0.00
  2.0000   0.1400        7.7500    0.1031      5.00      7.00     10.00     39.00      0.00       1.6765    0.0219      1.00      1.00      2.00     12.00      0.00       5.1250    0.0640      3.00      5.00      7.00     19.00      0.00
  2.0000   0.1200        9.2395    0.1278      5.00      8.00     12.00     53.00      0.00       2.0925    0.0340      1.00      2.00      3.00     16.00      0.00       4.7185    0.0582      3.00      4.00      6.00     18.00      0.00
  2.0000   0.1000       11.1290    0.1614      6.00     10.00     15.00     55.00      0.00       2.8290    0.0560      1.00      2.00      3.00     33.00      0.00       4.3625    0.0538      3.00      4.00      6.00     17.00      0.00
  2.0000   0.0800       14.3915    0.2277      7.00     12.00     19.00     92.00      0.00       4.7355    0.1060      2.00      3.00      6.00     59.00      0.00       4.1020    0.0515      3.00      4.00      5.00     15.00      0.00
  2.0000   0.0600       21.7460    0.3918     10.00     17.00     28.00    171.00      0.00       9.1160    0.2153      3.00      6.00     12.00     88.00      0.00       3.9090    0.0498      2.00      4.00      5.00     15.00      0.00
  2.0000   0.0400       39.2095    0.8170     15.00     28.00     51.00    279.00      0.00      19.9955    0.4665      5.00     13.00     28.00    249.00      0.00       3.5015    0.0511      2.00      3.00      5.00     15.00      0.00
  2.0000   0.0200       93.0330    2.0880     27.00     67.00    126.00    837.00      0.00      64.7705    1.5363     16.00     43.00     91.00    721.00      0.00       2.1885    0.0508      0.00      2.00      4.00     14.00      0.00
  1.8000   0.2000        6.9465    0.0861      4.00      6.00      9.00     37.00      0.00       1.2145    0.0109      1.00      1.00      1.00      6.00      0.00       8.0930    0.0982      5.00      8.00     11.00     34.00      0.00
  1.8000   0.1800        7.5015    0.0925      5.00      7.00     10.00     30.00      0.00       1.3205    0.0147      1.00      1.00      2.00     12.00      0.00       7.4380    0.0925      4.00      7.00     10.00     29.00      0.00
  1.8000   0.1600        8.4015    0.1118      5.00      8.00     11.00     52.00      0.00       1.4440    0.0160      1.00      1.00      2.00      8.00      0.00       6.8350    0.0864      4.00      6.00      9.00     28.00      0.00
  1.8000   0.1400        9.2720    0.1243      5.00      8.00     12.00     53.00      0.00       1.6770    0.0235      1.00      1.00      2.00     14.00      0.00       6.1525    0.0808      4.00      5.00      8.00     26.00      0.00
  1.8000   0.1200       11.3790    0.1644      6.00     10.00     15.00     65.00      0.00       2.1030    0.0343      1.00      2.00      3.00     19.00      0.00       5.8315    0.0784      3.00      5.00      8.00     25.00      0.00
  1.8000   0.1000       13.6160    0.1953      7.00     12.00     18.00     76.00      0.00       2.8880    0.0573      1.00      2.00      4.00     30.00      0.00       5.3415    0.0678      3.00      5.00      7.00     20.00      0.00
  1.8000   0.0800       17.0070    0.2579      9.00     15.00     22.00     98.00      0.00       4.5630    0.1007      2.00      3.00      6.00     49.00      0.00       4.9065    0.0648      3.00      4.00      6.00     24.00      0.00
  1.8000   0.0600       25.2305    0.4443     11.00     20.00     33.00    191.00      0.00       8.9290    0.2005      3.00      6.00     12.00     64.00      0.00       4.6855    0.0643      3.00      4.00      6.00     21.00      0.00
  1.8000   0.0400       46.1710    0.9427     17.00     33.00     61.00    355.00      0.00      20.8120    0.4740      6.00     14.00     29.00    158.00      0.00       4.1760    0.0650      2.00      4.00      6.00     18.00      0.00
  1.8000   0.0200      100.4915    2.0947     32.00     74.00    141.00    892.00      0.00      67.3840    1.4984     19.00     46.00     96.00    463.00      0.00       2.6415    0.0624      0.00      2.00      4.00     16.00      0.00
  1.6000   0.2000        8.5310    0.1121      5.00      8.00     11.00     38.00      0.00       1.2280    0.0113      1.00      1.00      1.00      6.00      0.00      10.0260    0.1294      6.00      9.00     13.00     45.00      0.00
  1.6000   0.1800        9.4950    0.1228      6.00      9.00     12.00     51.00      0.00       1.3025    0.0133      1.00      1.00      2.00      5.00      0.00       9.5545    0.1235      6.00      9.00     13.00     38.00      0.00
  1.6000   0.1600       10.6190    0.1442      6.00     10.00     14.00     52.00      0.00       1.4785    0.0174      1.00      1.00      2.00      8.00      0.00       8.6420    0.1137      5.00      8.00     12.00     32.00      0.00
  1.6000   0.1400       11.9245    0.1606      7.00     11.00     16.00     48.00      0.00       1.6825    0.0232      1.00      1.00      2.00     17.00      0.00       7.8855    0.1038      4.00      7.00     11.00     30.00      0.00
  1.6000   0.1200       13.9375    0.2125      7.00     12.00     18.00     78.00      0.00       2.1735    0.0370      1.00      2.00      3.00     19.00      0.00       7.0485    0.1001      4.00      6.00      9.00     34.00      0.00
  1.6000   0.1000       16.8930    0.2603      9.00     15.00     22.00    164.00      0.00       2.8100    0.0552      1.00      2.00      3.00     52.00      0.00       6.6265    0.0917      4.00      6.00      9.00     51.00      0.00
  1.6000   0.0800       22.5345    0.3716     11.00     18.00     29.00    151.00      0.00       4.5030    0.0941      2.00      3.00      6.00     40.00      0.00       6.2770    0.0866      3.00      6.00      8.00     27.00      0.00
  1.6000   0.0600       31.9265    0.5876     13.00     25.00     42.00    237.00      0.00       8.8955    0.2063      3.00      6.00     12.00     88.00      0.00       5.7430    0.0895      3.00      5.00      8.00     29.00      0.00
  1.6000   0.0400       53.8320    1.0799     20.00     40.00     72.00    444.00      0.00      20.4800    0.4658      6.00     14.00     29.00    154.00      0.00       4.9600    0.0815      2.00      4.00      7.00     24.00      0.00
  1.6000   0.0200      114.9620    2.4985     37.00     81.00    158.00    877.00      0.00      67.5685    1.5255     19.00     46.00     93.00    586.00      0.00       2.8780    0.0723      0.00      2.00      5.00     20.00      0.00
  1.4000   0.2000       11.4295    0.1614      6.00     10.00     15.00     55.00      0.00       1.2255    0.0110      1.00      1.00      1.00      5.00      0.00      13.3760    0.1859      7.00     12.00     18.00     54.00      0.00
  1.4000   0.1800       12.3955    0.1712      7.00     11.00     16.00     80.00      0.00       1.3005    0.0123      1.00      1.00      2.00      5.00      0.00      12.1975    0.1622      7.00     11.00     16.00     59.00      0.00
  1.4000   0.1600       13.4795    0.1910      8.00     12.00     17.00     69.00      0.00       1.4715    0.0180      1.00      1.00      2.00     11.00      0.00      10.8945    0.1487      6.00     10.00     14.00     48.00      0.00
  1.4000   0.1400       15.5380    0.2314      8.00     13.00     20.00     81.00      0.00       1.7160    0.0242      1.00      1.00      2.00     14.00      0.00      10.1370    0.1463      5.00      9.00     13.00     48.00      0.00
  1.4000   0.1200       19.0285    0.2997     10.00     16.00     24.00    128.00      0.00       2.0805    0.0342      1.00      2.00      3.00     21.00      0.00       9.4905    0.1383      5.00      8.00     12.00     44.00      0.00
  1.4000   0.1000       22.3545    0.3582     11.00     19.00     30.00    124.00      0.00       2.8385    0.0660      1.00      2.00      3.00     78.00      0.00       8.5535    0.1262      5.00      7.00     11.00     35.00      0.00
  1.4000   0.0800       29.0520    0.4986     14.00     23.00     38.00    208.00      0.00       4.5645    0.1019      2.00      3.00      6.00     47.00      0.00       8.0595    0.1236      4.00      7.00     11.00     49.00      0.00
  1.4000   0.0600       41.3035    0.7540     17.00     33.00     54.00    217.00      0.00       9.0610    0.2138      3.00      6.00     12.00    107.00      0.00       7.3155    0.1193      3.00      6.00     10.00     47.00      0.00
  1.4000   0.0400       65.2840    1.3124     23.00     48.00     92.00    427.00      0.00      19.9485    0.4580      5.00     13.00     27.00    192.00      0.00       5.7265    0.1075      2.00      5.00      8.00     38.00      0.00
  1.4000   0.0200      128.8610    2.9096     38.00     90.00    174.00   1031.00      0.00      63.2130    1.4432     17.00     42.00     91.00    603.00      0.00       3.3125    0.0903      0.00      2.00      5.00     29.00      0.00
  1.2000   0.2000       15.5335    0.2307      8.00     13.00     20.00     88.00      0.00       1.2095    0.0104      1.00      1.00      1.00      5.00      0.00      17.8525    0.2568      9.00     16.00     24.00     77.00      0.00
  1.2000   0.1800       16.3585    0.2515      8.00     14.00     21.00    103.00      0.00       1.3260    0.0135      1.00      1.00      2.00      6.00      0.00      16.0885    0.2385      8.00     14.00     22.00     85.00      0.00
  1.2000   0.1600       19.2485    0.2993     10.00     16.00     25.00    128.00      0.00       1.4655    0.0169      1.00      1.00      2.00     10.00      0.00      15.2400    0.2242      8.00     13.00     20.00     68.00      0.00
  1.2000   0.1400       22.8625    0.3703     11.00     19.00     30.00    158.00      0.00       1.7195    0.0222      1.00      1.00      2.00     11.00      0.00      14.5635    0.2259      7.00     12.00     20.00     71.00      0.00
  1.2000   0.1200       25.4040    0.4249     12.00     21.00     34.00    202.00      0.00       2.0660    0.0311      1.00      2.00      3.00     16.00      0.00      12.5470    0.2070      6.00     10.00     17.00    121.00      0.00
  1.2000   0.1000       31.3480    0.5365     14.00     26.00     41.00    211.00      0.00       2.7790    0.0485      1.00      2.00      3.00     27.00      0.00      11.8300    0.1934      6.00     10.00     16.00     77.00      0.00
  1.2000   0.0800       40.3075    0.7589     17.00     31.00     53.00    336.00      0.00       4.7480    0.1076      2.00      3.00      6.00     56.00      0.00      10.7445    0.1834      5.00      9.00     14.00     69.00      0.00
  1.2000   0.0600       57.4585    1.1094     23.00     44.00     79.00    485.00      0.00       9.1310    0.2176      3.00      6.00     12.00    102.00      0.00       9.7570    0.1755      4.00      8.00     13.00     59.00      0.00
  1.2000   0.0400       89.4990    1.9202     31.00     62.00    124.00    670.00      0.00      20.7330    0.4972      6.00     13.00     28.00    265.00      0.00       7.7610    0.1515      3.00      6.00     11.00     52.00      0.00
  1.2000   0.0200      147.5925    3.4573     43.00     99.00    198.00   1553.00      0.00      65.4365    1.4867     18.00     46.00     91.00    565.00      0.00       3.4410    0.1083      0.00      1.00      5.00     43.00      0.00
  1.0000   0.2000       22.9945    0.3823     11.00     19.00     30.00    186.00      0.00       1.2100    0.0104      1.00      1.00      1.00      4.00      0.00      26.1640    0.4157     13.00     22.00     35.00    159.00      0.00
  1.0000   0.1800       26.0675    0.4474     12.00     21.00     34.00    158.00      0.00       1.3145    0.0130      1.00      1.00      2.00      5.00      0.00      24.8130    0.3996     12.00     21.00     34.00    148.00      0.00
  1.0000   0.1600       29.0685    0.5316     14.00     24.00     38.00    491.00      0.00       1.4465    0.0162      1.00      1.00      2.00      9.00      0.00      22.9275    0.3833     11.00     19.00     31.00    154.00      0.00
  1.0000   0.1400       33.8180    0.5995     15.00     27.00     45.00    229.00      0.00       1.7115    0.0264      1.00      1.00      2.00     28.00      0.00      21.1575    0.3591      9.00     17.00     28.00    104.00      0.00
  1.0000   0.1200       41.5210    0.7930     17.00     32.00     55.00    317.00      0.00       2.0900    0.0446      1.00      2.00      2.00     57.00      0.00      19.7640    0.3605      9.00     16.00     26.00    125.00      0.00
  1.0000   0.1000       48.8035    0.8778     20.00     38.00     66.00    256.00      0.00       2.9205    0.0588      1.00      2.00      3.00     31.00      0.00      17.4220    0.3032      8.00     14.00     23.00     86.00      0.00
  1.0000   0.0800       62.3865    1.2690     23.00     46.00     83.00    386.00      0.00       4.5120    0.1016      2.00      3.00      6.00     66.00      0.00      15.7445    0.3027      7.00     12.00     21.00     99.00      0.00
  1.0000   0.0600       83.2580    1.6977     30.00     61.00    113.00    647.00      0.00       8.7160    0.2061      3.00      5.00     12.00     76.00      0.00      13.3255    0.2644      5.00     10.00     19.00     93.00      0.00
  1.0000   0.0400      117.3630    2.5838     38.00     85.00    155.00    919.00      0.00      20.6135    0.4726      6.00     13.00     29.00    187.00      0.00       9.0160    0.2007      2.00      7.00     13.00     74.00      0.00
  1.0000   0.0200      170.9620    3.8472     54.00    119.00    231.00   1524.00      0.00      64.2850    1.4120     18.00     47.00     90.00    510.00      0.00       3.5695    0.1103      0.00      2.00      5.00     42.00      0.00
  0.8000   0.2000       39.4070    0.7305     16.00     31.00     54.00    265.00      0.00       1.2105    0.0109      1.00      1.00      1.00      5.00      0.00      43.6850    0.7999     18.00     34.00     59.00    238.00      0.00
  0.8000   0.1800       44.9210    0.9289     18.00     34.00     59.00    453.00      0.00       1.3245    0.0138      1.00      1.00      2.00      7.00      0.00      41.5755    0.8140     16.00     32.00     56.00    295.00      0.00
  0.8000   0.1600       49.6325    0.9851     20.00     37.00     66.00    356.00      0.00       1.4690    0.0162      1.00      1.00      2.00      7.00      0.00      37.6545    0.7191     15.00     29.00     50.00    253.00      0.00
  0.8000   0.1400       59.0230    1.1799     23.00     44.00     78.00    488.00      0.00       1.7080    0.0248      1.00      1.00      2.00     21.00      0.00      35.5645    0.6796     14.00     27.00     47.00    244.00      0.00
  0.8000   0.1200       71.9545    1.5273     25.00     53.00     96.00    642.00      0.00       2.0425    0.0297      1.00      2.00      3.00     14.00      0.00      33.3845    0.6857     11.00     24.00     45.00    239.00      0.00
  0.8000   0.1000       86.3985    1.7864     30.00     63.00    117.00    605.00      0.00       2.8770    0.0544      1.00      2.00      3.00     26.00      0.00      28.7945    0.5757     10.00     22.00     40.00    164.00      0.00
  0.8000   0.0800      103.3565    2.2470     34.00     75.00    139.00   1009.00      0.00       4.4490    0.0930      2.00      3.00      6.00     30.00      0.00      24.0675    0.5158      8.00     17.00     33.00    206.00      0.00
  0.8000   0.0600      127.2315    2.7244     42.00     90.00    174.00   1021.00      0.00       9.1120    0.2217      3.00      6.00     12.00     97.00      0.00      17.8385    0.3877      6.00     12.00     25.00    119.00      0.00
  0.8000   0.0400      154.1655    3.3849     45.00    110.00    209.00    969.00      0.00      19.7185    0.4454      5.00     13.00     28.00    141.00      0.00      10.4450    0.2477      2.00      7.00     15.00    101.00      0.00
  0.8000   0.0200      190.6460    4.3161     54.00    133.00    257.00   1985.00      0.00      65.9915    1.5313     17.00     43.00     94.00    456.00      0.00       3.4150    0.1099      0.00      2.00      5.00     52.00      0.00
  0.6000   0.2000       74.3000    1.6535     24.00     53.00     99.00    603.00      0.00       1.2145    0.0109      1.00      1.00      1.00      5.00      0.00      79.8555    1.6849     27.00     58.00    109.00    569.00      0.00
  0.6000   0.1800       86.1975    1.8216     28.00     62.00    117.00    826.00      0.00       1.3115    0.0130      1.00      1.00      2.00      8.00      0.00      78.3875    1.6560     26.00     55.00    108.00    645.00      0.00
  0.6000   0.1600       93.3070    2.0783     30.00     66.00    125.00    718.00      0.00       1.4700    0.0167      1.00      1.00      2.00      7.00      0.00      68.0665    1.5169     23.00     48.00     92.00    616.00      0.00
  0.6000   0.1400      103.6850    2.2680     35.00     73.00    138.00    791.00      0.00       1.6845    0.0215      1.00      1.00      2.00     11.00      0.00      59.2380    1.2917     20.00     41.00     77.00    447.00      0.00
  0.6000   0.1200      116.2190    2.6099     36.00     82.00    156.00    865.00      0.00       2.0720    0.0340      1.00      2.00      2.00     19.00      0.00      51.0520    1.1465     15.00     36.00     69.00    383.00      0.00
  0.6000   0.1000      133.9295    2.9860     39.00     89.00    181.00    897.00      0.00       2.9315    0.0596      1.00      2.00      4.00     39.00      0.00      41.8675    0.9337     13.00     28.00     56.00    309.00      0.00
  0.6000   0.0800      148.4715    3.3065     45.00    105.00    203.00   1125.00      0.00       4.6910    0.1046      2.00      3.00      6.00     58.00      0.00      31.5590    0.7115      9.00     22.00     43.00    231.00      0.00
  0.6000   0.0600      159.9755    3.4590     46.00    113.00    228.00   1353.00      0.00       9.0510    0.2208      3.00      6.00     12.00    111.00      0.00      20.0555    0.4500      5.00     14.00     28.00    167.00      0.00
  0.6000   0.0400      181.6395    4.0626     49.00    127.00    254.00   1296.00      0.00      20.4820    0.4685      6.00     14.00     28.00    139.00      0.00      10.7780    0.2639      2.00      7.00     15.00     76.00      0.00
  0.6000   0.0200      187.4295    4.0631     55.00    132.00    258.00   1295.00      0.00      64.3550    1.4286     18.00     44.00     89.00    435.00      0.00       2.8570    0.0876      0.00      1.00      4.00     35.00      0.00
  0.4000   0.2000      133.1900    2.8584     41.00     93.00    186.00    843.00      0.00       1.2120    0.0105      1.00      1.00      1.00      5.00      0.00     141.0225    3.0850     42.00     99.00    195.00   1074.00      0.00
  0.4000   0.1800      142.9060    3.1839     41.00     99.00    196.00   1176.00      0.00       1.3115    0.0125      1.00      1.00      2.00      5.00      0.00     125.9700    2.8623     37.00     86.00    173.00   1011.00      0.00
  0.4000   0.1600      149.7395    3.2436     42.00    107.00    212.00    971.00      0.00       1.4810    0.0174      1.00      1.00      2.00     13.00      0.00     107.0685    2.3920     29.00     75.00    149.00    689.00      0.00
  0.4000   0.1400      159.9025    3.5878     48.00    116.00    220.00   1510.00      0.00       1.7085    0.0225      1.00      1.00      2.00     10.00      0.00      89.9105    2.1006     25.00     62.00    124.00    953.00      0.00
  0.4000   0.1200      171.7175    3.8610     47.00    115.00    241.00   1620.00      0.00       2.1065    0.0371      1.00      2.00      3.00     21.00      0.00      71.5545    1.6302     19.00     48.00    101.00    744.00      0.00
  0.4000   0.1000      172.1345    3.9141     47.00    118.00    242.00   1476.00      0.00       2.8235    0.0501      1.00      2.00      3.00     21.00      0.00      51.9490    1.2145     14.00     34.00     73.00    525.00      0.00
  0.4000   0.0800      174.9625    4.0092     45.00    119.00    244.00   1280.00      0.00       4.5435    0.1011      2.00      3.00      6.00     39.00      0.00      34.9910    0.8192      8.00     24.00     49.00    280.00      0.00
  0.4000   0.0600      195.5810    4.5469     54.00    135.00    265.00   1852.00      0.00       8.9970    0.2124      3.00      6.00     12.00     90.00      0.00      22.7985    0.5529      6.00     15.00     31.00    227.00      0.00
  0.4000   0.0400      194.7995    4.4403     56.00    130.00    264.00   1320.00      0.00      21.1540    0.4941      6.00     14.00     29.00    184.00      0.00      10.2785    0.2588      2.00      6.00     14.00     78.00      0.00
  0.4000   0.0200      193.2360    4.3478     53.00    135.00    271.00   1995.00      0.00      66.1755    1.5699     19.00     45.00     89.00    568.00      0.00       2.4785    0.0750      0.00      1.00      4.00     27.00      0.00
  0.2000   0.2000      179.1185    3.9751     52.00    122.00    251.00   1489.00      0.00       1.2140    0.0106      1.00      1.00      1.00      5.00      0.00     189.7410    4.3862     52.00    127.00    262.00   1537.00      0.00
  0.2000   0.1800      174.2075    3.9181     51.00    119.00    241.00   1534.00      0.00       1.3245    0.0134      1.00      1.00      2.00      7.00      0.00     150.6100    3.4907     41.00    103.00    205.00   1522.00      0.00
  0.2000   0.1600      193.0165    4.4325     53.00    134.00    266.00   1873.00      0.00       1.4585    0.0177      1.00      1.00      2.00     16.00      0.00     135.0890    3.2157     36.00     92.00    182.00   1452.00      0.00
  0.2000   0.1400      189.7330    4.2755     56.00    124.00    265.00   1257.00      0.00       1.6970    0.0255      1.00      1.00      2.00     19.00      0.00     103.5085    2.4070     30.00     67.00    140.00    771.00      0.00
  0.2000   0.1200      189.8250    4.4022     50.00    127.00    264.00   1569.00      0.00       2.0955    0.0369      1.00      2.00      2.00     31.00      0.00      78.1785    1.8759     19.00     51.00    110.00    716.00      0.00
  0.2000   0.1000      194.1940    4.4118     53.00    132.00    275.00   1760.00      0.00       2.8840    0.0573      1.00      2.00      3.00     39.00      0.00      56.6625    1.3296     15.00     38.00     79.00    567.00      0.00
  0.2000   0.0800      192.8125    4.0889     55.00    138.00    279.00   1217.00      0.00       4.5355    0.0946      2.00      3.00      6.00     38.00      0.00      36.8735    0.8037     10.00     26.00     53.00    236.00      0.00
  0.2000   0.0600      201.7330    4.8087     54.00    136.00    276.00   2000.00      0.00       9.2630    0.2193      3.00      6.00     12.00     94.00      0.00      21.8810    0.5442      5.00     14.00     30.00    222.00      0.00
  0.2000   0.0400      194.1980    4.4266     55.00    130.00    270.00   1522.00      0.00      20.7315    0.4871      6.00     14.00     29.00    321.00      0.00       9.6175    0.2444      2.00      6.00     13.00     91.00      0.00
  0.2000   0.0200      201.8460    4.3884     60.00    142.00    272.00   1433.00      0.00      68.4230    1.5331     19.00     47.00     96.00    427.00      0.00       2.5250    0.0728      0.00      1.00      4.00     23.00      0.00
