Amp Radius  OC_Mean OC_Std OC_Q1 OC_Med OC_Q3 OC_Max OC_Min  Exp_Mean Exp_Std Exp_Q1 Exp_Med Exp_Q3 Exp_Max Exp_Min  Num_Mean Num_Std Num_Q1 Num_Med Num_Q3 Num_Max Num_Min
  2.0000   0.2000        3.9315    0.0430      3.00      4.00      5.00     17.00      0.00       1.4100    0.0184      1.00      1.00      2.00     14.00      0.00       9.2590    0.1003      6.00     10.00     13.00     25.00      0.00
  2.0000   0.1800        4.2265    0.0489      3.00      4.00      5.00     19.00      0.00       1.5550    0.0215      1.00      1.00      2.00     16.00      0.00       8.9245    0.1009      5.00      9.00     12.00     23.00      0.00
  2.0000   0.1600        4.7890    0.0585      3.00      4.00      6.00     35.00      0.00       1.8295    0.0307      1.00      1.00      2.00     30.00      0.00       8.6855    0.0965      5.00      9.00     12.00     22.00      0.00
  2.0000   0.1400        5.3840    0.0702      3.00      5.00      7.00     26.00      0.00       2.0775    0.0337      1.00      2.00      3.00     16.00      0.00       8.3695    0.0942      5.00      9.00     12.00     21.00      0.00
  2.0000   0.1200        6.3050    0.0981      4.00      5.00      8.00     75.00      0.00       2.6945    0.0685      1.00      2.00      3.00     67.00      0.00       7.9725    0.0945      4.00      8.00     11.00     20.00      0.00
  2.0000   0.1000        8.2440    0.1481      4.00      7.00     10.00     80.00      0.00       3.9425    0.1131      1.00      3.00      5.00     64.00      0.00       7.7985    0.0944      4.00      8.00     11.00     19.00      0.00
  2.0000   0.0800       11.1490    0.2271      5.00      8.00     13.00    105.00      0.00       6.4225    0.1896      2.00      4.00      7.00    100.00      0.00       7.4330    0.0931      3.00      8.00     11.00     20.00      0.00
  2.0000   0.0600       20.4815    0.4682      7.00     13.00     27.00    180.00      0.00      14.7695    0.4245      3.00      7.00     19.00    173.00      0.00       6.8105    0.0937      3.00      7.00     11.00     17.00      0.00
  2.0000   0.0400       44.8790    1.0372     12.00     30.00     61.00    301.00      0.00      37.0480    0.9350      7.00     23.00     51.00    294.00      0.00       5.7790    0.0971      2.00      6.00     10.00     16.00      0.00
  2.0000   0.0200      110.5885    2.5805     28.00     74.00    154.00    835.00      0.00     102.0555    2.4106     25.00     70.00    142.00    835.00      0.00       3.0840    0.0860      0.00      1.00      6.00     15.00      0.00
  1.8000   0.2000        4.4660    0.0499      3.00      4.00      6.00     17.00      0.00       1.4150    0.0174      1.00      1.00      2.00      7.00      0.00      10.3285    0.1073      7.00     11.00     14.00     26.00      0.00
  1.8000   0.1800        4.9095    0.0583      3.00      4.00      6.00     25.00      0.00       1.5625    0.0211      1.00      1.00      2.00     11.00      0.00       9.9785    0.1041      6.00     11.00     13.00     25.00      0.00
  1.8000   0.1600        5.1650    0.0642      3.00      5.00      7.00     27.00      0.00       1.7635    0.0273      1.00      1.00      2.00     18.00      0.00       9.5325    0.1013      6.00     10.00     13.00     26.00      0.00
  1.8000   0.1400        5.9410    0.0758      4.00      5.00      8.00     29.00      0.00       2.0350    0.0331      1.00      2.00      3.00     16.00      0.00       9.2625    0.0989      6.00     10.00     12.00     26.00      0.00
  1.8000   0.1200        7.3250    0.1268      4.00      6.00      9.00    117.00      0.00       2.6975    0.0818      1.00      2.00      3.00    102.00      0.00       8.9510    0.0962      6.00     10.00     12.00     24.00      0.00
  1.8000   0.1000        9.0115    0.1550      5.00      7.00     12.00     82.00      0.00       3.6965    0.0884      1.00      3.00      5.00     49.00      0.00       8.5580    0.0964      5.00      9.00     12.00     20.00      0.00
  1.8000   0.0800       12.8650    0.2486      6.00     10.00     16.00    120.00      0.00       6.3490    0.1793      2.00      4.00      7.00    120.00      0.00       8.3510    0.0958      5.00      9.00     12.00     20.00      0.00
  1.8000   0.0600       21.7610    0.4919      7.00     14.00     28.00    225.00      0.00      14.2555    0.4104      3.00      7.00     19.00    224.00      0.00       7.6450    0.0987      4.00      8.00     11.00     18.00      0.00
  1.8000   0.0400       45.5335    1.0238     13.00     31.00     63.00    486.00      0.00      36.0185    0.9062      8.00     22.00     51.00    332.00      0.00       6.2340    0.1041      2.00      7.00     10.00     18.00      0.00
  1.8000   0.0200      114.8715    2.5474     32.00     79.00    160.00    917.00      0.00     101.7700    2.3018     26.00     70.00    146.00    662.00      0.00       3.2860    0.0925      0.00      1.00      7.00     19.00      0.00
  1.6000   0.2000        5.0380    0.0619      3.00      5.00      6.00     25.00      0.00       1.4075    0.0171      1.00      1.00      2.00      8.00      0.00      11.4115    0.1128      8.00     12.00     15.00     31.00      0.00
  1.6000   0.1800        5.5625    0.0698      4.00      5.00      7.00     40.00      0.00       1.5850    0.0218      1.00      1.00      2.00      8.00      0.00      10.9435    0.1102      7.00     11.00     14.00     31.00      0.00
  1.6000   0.1600        6.2840    0.0778      4.00      6.00      8.00     29.00      0.00       1.7655    0.0258      1.00      1.00      2.00     14.00      0.00      10.7925    0.1099      7.00     11.00     14.00     30.00      0.00
  1.6000   0.1400        7.1555    0.1065      4.00      6.00      9.00     69.00      0.00       2.1045    0.0402      1.00      2.00      3.00     44.00      0.00      10.4205    0.1085      7.00     11.00     14.00     28.00      0.00
  1.6000   0.1200        8.4090    0.1222      5.00      7.00     11.00     85.00      0.00       2.6725    0.0638      1.00      2.00      3.00     81.00      0.00      10.0360    0.1037      7.00     11.00     13.00     26.00      0.00
  1.6000   0.1000       10.4520    0.1780      5.00      8.00     13.00     80.00      0.00       3.8815    0.1070      1.00      3.00      5.00     78.00      0.00       9.4020    0.1001      6.00     10.00     13.00     25.00      0.00
  1.6000   0.0800       14.2910    0.2804      7.00     11.00     18.00    127.00      0.00       6.0845    0.1778      2.00      4.00      7.00    110.00      0.00       9.1825    0.1001      6.00     10.00     12.00     24.00      0.00
  1.6000   0.0600       24.9085    0.5518      9.00     17.00     33.00    245.00      0.00      14.6965    0.4144      3.00      8.00     19.00    238.00      0.00       8.4210    0.1052      5.00      9.00     12.00     23.00      0.00
  1.6000   0.0400       49.5625    1.0914     14.00     34.00     69.00    471.00      0.00      36.4220    0.9060      8.00     23.00     51.00    469.00      0.00       6.7925    0.1130      2.00      7.00     11.00     24.00      0.00
  1.6000   0.0200      118.6850    2.6389     33.00     84.00    165.00    927.00      0.00     101.7855    2.3394     27.00     68.00    142.00    800.00      0.00       3.6900    0.1036      0.00      1.00      8.00     19.00      0.00
  1.4000   0.2000        6.0320    0.0748      4.00      5.00      8.00     35.00      0.00       1.4290    0.0182      1.00      1.00      2.00      9.00      0.00      13.0120    0.1252      9.00     13.00     17.00     46.00      0.00
  1.4000   0.1800        6.5970    0.0807      4.00      6.00      8.00     30.00      0.00       1.5615    0.0206      1.00      1.00      2.00     11.00      0.00      12.7390    0.1224      9.00     13.00     16.00     33.00      0.00
  1.4000   0.1600        7.4625    0.0986      4.00      7.00     10.00     56.00      0.00       1.7960    0.0275      1.00      1.00      2.00     17.00      0.00      12.3635    0.1230      9.00     13.00     16.00     42.00      0.00
  1.4000   0.1400        8.6790    0.1195      5.00      8.00     11.00     62.00      0.00       2.0950    0.0333      1.00      2.00      3.00     19.00      0.00      11.9720    0.1211      8.00     12.00     15.00     35.00      0.00
  1.4000   0.1200       10.0580    0.1541      5.00      9.00     13.00     81.00      0.00       2.7360    0.0737      1.00      2.00      3.00     73.00      0.00      11.2285    0.1151      8.00     12.00     14.00     34.00      0.00
  1.4000   0.1000       12.0055    0.1929      6.00     10.00     15.00     67.00      0.00       3.5475    0.0852      1.00      3.00      5.00     53.00      0.00      10.8670    0.1112      8.00     12.00     14.00     31.00      0.00
  1.4000   0.0800       16.9470    0.3199      7.00     13.00     22.00    128.00      0.00       6.3595    0.2060      2.00      4.00      7.00    126.00      0.00      10.2915    0.1130      7.00     11.00     13.00     32.00      0.00
  1.4000   0.0600       28.4300    0.5856     10.00     20.00     38.00    236.00      0.00      15.4825    0.4265      3.00      8.00     20.00    229.00      0.00       9.5480    0.1173      6.00     11.00     13.00     34.00      0.00
  1.4000   0.0400       55.1525    1.2075     17.00     39.00     75.00    480.00      0.00      37.2910    0.9365      8.00     23.00     52.00    468.00      0.00       7.7135    0.1284      2.00      8.00     12.00     34.00      0.00
  1.4000   0.0200      119.8020    2.6016     34.00     82.00    171.00    796.00      0.00      99.4995    2.2775     26.00     66.00    140.00    752.00      0.00       3.9190    0.1168      0.00      0.00      8.00     26.00      0.00
  1.2000   0.2000        7.5610    0.0950      5.00      7.00     10.00     49.00      0.00       1.4245    0.0176      1.00      1.00      2.00      6.00      0.00      15.8045    0.1599     11.00     15.00     20.00     50.00      0.00
  1.2000   0.1800        8.3540    0.1156      5.00      7.00     11.00     43.00      0.00       1.5905    0.0226      1.00      1.00      2.00      9.00      0.00      14.9125    0.1552     11.00     14.00     19.00     57.00      0.00
  1.2000   0.1600        9.2140    0.1270      5.00      8.00     12.00     52.00      0.00       1.7725    0.0266      1.00      1.00      2.00     13.00      0.00      14.3415    0.1464     10.00     14.00     18.00     42.00      0.00
  1.2000   0.1400       10.7730    0.1621      6.00      9.00     14.00     98.00      0.00       2.1135    0.0351      1.00      2.00      3.00     23.00      0.00      13.8780    0.1422     10.00     14.00     17.00     40.00      0.00
  1.2000   0.1200       12.4205    0.1856      7.00     11.00     16.00     68.00      0.00       2.6285    0.0540      1.00      2.00      3.00     34.00      0.00      13.1805    0.1366     10.00     13.00     16.00     47.00      0.00
  1.2000   0.1000       15.4220    0.2588      8.00     13.00     20.00    129.00      0.00       3.8260    0.0999      1.00      3.00      5.00     66.00      0.00      12.5305    0.1351      9.00     13.00     16.00     45.00      0.00
  1.2000   0.0800       21.3760    0.4137     10.00     17.00     27.00    259.00      0.00       6.4415    0.1971      2.00      4.00      7.00    157.00      0.00      12.1690    0.1373      9.00     12.00     16.00     36.00      0.00
  1.2000   0.0600       33.7910    0.6904     13.00     25.00     44.00    227.00      0.00      14.4195    0.3964      3.00      8.00     18.00    162.00      0.00      10.8135    0.1404      6.00     12.00     15.00     35.00      0.00
  1.2000   0.0400       65.0150    1.4417     20.00     44.00     90.00    515.00      0.00      37.5420    0.9622      7.00     23.00     54.00    457.00      0.00       8.8850    0.1548      2.00     10.00     14.00     42.00      0.00
  1.2000   0.0200      128.8560    2.9110     38.00     86.00    179.00    857.00      0.00      97.4685    2.3385     25.00     64.00    136.00    843.00      0.00       4.4955    0.1417      0.00      1.00      9.00     38.00      0.00
  1.0000   0.2000        9.6430    0.1319      5.00      8.00     12.00     49.00      0.00       1.4600    0.0185      1.00      1.00      2.00      7.00      0.00      19.2660    0.2153     13.00     18.00     24.00     70.00      0.00
  1.0000   0.1800       10.6925    0.1435      6.00      9.00     14.00     46.00      0.00       1.6270    0.0234      1.00      1.00      2.00     14.00      0.00      18.6505    0.1955     13.00     18.00     24.00     56.00      0.00
  1.0000   0.1600       12.2965    0.1767      7.00     11.00     16.00     99.00      0.00       1.8065    0.0284      1.00      1.00      2.00     18.00      0.00      18.2530    0.2030     13.00     17.00     23.00     59.00      0.00
  1.0000   0.1400       13.9315    0.2110      7.00     12.00     18.00     77.00      0.00       2.0715    0.0346      1.00      2.00      3.00     19.00      0.00      17.2600    0.1878     12.00     16.00     22.00     58.00      0.00
  1.0000   0.1200       16.3900    0.2557      8.00     14.00     21.00     91.00      0.00       2.6980    0.0567      1.00      2.00      4.00     39.00      0.00      16.1945    0.1864     11.00     15.00     21.00     64.00      0.00
  1.0000   0.1000       20.2310    0.3303     10.00     17.00     27.00    107.00      0.00       3.7315    0.0892      1.00      3.00      5.00     59.00      0.00      15.2900    0.1787     10.00     15.00     20.00     57.00      0.00
  1.0000   0.0800       27.3145    0.5226     12.00     21.00     36.00    228.00      0.00       6.1410    0.1800      2.00      4.00      7.00    129.00      0.00      14.5505    0.1834     10.00     14.00     19.00     58.00      0.00
  1.0000   0.0600       42.0665    0.8112     16.00     32.00     57.00    244.00      0.00      14.8300    0.4104      3.00      8.00     19.00    160.00      0.00      13.0230    0.1841      7.00     13.00     18.00     49.00      0.00
  1.0000   0.0400       74.2345    1.5804     25.00     52.00    101.00    619.00      0.00      36.0170    0.9015      8.00     23.00     49.00    310.00      0.00      10.5010    0.2014      1.00     11.00     16.00     46.00      0.00
  1.0000   0.0200      138.7995    3.0440     40.00     96.00    196.00   1119.00      0.00     101.8330    2.4210     26.00     68.00    140.00   1019.00      0.00       4.8395    0.1713      0.00      0.00      9.00     40.00      0.00
  0.8000   0.2000       13.8280    0.2030      7.00     12.00     18.00     90.00      0.00       1.4110    0.0169      1.00      1.00      2.00      8.00      0.00      26.2235    0.3312     16.00     24.00     34.00    113.00      0.00
  0.8000   0.1800       15.4955    0.2288      8.00     13.00     20.00     79.00      0.00       1.5640    0.0228      1.00      1.00      2.00     20.00      0.00      25.1165    0.3064     16.00     23.00     33.00     95.00      0.00
  0.8000   0.1600       17.3875    0.2736      9.00     15.00     23.00     94.00      0.00       1.8380    0.0312      1.00      1.00      2.00     29.00      0.00      24.4565    0.3151     15.00     22.00     32.00    108.00      0.00
  0.8000   0.1400       20.5660    0.3490     10.00     17.00     27.00    146.00      0.00       2.0265    0.0306      1.00      2.00      3.00     11.00      0.00      23.0095    0.3029     14.00     21.00     30.00     92.00      0.00
  0.8000   0.1200       24.5545    0.4038     12.00     20.00     32.00    138.00      0.00       2.6610    0.0537      1.00      2.00      3.00     45.00      0.00      22.6835    0.2908     14.00     21.00     30.00     99.00      0.00
  0.8000   0.1000       30.6570    0.5484     14.00     25.00     40.00    206.00      0.00       3.7265    0.0868      1.00      3.00      5.00     41.00      0.00      20.4185    0.2780     13.00     19.00     26.00     81.00      0.00
  0.8000   0.0800       40.9040    0.7851     17.00     31.00     55.00    363.00      0.00       6.0595    0.1766      2.00      4.00      7.00     99.00      0.00      19.2665    0.2847     11.00     18.00     26.00     75.00      0.00
  0.8000   0.0600       59.5760    1.1875     22.00     43.00     82.00    427.00      0.00      13.9365    0.3922      3.00      7.00     18.00    215.00      0.00      17.4090    0.2927      8.00     16.00     24.00     86.00      0.00
  0.8000   0.0400       93.8500    1.9942     31.00     68.00    128.00    773.00      0.00      36.7895    0.9022      7.00     23.00     52.00    262.00      0.00      12.7480    0.2800      1.00     11.00     20.00     78.00      0.00
  0.8000   0.0200      159.2410    3.5707     46.00    109.00    217.00   1136.00      0.00     100.9430    2.3511     27.00     70.00    137.00    824.00      0.00       5.6145    0.2189      0.00      0.00      8.00     77.00      0.00
  0.6000   0.2000       24.2885    0.3993     12.00     20.00     31.00    144.00      0.00       1.4480    0.0186      1.00      1.00      2.00      8.00      0.00      41.2690    0.6191     22.00     35.00     54.00    233.00      0.00
  0.6000   0.1800       26.7415    0.4479     13.00     22.00     35.00    167.00      0.00       1.5640    0.0220      1.00      1.00      2.00     12.00      0.00      39.8510    0.5996     21.00     34.00     54.00    191.00      0.00
  0.6000   0.1600       31.0510    0.5345     14.00     25.00     41.00    195.00      0.00       1.7740    0.0290      1.00      1.00      2.00     15.00      0.00      38.9075    0.5959     20.00     34.00     52.00    212.00      0.00
  0.6000   0.1400       35.6690    0.6612     15.00     28.00     47.00    257.00      0.00       2.0910    0.0350      1.00      2.00      3.00     22.00      0.00      35.9085    0.5662     18.00     31.00     47.00    162.00      0.00
  0.6000   0.1200       41.3285    0.7535     18.00     32.00     55.00    243.00      0.00       2.6795    0.0538      1.00      2.00      3.00     40.00      0.00      33.3075    0.5528     16.00     28.00     45.00    199.00      0.00
  0.6000   0.1000       50.8475    0.9451     22.00     40.00     68.00    349.00      0.00       3.7560    0.0935      1.00      3.00      5.00     50.00      0.00      30.5030    0.4978     15.00     26.00     42.00    189.00      0.00
  0.6000   0.0800       68.8010    1.4174     26.00     50.00     92.00    506.00      0.00       6.2275    0.1642      2.00      4.00      8.00     73.00      0.00      28.0525    0.5088     12.00     23.00     38.00    187.00      0.00
  0.6000   0.0600       90.6010    1.8591     32.00     66.00    126.00    703.00      0.00      14.4265    0.4031      3.00      8.00     19.00    231.00      0.00      23.0955    0.4900      6.00     18.00     33.00    146.00      0.00
  0.6000   0.0400      132.8520    2.9653     40.00     90.00    181.00   1194.00      0.00      38.3905    0.9733      8.00     24.00     53.00    333.00      0.00      15.9995    0.4395      1.00      9.00     25.00    181.00      0.00
  0.6000   0.0200      177.3895    3.8951     49.00    122.00    249.00   1767.00      0.00     100.8485    2.3730     27.00     68.00    137.00    724.00      0.00       5.1840    0.2409      0.00      0.00      4.00    100.00      0.00
  0.4000   0.2000       56.4720    1.1367     20.00     41.00     77.00    339.00      0.00       1.4215    0.0181      1.00      1.00      2.00      9.00      0.00      83.3850    1.6375     31.00     63.00    116.00    666.00      0.00
  0.4000   0.1800       65.4215    1.3752     24.00     46.00     88.00    632.00      0.00       1.5915    0.0233      1.00      1.00      2.00     17.00      0.00      80.7245    1.6112     31.00     59.00    111.00    663.00      0.00
  0.4000   0.1600       72.5120    1.5043     24.00     52.00     98.00    485.00      0.00       1.7680    0.0281      1.00      1.00      2.00     25.00      0.00      75.0795    1.5203     28.00     55.00    103.00    438.00      0.00
  0.4000   0.1400       83.0220    1.7784     30.00     60.00    110.00    600.00      0.00       2.1505    0.0355      1.00      2.00      3.00     18.00      0.00      68.2205    1.4041     26.00     50.00     92.00    632.00      0.00
  0.4000   0.1200       92.6625    1.9315     33.00     66.00    129.00    640.00      0.00       2.7835    0.0624      1.00      2.00      3.00     61.00      0.00      57.8705    1.1965     20.00     42.00     79.00    421.00      0.00
  0.4000   0.1000      111.4355    2.3869     35.00     79.00    153.00   1106.00      0.00       3.8450    0.1060      1.00      3.00      5.00     74.00      0.00      50.9465    1.0791     16.00     38.00     73.00    574.00      0.00
  0.4000   0.0800      122.1890    2.6568     37.00     86.00    168.00   1004.00      0.00       6.3630    0.2124      2.00      4.00      7.00    116.00      0.00      37.9615    0.8495     10.00     27.00     54.00    301.00      0.00
  0.4000   0.0600      154.0700    3.4034     47.00    108.00    207.00   1130.00      0.00      14.2270    0.4013      3.00      7.00     19.00    169.00      0.00      29.1005    0.7412      6.00     19.00     41.00    276.00      0.00
  0.4000   0.0400      178.7810    3.9878     50.00    125.00    249.00   1594.00      0.00      36.3305    0.9348      7.00     22.00     50.00    369.00      0.00      15.6215    0.4872      1.00      7.00     21.00    179.00      0.00
  0.4000   0.0200      197.7555    4.4125     58.00    134.00    271.00   1498.00      0.00     102.8645    2.4462     27.00     71.00    140.00    885.00      0.00       4.6210    0.2465      0.00      1.00      3.00    120.00      0.00
  0.2000   0.2000      150.5520    3.3675     42.00    105.00    206.00   1141.00      0.00       1.3990    0.0170      1.00      1.00      2.00      8.00      0.00     173.7235    3.9759     47.00    122.00    238.00   1586.00      0.00
  0.2000   0.1800      155.6640    3.5498     46.00    109.00    212.00   1527.00      0.00       1.5785    0.0227      1.00      1.00      2.00     15.00      0.00     151.0385    3.5608     44.00    105.00    205.00   1761.00      0.00
  0.2000   0.1600      165.8800    3.4757     50.00    120.00    236.00   1178.00      0.00       1.7865    0.0308      1.00      1.00      2.00     35.00      0.00     129.2990    2.7785     36.00     92.00    183.00   1024.00      0.00
  0.2000   0.1400      174.6025    3.8676     50.00    122.00    247.00   1407.00      0.00       2.1225    0.0359      1.00      2.00      3.00     22.00      0.00     108.3930    2.5284     29.00     72.00    148.00    923.00      0.00
  0.2000   0.1200      179.3435    3.9941     53.00    120.00    246.00   1619.00      0.00       2.6350    0.0495      1.00      2.00      3.00     29.00      0.00      81.2590    1.8967     21.00     54.00    112.00    849.00      0.00
  0.2000   0.1000      191.3255    4.2662     54.00    132.00    267.00   1478.00      0.00       3.8175    0.1077      1.00      3.00      5.00     70.00      0.00      62.8285    1.4852     16.00     41.00     87.00    518.00      0.00
  0.2000   0.0800      194.5535    4.3121     57.00    136.00    266.00   1551.00      0.00       6.3160    0.2031      2.00      4.00      7.00    122.00      0.00      41.3470    0.9732     10.00     27.00     58.00    334.00      0.00
  0.2000   0.0600      187.5805    4.1779     54.00    128.00    259.00   1445.00      0.00      14.1620    0.3924      3.00      7.00     19.00    197.00      0.00      23.7060    0.6124      5.00     15.00     34.00    278.00      0.00
  0.2000   0.0400      200.2190    4.4955     59.00    140.00    281.00   1578.00      0.00      37.5110    0.9392      8.00     23.00     53.00    372.00      0.00      11.7480    0.3602      1.00      6.00     16.00    144.00      0.00
  0.2000   0.0200      193.3835    4.3439     53.00    135.00    263.00   1410.00      0.00     103.3845    2.4480     27.00     68.00    146.00    814.00      0.00       2.5715    0.1340      0.00      0.00      3.00     86.00      0.00
