Amp Radius  OC_Mean OC_Std OC_Q1 OC_Med OC_Q3 OC_Max OC_Min  Exp_Mean Exp_Std Exp_Q1 Exp_Med Exp_Q3 Exp_Max Exp_Min  Num_Mean Num_Std Num_Q1 Num_Med Num_Q3 Num_Max Num_Min
  2.0000   0.2000        3.8935    0.0544      2.00      3.00      5.00     36.00      0.00       1.6870    0.0363      1.00      1.00      2.00     34.00      0.00       9.0605    0.0831      7.00      9.00     11.00     20.00      0.00
  2.0000   0.1800        4.5895    0.0844      3.00      4.00      5.00     55.00      0.00       2.2220    0.0663      1.00      1.00      2.00     49.00      0.00       8.7025    0.0797      6.00      9.00     11.00     25.00      0.00
  2.0000   0.1600        5.1050    0.1066      3.00      4.00      6.00    110.00      0.00       2.5480    0.0736      1.00      1.00      3.00     43.00      0.00       8.4215    0.0801      6.00      9.00     11.00     21.00      0.00
  2.0000   0.1400        6.3285    0.1549      3.00      5.00      7.00    102.00      0.00       3.5100    0.1408      1.00      2.00      4.00    100.00      0.00       8.5340    0.0765      6.00      9.00     11.00     19.00      0.00
  2.0000   0.1200        8.7840    0.2761      3.00      5.00      9.00    176.00      0.00       5.9695    0.2634      1.00      2.00      5.00    176.00      0.00       7.9765    0.0782      6.00      9.00     11.00     22.00      0.00
  2.0000   0.1000       13.2685    0.3736      4.00      7.00     15.00    191.00      0.00       9.6670    0.3487      2.00      4.00     11.00    191.00      0.00       7.8555    0.0810      6.00      8.00     11.00     18.00      0.00
  2.0000   0.0800       24.5940    0.7013      6.00     13.00     32.00    370.00      0.00      21.0185    0.6830      3.00      9.00     27.00    359.00      0.00       7.2120    0.0887      5.00      8.00     10.00     18.00      0.00
  2.0000   0.0600       42.9500    1.0797      8.00     27.00     59.00    373.00      0.00      38.4635    1.0295      6.00     23.00     53.00    373.00      0.00       6.2940    0.0965      2.00      7.00     10.00     17.00      0.00
  2.0000   0.0400       78.7910    1.8303     20.00     53.00    111.00    704.00      0.00      73.5705    1.7699     17.00     49.00    104.00    702.00      0.00       4.5405    0.0972      0.00      5.00      8.00     19.00      0.00
  2.0000   0.0200      140.9290    3.2774     37.00     96.00    191.00   1192.00      0.00     136.9415    3.2122     35.00     94.00    186.00   1192.00      0.00       2.1940    0.0786      0.00      0.00      5.00     16.00      0.00
  1.8000   0.2000        4.4230    0.0740      2.00      4.00      5.00     62.00      0.00       1.7290    0.0482      1.00      1.00      2.00     62.00      0.00       9.6055    0.0833      7.00     10.00     12.00     23.00      0.00
  1.8000   0.1800        4.9520    0.0852      3.00      4.00      6.00     43.00      0.00       2.0225    0.0563      1.00      1.00      2.00     39.00      0.00       9.4165    0.0835      7.00     10.00     12.00     23.00      0.00
  1.8000   0.1600        5.7495    0.1166      3.00      4.00      7.00     81.00      0.00       2.6640    0.0889      1.00      1.00      3.00     52.00      0.00       9.1650    0.0806      7.00     10.00     11.00     26.00      0.00
  1.8000   0.1400        7.0025    0.1695      3.00      5.00      8.00    114.00      0.00       3.5765    0.1388      1.00      2.00      4.00    111.00      0.00       8.9425    0.0804      7.00     10.00     11.00     21.00      0.00
  1.8000   0.1200        9.1675    0.2220      4.00      6.00     11.00     89.00      0.00       5.4765    0.1945      1.00      2.00      6.00     83.00      0.00       8.7485    0.0827      7.00      9.00     11.00     20.00      0.00
  1.8000   0.1000       14.5330    0.4064      4.00      8.00     17.00    183.00      0.00      10.0160    0.3523      1.00      4.00     12.00    180.00      0.00       8.2765    0.0874      6.00      9.00     11.00     20.00      0.00
  1.8000   0.0800       24.2275    0.6512      6.00     14.00     32.00    307.00      0.00      19.4215    0.6070      2.00      9.00     26.00    305.00      0.00       7.6430    0.0920      5.00      8.00     11.00     20.00      0.00
  1.8000   0.0600       43.6760    1.1227      9.00     26.00     59.00    398.00      0.00      38.3180    1.0686      5.00     22.00     52.00    398.00      0.00       6.5940    0.0990      2.00      7.00     10.00     20.00      0.00
  1.8000   0.0400       80.1110    1.9013     18.00     51.00    112.00    579.00      0.00      73.4565    1.7919     16.00     46.00    103.00    566.00      0.00       4.9965    0.1059      0.00      5.00      9.00     26.00      0.00
  1.8000   0.0200      134.2435    3.1041     38.00     92.00    183.00   1345.00      0.00     129.4595    3.0216     36.00     89.00    175.00   1345.00      0.00       2.1105    0.0810      0.00      0.00      4.00     16.00      0.00
  1.6000   0.2000        4.8380    0.0726      3.00      4.00      6.00     54.00      0.00       1.7365    0.0386      1.00      1.00      2.00     32.00      0.00      10.4530    0.0947      8.00     11.00     13.00     31.00      0.00
  1.6000   0.1800        5.5355    0.0956      3.00      4.00      7.00     57.00      0.00       2.0855    0.0620      1.00      1.00      2.00     56.00      0.00      10.2645    0.0933      8.00     10.00     13.00     27.00      0.00
  1.6000   0.1600        6.5260    0.1308      3.00      5.00      8.00     98.00      0.00       2.7720    0.1045      1.00      1.00      3.00     92.00      0.00       9.8915    0.0897      8.00     10.00     12.00     29.00      0.00
  1.6000   0.1400        7.9030    0.1834      4.00      6.00      9.00    135.00      0.00       3.7445    0.1499      1.00      2.00      4.00    133.00      0.00       9.7375    0.0870      7.00     10.00     12.00     25.00      0.00
  1.6000   0.1200       10.5815    0.2764      4.00      7.00     12.00    148.00      0.00       5.8985    0.2385      1.00      3.00      6.00    141.00      0.00       9.5570    0.0907      7.00     10.00     12.00     25.00      0.00
  1.6000   0.1000       15.4230    0.4300      5.00      9.00     18.00    289.00      0.00      10.2020    0.3865      1.00      4.00     11.00    288.00      0.00       9.0860    0.0925      7.00     10.00     12.00     28.00      0.00
  1.6000   0.0800       26.0570    0.6992      7.00     14.00     33.00    344.00      0.00      19.7105    0.6263      2.00      8.00     26.00    259.00      0.00       8.2870    0.1013      6.00      9.00     11.00     28.00      0.00
  1.6000   0.0600       46.5630    1.2249     10.00     28.00     65.00    873.00      0.00      38.2140    1.1157      5.00     21.00     55.00    871.00      0.00       7.4920    0.1115      3.00      8.00     11.00     24.00      0.00
  1.6000   0.0400       83.4675    1.9559     21.00     56.00    114.00    660.00      0.00      73.3910    1.8053     16.00     47.00    100.00    660.00      0.00       5.3870    0.1132      0.00      6.00     10.00     22.00      0.00
  1.6000   0.0200      137.8625    3.0585     39.00     96.00    195.00    958.00      0.00     131.2425    2.9346     37.00     92.00    188.00    958.00      0.00       2.3945    0.0932      0.00      0.00      5.00     24.00      0.00
  1.4000   0.2000        5.4540    0.0834      3.00      5.00      7.00     41.00      0.00       1.7745    0.0490      1.00      1.00      2.00     38.00      0.00      11.8855    0.1076      9.00     12.00     15.00     33.00      0.00
  1.4000   0.1800        6.3540    0.1060      3.00      5.00      8.00     52.00      0.00       2.1115    0.0594      1.00      1.00      2.00     51.00      0.00      11.4505    0.1064      9.00     11.00     14.00     31.00      0.00
  1.4000   0.1600        7.4325    0.1678      4.00      6.00      9.00    153.00      0.00       2.6845    0.1188      1.00      1.00      3.00    150.00      0.00      11.0170    0.1020      8.00     11.00     14.00     31.00      0.00
  1.4000   0.1400        9.0370    0.2150      4.00      6.00     11.00    203.00      0.00       3.8795    0.1508      1.00      2.00      4.00     79.00      0.00      10.8715    0.1063      8.00     11.00     13.00     29.00      0.00
  1.4000   0.1200       11.6525    0.2881      5.00      8.00     13.00    138.00      0.00       5.8500    0.2234      1.00      3.00      6.00    104.00      0.00      10.3895    0.1046      8.00     11.00     13.00     29.00      0.00
  1.4000   0.1000       17.0005    0.4264      6.00     11.00     21.00    202.00      0.00       9.6450    0.3381      2.00      4.00     11.00    174.00      0.00      10.1490    0.1095      7.00     11.00     13.00     29.00      0.00
  1.4000   0.0800       28.9050    0.7333      7.00     17.00     37.00    367.00      0.00      19.9015    0.6176      2.00      8.00     26.00    235.00      0.00       9.4570    0.1176      7.00     10.00     13.00     36.00      0.00
  1.4000   0.0600       49.6120    1.2085     12.00     30.00     68.00    395.00      0.00      37.2785    1.0009      5.00     21.00     52.00    325.00      0.00       8.3085    0.1273      3.00      9.00     12.00     29.00      0.00
  1.4000   0.0400       85.2305    2.0004     22.00     55.00    122.00    670.00      0.00      72.4030    1.8044     17.00     45.00    102.00    581.00      0.00       6.0550    0.1327      0.00      6.00     11.00     29.00      0.00
  1.4000   0.0200      143.5040    3.2670     41.00     98.00    202.00   1286.00      0.00     131.1895    3.0025     35.00     88.00    186.00    918.00      0.00       2.8215    0.1103      0.00      0.00      5.00     27.00      0.00
  1.2000   0.2000        6.7315    0.1080      4.00      5.00      8.00     51.00      0.00       1.7525    0.0418      1.00      1.00      2.00     35.00      0.00      13.8830    0.1339     10.00     13.00     17.00     47.00      0.00
  1.2000   0.1800        7.6670    0.1349      4.00      6.00     10.00    101.00      0.00       2.1015    0.0738      1.00      1.00      2.00     93.00      0.00      13.4910    0.1319     10.00     13.00     17.00     43.00      0.00
  1.2000   0.1600        8.6950    0.1780      4.00      7.00     11.00    155.00      0.00       2.7195    0.1095      1.00      1.00      3.00    142.00      0.00      13.0980    0.1340     10.00     12.00     16.00     36.00      0.00
  1.2000   0.1400       10.5195    0.2181      5.00      8.00     12.00    101.00      0.00       3.6235    0.1386      1.00      2.00      4.00     88.00      0.00      13.0000    0.1309     10.00     12.00     16.00     42.00      0.00
  1.2000   0.1200       14.2535    0.3510      6.00     10.00     17.00    199.00      0.00       5.8625    0.2220      1.00      3.00      6.00    115.00      0.00      12.3365    0.1308      9.00     12.00     16.00     42.00      0.00
  1.2000   0.1000       20.3275    0.4884      7.00     13.00     26.00    244.00      0.00      10.5530    0.3714      2.00      4.00     12.00    173.00      0.00      11.8365    0.1337      9.00     12.00     15.00     48.00      0.00
  1.2000   0.0800       31.5585    0.7646      9.00     19.00     41.00    298.00      0.00      20.5815    0.6355      3.00      9.00     27.00    298.00      0.00      10.9605    0.1471      7.00     11.00     15.00     43.00      0.00
  1.2000   0.0600       54.8735    1.3667     13.00     33.00     74.00    600.00      0.00      39.4985    1.1173      5.00     22.00     54.00    597.00      0.00       9.4125    0.1556      2.00     10.00     14.00     40.00      0.00
  1.2000   0.0400       90.9815    2.0440     25.00     64.00    126.00    711.00      0.00      73.0800    1.7310     16.00     48.00    102.00    445.00      0.00       7.0420    0.1571      0.00      7.00     12.00     33.00      0.00
  1.2000   0.0200      149.9395    3.3804     46.00    104.00    205.00   1557.00      0.00     136.3305    3.1295     39.00     95.00    189.00   1557.00      0.00       3.2160    0.1315      0.00      0.00      4.00     39.00      0.00
  1.0000   0.2000        8.5315    0.1463      4.00      7.00     11.00     71.00      0.00       1.8320    0.0609      1.00      1.00      2.00     62.00      0.00      17.3725    0.1896     12.00     16.00     22.00     57.00      0.00
  1.0000   0.1800        9.3660    0.1491      5.00      8.00     12.00     53.00      0.00       2.0945    0.0530      1.00      1.00      2.00     40.00      0.00      16.7575    0.1795     11.00     16.00     21.00     57.00      0.00
  1.0000   0.1600       11.0805    0.2171      5.00      8.00     14.00    161.00      0.00       2.7560    0.1011      1.00      1.00      3.00     97.00      0.00      16.2665    0.1713     11.00     15.00     21.00     54.00      0.00
  1.0000   0.1400       13.6245    0.2821      6.00     10.00     17.00    164.00      0.00       3.6970    0.1548      1.00      2.00      4.00    140.00      0.00      16.0040    0.1781     11.00     15.00     20.00     52.00      0.00
  1.0000   0.1200       16.8930    0.3697      7.00     12.00     21.00    237.00      0.00       5.6775    0.2140      1.00      2.00      5.00     85.00      0.00      14.9090    0.1740     10.00     14.00     19.00     55.00      0.00
  1.0000   0.1000       23.4995    0.5810      8.00     15.00     29.00    337.00      0.00       9.6835    0.3502      1.00      4.00     11.00    170.00      0.00      14.3470    0.1871     10.00     14.00     19.00     53.00      0.00
  1.0000   0.0800       38.9650    0.9281     11.00     25.00     52.00    417.00      0.00      20.9235    0.6500      2.00      8.00     28.00    281.00      0.00      13.3720    0.1913      8.00     13.00     18.00     50.00      0.00
  1.0000   0.0600       61.1915    1.4222     17.00     40.00     83.00    514.00      0.00      40.3880    1.1259      6.00     22.00     55.00    463.00      0.00      11.6725    0.2058      2.00     12.00     18.00     65.00      0.00
  1.0000   0.0400       93.8710    2.1156     24.00     61.00    135.00    643.00      0.00      68.8390    1.6750     15.00     43.00     97.00    512.00      0.00       8.1515    0.1998      0.00      5.00     15.00     44.00      0.00
  1.0000   0.0200      158.3880    3.6723     44.00    107.00    221.00   1392.00      0.00     136.4850    3.2054     35.00     90.00    188.00   1392.00      0.00       3.8935    0.1679      0.00      0.00      4.00     44.00      0.00
  0.8000   0.2000       11.2265    0.1853      6.00      9.00     14.00     90.00      0.00       1.7145    0.0350      1.00      1.00      2.00     23.00      0.00      22.7090    0.2636     15.00     21.00     29.00     91.00      0.00
  0.8000   0.1800       13.2015    0.2280      7.00     11.00     17.00     99.00      0.00       2.1825    0.0733      1.00      1.00      2.00     79.00      0.00      22.7895    0.2772     14.00     21.00     29.00     92.00      0.00
  0.8000   0.1600       15.3075    0.3065      7.00     12.00     19.00    270.00      0.00       2.7035    0.0924      1.00      1.00      3.00     56.00      0.00      21.7445    0.2752     13.00     20.00     28.00    104.00      0.00
  0.8000   0.1400       18.1575    0.3522      8.00     14.00     23.00    155.00      0.00       3.8490    0.1448      1.00      2.00      4.00     73.00      0.00      21.1540    0.2699     13.00     20.00     28.00     86.00      0.00
  0.8000   0.1200       23.0850    0.5030      9.00     17.00     29.00    224.00      0.00       6.1050    0.2510      1.00      3.00      6.00    139.00      0.00      20.4635    0.2687     12.00     19.00     27.00     82.00      0.00
  0.8000   0.1000       30.5340    0.7141     11.00     20.00     39.00    290.00      0.00      10.0030    0.3863      1.00      4.00     11.00    272.00      0.00      19.8040    0.2739     12.00     19.00     27.00     70.00      0.00
  0.8000   0.0800       45.0810    1.0220     14.00     30.00     61.00    398.00      0.00      19.6580    0.6075      3.00      9.00     27.00    257.00      0.00      17.8045    0.2852      9.00     17.00     26.00     77.00      0.00
  0.8000   0.0600       71.1655    1.7199     20.00     46.00     95.00    840.00      0.00      38.1855    1.0594      6.00     21.00     53.00    386.00      0.00      14.4345    0.2932      1.00     13.00     23.00     78.00      0.00
  0.8000   0.0400      112.7340    2.4509     32.00     80.00    160.00    881.00      0.00      75.2020    1.7579     16.00     50.00    109.00    531.00      0.00      10.5240    0.2928      0.00      3.00     19.00     84.00      0.00
  0.8000   0.0200      166.0810    3.6952     49.00    113.00    229.00   1284.00      0.00     136.9195    3.1340     37.00     95.00    188.00   1284.00      0.00       4.6300    0.2212      0.00      0.00      2.00     68.00      0.00
  0.6000   0.2000       18.0650    0.2971      9.00     15.00     24.00    111.00      0.00       1.7745    0.0479      1.00      1.00      2.00     47.00      0.00      35.9275    0.4998     20.00     32.00     48.00    160.00      0.00
  0.6000   0.1800       19.9105    0.3491      9.00     16.00     26.00    146.00      0.00       2.0675    0.0546      1.00      1.00      2.00     30.00      0.00      34.2200    0.4737     19.00     31.00     46.00    134.00      0.00
  0.6000   0.1600       23.0810    0.4257     10.00     18.00     30.00    216.00      0.00       2.7105    0.0945      1.00      1.00      3.00     64.00      0.00      32.2915    0.4610     18.00     29.00     43.00    167.00      0.00
  0.6000   0.1400       27.5335    0.5061     12.00     21.00     36.00    185.00      0.00       3.7540    0.1333      1.00      2.00      4.00     85.00      0.00      32.2170    0.4614     18.00     29.00     43.00    129.00      0.00
  0.6000   0.1200       35.0070    0.7164     14.00     26.00     46.00    337.00      0.00       6.2240    0.2543      1.00      3.00      6.00    158.00      0.00      30.0805    0.4698     15.00     27.00     41.00    177.00      0.00
  0.6000   0.1000       44.7750    0.9456     16.00     31.00     60.00    351.00      0.00      10.2110    0.3524      2.00      4.00     11.00    160.00      0.00      28.6220    0.4820     13.00     25.00     41.00    131.00      0.00
  0.6000   0.0800       61.1510    1.3523     21.00     42.00     82.00    547.00      0.00      19.8365    0.6236      3.00      9.00     25.00    320.00      0.00      24.9175    0.4746      7.00     22.00     37.00    131.00      0.00
  0.6000   0.0600       89.6025    2.0390     26.00     58.00    125.00    710.00      0.00      37.5895    1.0323      5.00     21.00     53.00    459.00      0.00      20.0855    0.4789      1.00     15.00     32.00    140.00      0.00
  0.6000   0.0400      125.2680    2.7936     39.00     86.00    171.00   1227.00      0.00      73.7820    1.8207     15.00     47.00    106.00    595.00      0.00      14.0095    0.4429      0.00      3.00     23.00    127.00      0.00
  0.6000   0.0200      176.2870    4.0906     48.00    119.00    248.00   1619.00      0.00     134.3880    3.0565     36.00     91.00    192.00   1268.00      0.00       4.8550    0.2774      0.00      0.00      2.00    104.00      0.00
  0.4000   0.2000       36.9010    0.6818     16.00     28.00     50.00    245.00      0.00       1.7190    0.0385      1.00      1.00      2.00     31.00      0.00      68.1995    1.1724     31.00     56.00     92.00    417.00      0.00
  0.4000   0.1800       41.0445    0.8096     16.00     31.00     55.00    410.00      0.00       2.1510    0.0823      1.00      1.00      2.00     88.00      0.00      64.0495    1.0990     28.00     54.00     87.00    340.00      0.00
  0.4000   0.1600       46.8290    0.8831     19.00     36.00     63.00    321.00      0.00       2.7275    0.0984      1.00      1.00      3.00     62.00      0.00      62.8120    1.0879     26.00     52.00     88.00    404.00      0.00
  0.4000   0.1400       55.3385    1.0820     21.00     42.00     75.00    410.00      0.00       3.6950    0.1376      1.00      2.00      4.00     91.00      0.00      58.2365    1.0555     23.00     48.00     81.00    416.00      0.00
  0.4000   0.1200       65.5260    1.3322     25.00     48.00     88.00    542.00      0.00       5.8730    0.2325      1.00      2.00      6.00    137.00      0.00      55.0415    1.0666     20.00     44.00     77.00    382.00      0.00
  0.4000   0.1000       79.6700    1.6611     27.00     57.00    107.00    584.00      0.00      10.6225    0.3901      2.00      4.00     12.00    212.00      0.00      47.8265    0.9722     14.00     38.00     68.00    265.00      0.00
  0.4000   0.0800      101.2870    2.1474     33.00     73.00    135.00    590.00      0.00      18.9970    0.5706      2.00      8.00     27.00    215.00      0.00      40.8445    0.9747      6.00     29.00     61.00    374.00      0.00
  0.4000   0.0600      121.6970    2.7097     37.00     83.00    167.00   1079.00      0.00      37.7610    1.0499      5.00     19.00     55.00    440.00      0.00      27.4755    0.8009      1.00     12.00     43.00    269.00      0.00
  0.4000   0.0400      160.7380    3.3408     50.00    116.00    227.00    976.00      0.00      72.6605    1.8015     15.00     47.00    103.00    618.00      0.00      16.3370    0.6572      0.00      3.00     18.00    288.00      0.00
  0.4000   0.0200      188.5445    4.3297     52.00    131.00    263.00   1433.00      0.00     129.8390    2.9609     33.00     89.00    183.00   1034.00      0.00       5.5805    0.3999      0.00      0.00      2.00    170.00      0.00
  0.2000   0.2000      120.1740    2.6624     37.00     82.00    167.00   1097.00      0.00       1.8135    0.0577      1.00      1.00      2.00     56.00      0.00     160.3940    3.6862     46.00    108.00    224.00   1351.00      0.00
  0.2000   0.1800      126.1715    2.6140     42.00     93.00    173.00    864.00      0.00       2.2895    0.0923      1.00      1.00      2.00     96.00      0.00     141.2875    3.0688     42.00    104.00    195.00   1004.00      0.00
  0.2000   0.1600      136.3040    3.0086     42.00     95.00    186.00   1044.00      0.00       2.6810    0.0911      1.00      1.00      3.00     57.00      0.00     125.9505    2.9288     33.00     86.00    177.00   1058.00      0.00
  0.2000   0.1400      147.5735    3.1947     45.00    103.00    204.00   1031.00      0.00       3.7275    0.1424      1.00      2.00      4.00    102.00      0.00     107.3755    2.5626     26.00     72.00    152.00    819.00      0.00
  0.2000   0.1200      160.3035    3.6008     45.00    113.00    219.00   1777.00      0.00       5.8285    0.2314      1.00      2.00      6.00    154.00      0.00      87.1435    2.0943     18.00     61.00    123.00    975.00      0.00
  0.2000   0.1000      170.9660    3.6734     53.00    125.00    232.00   1164.00      0.00      10.9695    0.3932      2.00      4.00     12.00    184.00      0.00      67.4800    1.7364     12.00     41.00     94.00    633.00      0.00
  0.2000   0.0800      173.1045    3.7439     51.00    122.00    246.00   1262.00      0.00      18.8550    0.5802      2.00      8.00     25.00    236.00      0.00      46.2340    1.3408      5.00     23.00     64.00    465.00      0.00
  0.2000   0.0600      182.4540    4.1767     52.00    125.00    246.00   1924.00      0.00      38.0135    1.0201      6.00     21.00     54.00    352.00      0.00      27.5550    0.9617      1.00      9.00     37.00    406.00      0.00
  0.2000   0.0400      204.3420    4.5550     55.00    145.00    286.00   1541.00      0.00      71.9895    1.7739     16.00     46.00    101.00    625.00      0.00      14.5735    0.6565      0.00      3.00     15.00    319.00      0.00
  0.2000   0.0200      197.8825    4.6179     55.00    134.00    268.00   1565.00      0.00     129.7100    3.1871     32.00     86.00    179.00   1231.00      0.00       3.4615    0.2784      0.00      0.00      1.00    214.00      0.00
