Amp Radius  OC_Mean OC_Std OC_Q1 OC_Med OC_Q3 OC_Max OC_Min  Exp_Mean Exp_Std Exp_Q1 Exp_Med Exp_Q3 Exp_Max Exp_Min  Num_Mean Num_Std Num_Q1 Num_Med Num_Q3 Num_Max Num_Min
  2.0000   0.2000        4.8305    0.0968      2.00      4.00      6.00     85.00      0.00       2.7495    0.0768      1.00      2.00      3.00     84.00      0.00       9.0465    0.0774      7.00     10.00     11.00     24.00      0.00
  2.0000   0.1800        5.2030    0.0942      2.00      4.00      6.00     46.00      0.00       3.0130    0.0727      1.00      2.00      4.00     45.00      0.00       8.7715    0.0796      6.00     10.00     11.00     27.00      0.00
  2.0000   0.1600        6.5585    0.1292      3.00      5.00      8.00     53.00      0.00       4.0820    0.1082      1.00      2.00      5.00     50.00      0.00       8.7070    0.0793      7.00     10.00     11.00     22.00      0.00
  2.0000   0.1400        8.0085    0.1840      3.00      6.00     10.00     92.00      0.00       5.3265    0.1588      1.00      3.00      7.00     91.00      0.00       8.4985    0.0772      6.00      9.00     11.00     21.00      0.00
  2.0000   0.1200       10.7530    0.2790      4.00      7.00     13.00    132.00      0.00       7.6945    0.2499      2.00      4.00      9.00    130.00      0.00       8.2395    0.0778      6.00      9.00     11.00     19.00      0.00
  2.0000   0.1000       15.4540    0.4230      5.00     10.00     19.00    194.00      0.00      12.0525    0.3925      2.00      6.00     15.00    194.00      0.00       7.9315    0.0804      6.00      9.00     10.00     20.00      0.00
  2.0000   0.0800       25.0255    0.6275      6.00     15.00     33.00    357.00      0.00      20.3880    0.5588      4.00     11.00     27.00    273.00      0.00       7.2365    0.0860      5.00      8.00     10.00     17.00      0.00
  2.0000   0.0600       44.3600    1.1511     10.00     27.00     58.00    512.00      0.00      39.4110    1.0765      7.00     23.00     52.00    512.00      0.00       6.5690    0.0962      2.00      7.00     10.00     19.00      0.00
  2.0000   0.0400       84.9530    2.0220     21.00     56.00    118.00    982.00      0.00      80.1495    1.9835     18.00     52.00    111.00    982.00      0.00       4.3520    0.0994      0.00      4.00      8.00     17.00      0.00
  2.0000   0.0200      137.5430    3.1644     38.00     97.00    190.00   1164.00      0.00     132.8975    3.0897     36.00     94.00    183.00   1160.00      0.00       1.8980    0.0748      0.00      0.00      3.00     16.00      0.00
  1.8000   0.2000        5.2970    0.0988      2.00      4.00      6.00     35.00      0.00       2.7075    0.0682      1.00      1.00      3.00     32.00      0.00       9.7005    0.0824      7.00     10.00     12.00     24.00      0.00
  1.8000   0.1800        6.0030    0.1226      3.00      4.00      8.00     78.00      0.00       3.2495    0.0883      1.00      2.00      4.00     68.00      0.00       9.5030    0.0821      7.00     10.00     12.00     23.00      0.00
  1.8000   0.1600        6.8785    0.1362      3.00      5.00      9.00     60.00      0.00       3.9355    0.0998      1.00      2.00      5.00     56.00      0.00       9.3230    0.0831      7.00     10.00     11.00     24.00      0.00
  1.8000   0.1400        8.8855    0.2022      3.00      6.00     11.00    104.00      0.00       5.5295    0.1608      1.00      3.00      7.00     91.00      0.00       8.9650    0.0819      7.00     10.00     11.00     22.00      0.00
  1.8000   0.1200       11.4005    0.2781      4.00      7.00     14.00    137.00      0.00       7.5025    0.2349      1.00      4.00      9.00    136.00      0.00       8.7215    0.0843      7.00     10.00     11.00     24.00      0.00
  1.8000   0.1000       15.6935    0.3898      5.00      9.00     20.00    150.00      0.00      11.3085    0.3481      2.00      6.00     13.00    149.00      0.00       8.2410    0.0863      6.00      9.00     11.00     22.00      0.00
  1.8000   0.0800       26.7270    0.6719      7.00     17.00     35.00    398.00      0.00      21.2195    0.5894      4.00     12.00     28.00    184.00      0.00       7.9050    0.0905      6.00      9.00     11.00     20.00      0.00
  1.8000   0.0600       45.5645    1.1188     10.00     29.00     63.00    454.00      0.00      38.8035    1.0114      7.00     23.00     54.00    394.00      0.00       6.7990    0.1015      2.00      8.00     10.00     20.00      0.00
  1.8000   0.0400       84.1675    1.9762     21.00     56.00    117.00    690.00      0.00      76.1500    1.8521     17.00     50.00    108.00    690.00      0.00       4.8735    0.1071      0.00      5.00      9.00     25.00      0.00
  1.8000   0.0200      139.2155    3.3053     37.00     93.00    194.00   1210.00      0.00     135.3265    3.2601     35.00     91.00    185.00   1210.00      0.00       2.0365    0.0804      0.00      0.00      4.00     16.00      0.00
  1.6000   0.2000        5.7745    0.1064      3.00      4.00      7.00     55.00      0.00       2.7035    0.0658      1.00      2.00      3.00     34.00      0.00      10.4540    0.0898      8.00     10.00     13.00     32.00      0.00
  1.6000   0.1800        6.6635    0.1331      3.00      5.00      8.00     58.00      0.00       3.1250    0.0773      1.00      2.00      4.00     47.00      0.00      10.2055    0.0899      8.00     10.00     12.00     28.00      0.00
  1.6000   0.1600        7.7065    0.1674      3.00      6.00     10.00     92.00      0.00       3.8640    0.1120      1.00      2.00      5.00     74.00      0.00      10.1505    0.0896      8.00     10.00     12.00     26.00      0.00
  1.6000   0.1400        9.9520    0.2452      4.00      7.00     12.00    182.00      0.00       5.2665    0.1795      1.00      3.00      6.00    180.00      0.00       9.7245    0.0921      7.00     10.00     12.00     28.00      0.00
  1.6000   0.1200       12.5760    0.3032      4.00      8.00     15.00    138.00      0.00       7.6310    0.2377      2.00      4.00      9.00    110.00      0.00       9.6275    0.0922      7.00     10.00     12.00     26.00      0.00
  1.6000   0.1000       17.1580    0.4140      5.00     11.00     22.00    216.00      0.00      10.7835    0.3105      2.00      6.00     14.00    155.00      0.00       9.1445    0.0999      7.00     10.00     11.00     26.00      0.00
  1.6000   0.0800       29.1080    0.7499      8.00     18.00     38.00    348.00      0.00      21.5800    0.6515      4.00     11.00     29.00    348.00      0.00       8.3800    0.1086      6.00      9.00     11.00     26.00      0.00
  1.6000   0.0600       51.3350    1.2212     12.00     33.00     72.00    425.00      0.00      41.0925    1.0326      7.00     25.00     59.00    342.00      0.00       7.3435    0.1133      2.00      8.00     11.00     24.00      0.00
  1.6000   0.0400       92.0565    2.1788     22.00     62.00    129.00    813.00      0.00      80.7275    1.9981     17.00     53.00    115.00    802.00      0.00       5.2910    0.1181      0.00      6.00     10.00     27.00      0.00
  1.6000   0.0200      149.6040    3.3672     41.00    103.00    209.00   1200.00      0.00     141.8510    3.2206     39.00     97.00    199.00   1200.00      0.00       2.3915    0.0940      0.00      0.00      5.00     23.00      0.00
  1.4000   0.2000        6.6710    0.1268      3.00      5.00      8.00     52.00      0.00       2.7700    0.0715      1.00      1.00      3.00     34.00      0.00      11.6255    0.1157      9.00     11.00     14.00     39.00      0.00
  1.4000   0.1800        7.4920    0.1520      3.00      6.00      9.00     83.00      0.00       3.2340    0.0870      1.00      2.00      4.00     48.00      0.00      11.4785    0.1073      9.00     11.00     14.00     34.00      0.00
  1.4000   0.1600        9.2055    0.2043      4.00      7.00     11.00     99.00      0.00       4.1190    0.1225      1.00      2.00      5.00     99.00      0.00      11.3505    0.1099      9.00     11.00     14.00     35.00      0.00
  1.4000   0.1400       11.0310    0.2492      4.00      8.00     13.00    132.00      0.00       5.3545    0.1761      1.00      3.00      6.00    114.00      0.00      10.8860    0.1081      8.00     11.00     13.00     35.00      0.00
  1.4000   0.1200       13.9950    0.3679      5.00      9.00     17.00    278.00      0.00       7.3475    0.2648      2.00      4.00      9.00    273.00      0.00      10.7530    0.1130      8.00     11.00     13.00     36.00      0.00
  1.4000   0.1000       20.8870    0.5570      6.00     13.00     27.00    504.00      0.00      12.6205    0.4512      2.00      6.00     16.00    503.00      0.00      10.3520    0.1187      8.00     10.00     13.00     32.00      0.00
  1.4000   0.0800       30.3630    0.7505      8.00     19.00     40.00    316.00      0.00      20.6060    0.5993      3.00     11.00     27.00    270.00      0.00       9.4190    0.1222      7.00     10.00     12.00     28.00      0.00
  1.4000   0.0600       53.8100    1.2653     13.00     36.00     75.00    489.00      0.00      40.7910    1.0454      7.00     25.00     58.00    489.00      0.00       8.0445    0.1369      1.00      9.00     12.00     32.00      0.00
  1.4000   0.0400       91.1240    2.1720     23.00     60.00    130.00    841.00      0.00      76.6495    1.8911     17.00     50.00    110.00    841.00      0.00       5.8315    0.1374      0.00      5.00     11.00     29.00      0.00
  1.4000   0.0200      146.6385    3.2845     44.00    102.00    199.00   1090.00      0.00     135.9060    3.0554     40.00     96.00    188.00   1090.00      0.00       2.7160    0.1127      0.00      0.00      3.00     26.00      0.00
  1.2000   0.2000        8.1250    0.1715      3.00      6.00     10.00     81.00      0.00       2.7855    0.0693      1.00      1.00      3.00     34.00      0.00      13.8595    0.1366     10.00     13.00     18.00     38.00      0.00
  1.2000   0.1800        8.7080    0.1705      4.00      6.00     11.00     76.00      0.00       3.1340    0.0769      1.00      2.00      4.00     31.00      0.00      13.3060    0.1383     10.00     13.00     17.00     37.00      0.00
  1.2000   0.1600       10.6135    0.2201      4.00      8.00     14.00    100.00      0.00       4.0110    0.1237      1.00      2.00      5.00     78.00      0.00      13.4270    0.1349     10.00     13.00     17.00     37.00      0.00
  1.2000   0.1400       12.6100    0.3008      5.00      9.00     15.00    158.00      0.00       5.1550    0.1556      1.00      3.00      6.00    104.00      0.00      13.1255    0.1383     10.00     12.00     17.00     50.00      0.00
  1.2000   0.1200       17.0040    0.3893      6.00     12.00     21.00    154.00      0.00       7.7160    0.2511      2.00      4.00      9.00    136.00      0.00      12.6435    0.1413      9.00     12.00     16.00     43.00      0.00
  1.2000   0.1000       22.6020    0.5539      7.00     14.00     29.00    246.00      0.00      11.4365    0.3648      2.00      6.00     13.00    156.00      0.00      12.0715    0.1472      9.00     12.00     16.00     40.00      0.00
  1.2000   0.0800       34.9060    0.8308     10.00     22.00     47.00    338.00      0.00      20.5370    0.5969      3.00     11.00     27.00    318.00      0.00      11.0105    0.1546      7.00     11.00     15.00     46.00      0.00
  1.2000   0.0600       59.3230    1.4190     15.00     38.00     83.00    600.00      0.00      40.0005    1.0181      7.00     24.00     56.00    369.00      0.00       9.5710    0.1663      1.00     10.00     14.00     47.00      0.00
  1.2000   0.0400       99.2640    2.2254     26.00     68.00    142.00   1015.00      0.00      80.0875    1.8612     19.00     52.00    117.00    768.00      0.00       6.7945    0.1672      0.00      5.00     12.00     36.00      0.00
  1.2000   0.0200      156.4810    3.5800     40.00    108.00    216.00   1051.00      0.00     140.2185    3.2019     34.00     96.00    199.00    985.00      0.00       2.8685    0.1274      0.00      0.00      2.00     42.00      0.00
  1.0000   0.2000        9.4385    0.1803      4.00      7.00     12.00     71.00      0.00       2.7330    0.0703      1.00      1.00      3.00     60.00      0.00      17.3280    0.1882     11.00     16.00     22.00     59.00      0.00
  1.0000   0.1800       10.7245    0.2205      5.00      8.00     14.00    148.00      0.00       3.2155    0.0868      1.00      2.00      4.00     47.00      0.00      16.8390    0.1846     11.00     16.00     22.00     59.00      0.00
  1.0000   0.1600       12.9230    0.2664      5.00      9.00     17.00    107.00      0.00       4.0200    0.1169      1.00      2.00      5.00     79.00      0.00      16.6140    0.1912     11.00     16.00     21.00     55.00      0.00
  1.0000   0.1400       16.0410    0.3609      6.00     11.00     21.00    158.00      0.00       5.4485    0.1758      1.00      3.00      6.00    120.00      0.00      15.9010    0.1877     10.00     15.00     21.00     48.00      0.00
  1.0000   0.1200       20.1930    0.4747      7.00     13.00     26.00    298.00      0.00       7.3870    0.2353      2.00      4.00      9.00    145.00      0.00      15.6915    0.1915     11.00     15.00     21.00     53.00      0.00
  1.0000   0.1000       28.1200    0.6432      9.00     19.00     37.00    264.00      0.00      11.8265    0.3577      2.00      6.00     15.00    189.00      0.00      14.7780    0.1922     10.00     14.00     20.00     49.00      0.00
  1.0000   0.0800       42.3690    0.9892     12.00     27.00     59.00    320.00      0.00      21.8175    0.6596      3.00     11.00     29.00    252.00      0.00      14.3135    0.2064      8.00     14.00     20.00     61.00      0.00
  1.0000   0.0600       62.8140    1.4465     17.00     43.00     86.00    527.00      0.00      40.8895    1.0561      8.00     25.00     58.00    398.00      0.00      11.3290    0.2168      1.00     11.00     18.00     58.00      0.00
  1.0000   0.0400      107.8310    2.5017     29.00     73.00    151.00   1079.00      0.00      79.5710    2.0060     18.00     51.00    110.00   1075.00      0.00       7.9825    0.2142      0.00      2.00     15.00     53.00      0.00
  1.0000   0.0200      152.9865    3.4177     41.00    106.00    214.00   1074.00      0.00     134.8455    3.1483     34.00     93.00    184.00   1073.00      0.00       3.3285    0.1577      0.00      0.00      1.00     49.00      0.00
  0.8000   0.2000       12.3175    0.2519      5.00      9.00     16.00    190.00      0.00       2.5795    0.0596      1.00      1.00      3.00     31.00      0.00      22.8045    0.2758     14.00     21.00     30.00     75.00      0.00
  0.8000   0.1800       14.7345    0.2999      6.00     11.00     19.00    105.00      0.00       3.2755    0.0861      1.00      2.00      4.00     48.00      0.00      22.6845    0.2762     14.00     21.00     30.00     86.00      0.00
  0.8000   0.1600       17.3790    0.3755      7.00     12.00     22.00    188.00      0.00       4.0800    0.1186      1.00      2.00      5.00     83.00      0.00      22.2605    0.2749     14.00     21.00     30.00     73.00      0.00
  0.8000   0.1400       20.9290    0.4496      8.00     14.00     27.00    179.00      0.00       5.1705    0.1509      1.00      3.00      7.00     72.00      0.00      21.3735    0.2768     13.00     20.00     29.00     91.00      0.00
  0.8000   0.1200       26.3615    0.5926      9.00     19.00     34.00    409.00      0.00       7.2105    0.2144      2.00      4.00      9.00    131.00      0.00      21.0365    0.2862     12.00     20.00     29.00     85.00      0.00
  0.8000   0.1000       34.6355    0.7758     12.00     24.00     46.00    379.00      0.00      11.3015    0.3362      2.00      6.00     14.00    155.00      0.00      19.3335    0.2980     10.00     18.00     27.00     93.00      0.00
  0.8000   0.0800       52.4285    1.2219     16.00     35.00     72.00    682.00      0.00      21.6395    0.6067      4.00     11.00     29.00    277.00      0.00      17.4795    0.3051      6.00     16.00     26.00     86.00      0.00
  0.8000   0.0600       74.9175    1.7533     21.00     49.00    105.00    765.00      0.00      40.2570    1.1181      7.00     22.00     56.00    458.00      0.00      14.6280    0.3008      1.00     13.00     24.00     66.00      0.00
  0.8000   0.0400      114.1875    2.6459     28.00     76.00    158.00    917.00      0.00      77.1285    1.9197     15.00     50.00    110.00    818.00      0.00       9.8870    0.2920      0.00      2.00     18.00     82.00      0.00
  0.8000   0.0200      165.8980    3.7777     48.00    113.00    222.00   1466.00      0.00     137.6955    3.2161     37.00     94.00    190.00   1276.00      0.00       4.1210    0.2175      0.00      0.00      1.00     78.00      0.00
  0.6000   0.2000       17.5400    0.3342      8.00     13.00     23.00    176.00      0.00       2.7070    0.0665      1.00      1.00      3.00     30.00      0.00      35.1490    0.4684     20.00     32.00     47.00    131.00      0.00
  0.6000   0.1800       20.8945    0.4112      9.00     15.00     27.00    141.00      0.00       3.2275    0.0795      1.00      2.00      4.00     44.00      0.00      34.1830    0.4717     19.00     31.00     46.00    140.00      0.00
  0.6000   0.1600       25.1745    0.5274     10.00     18.00     33.00    263.00      0.00       3.9840    0.1044      1.00      2.00      5.00     57.00      0.00      33.2235    0.4647     19.00     31.00     45.00    117.00      0.00
  0.6000   0.1400       29.1270    0.6217     11.00     21.00     39.00    273.00      0.00       5.0875    0.1535      1.00      3.00      6.00     98.00      0.00      32.3595    0.4973     16.00     29.00     45.00    160.00      0.00
  0.6000   0.1200       36.0425    0.7517     13.00     26.00     49.00    353.00      0.00       7.2160    0.2318      2.00      4.00      9.00    124.00      0.00      31.2440    0.4895     16.00     28.00     43.00    148.00      0.00
  0.6000   0.1000       47.3615    1.0081     16.00     34.00     64.00    355.00      0.00      11.1295    0.3381      2.00      6.00     13.00    162.00      0.00      29.3520    0.5059     12.00     26.00     43.00    136.00      0.00
  0.6000   0.0800       63.8415    1.4551     19.00     43.00     87.00    634.00      0.00      20.7015    0.6380      4.00     10.00     27.00    341.00      0.00      25.3155    0.4862      5.00     23.00     39.00    129.00      0.00
  0.6000   0.0600       92.5635    2.1098     27.00     63.00    126.00    849.00      0.00      41.2590    1.0631      8.00     25.00     58.00    349.00      0.00      20.3450    0.4874      1.00     14.00     34.00    131.00      0.00
  0.6000   0.0400      130.9715    2.9394     41.00     90.00    179.00   1249.00      0.00      75.6835    1.8965     16.00     50.00    106.00    790.00      0.00      13.2265    0.4426      0.00      2.00     22.00    135.00      0.00
  0.6000   0.0200      178.3465    4.1170     51.00    123.00    241.00   1565.00      0.00     141.0245    3.2827     37.00     97.00    192.00   1480.00      0.00       5.0410    0.2949      0.00      0.00      1.00    100.00      0.00
  0.4000   0.2000       32.9880    0.6379     14.00     25.00     42.00    264.00      0.00       2.7005    0.0754      1.00      1.00      3.00     72.00      0.00      64.5010    1.0736     31.00     55.00     87.00    422.00      0.00
  0.4000   0.1800       36.7425    0.6973     16.00     28.00     49.00    222.00      0.00       3.1480    0.0758      1.00      2.00      4.00     31.00      0.00      63.5355    1.0646     29.00     55.00     88.00    308.00      0.00
  0.4000   0.1600       42.2870    0.8525     16.00     31.00     57.00    328.00      0.00       3.8245    0.1016      1.00      2.00      5.00     47.00      0.00      59.8290    1.0807     24.00     51.00     85.00    359.00      0.00
  0.4000   0.1400       51.2985    1.0778     19.00     37.00     69.00    366.00      0.00       5.2205    0.1551      1.00      3.00      6.00     80.00      0.00      55.8865    1.0035     21.00     49.00     79.00    340.00      0.00
  0.4000   0.1200       60.2880    1.2295     22.00     45.00     81.00    436.00      0.00       7.7320    0.2408      2.00      4.00      9.00    119.00      0.00      52.3830    1.0181     16.00     43.00     76.00    282.00      0.00
  0.4000   0.1000       75.9795    1.6455     26.00     53.00    103.00    731.00      0.00      12.0445    0.3826      2.00      6.00     14.00    196.00      0.00      47.4980    1.0197      8.00     37.00     73.00    325.00      0.00
  0.4000   0.0800       98.6790    2.1180     32.00     71.00    134.00    802.00      0.00      21.2230    0.6258      4.00     11.00     28.00    294.00      0.00      40.8545    0.9920      5.00     27.00     64.00    261.00      0.00
  0.4000   0.0600      123.7545    2.6183     39.00     89.00    172.00    841.00      0.00      41.4415    1.0643      8.00     25.00     58.00    417.00      0.00      28.0935    0.8635      1.00     10.00     44.00    242.00      0.00
  0.4000   0.0400      153.8500    3.3777     44.00    109.00    216.00   1421.00      0.00      78.3900    1.9091     18.00     50.00    111.00    682.00      0.00      17.3885    0.7501      0.00      2.00     19.00    277.00      0.00
  0.4000   0.0200      190.9465    4.2417     52.00    133.00    265.00   1316.00      0.00     142.1305    3.3492     39.00     98.00    195.00   1182.00      0.00       5.2850    0.4362      0.00      0.00      1.00    319.00      0.00
  0.2000   0.2000      100.6170    2.1870     33.00     71.00    137.00    923.00      0.00       2.6675    0.0628      1.00      1.00      3.00     28.00      0.00     164.8165    3.7827     43.00    114.00    232.00   1575.00      0.00
  0.2000   0.1800      112.5450    2.5844     34.00     75.00    152.00    862.00      0.00       3.3385    0.0902      1.00      2.00      4.00     55.00      0.00     150.7570    3.5876     38.00    100.00    207.00   1125.00      0.00
  0.2000   0.1600      120.6070    2.6279     37.00     86.00    166.00    777.00      0.00       4.0155    0.1104      1.00      2.00      5.00     64.00      0.00     134.7495    3.2412     32.00     89.00    192.00   1273.00      0.00
  0.2000   0.1400      130.8555    3.0103     39.00     90.00    174.00   1220.00      0.00       4.9905    0.1460      1.00      3.00      6.00     81.00      0.00     112.7905    2.8839     20.00     72.00    159.00   1002.00      0.00
  0.2000   0.1200      142.1820    3.0634     46.00    100.00    195.00   1227.00      0.00       7.3560    0.2220      1.00      4.00      9.00    128.00      0.00      92.8180    2.3689     14.00     58.00    133.00    753.00      0.00
  0.2000   0.1000      151.0300    3.4090     44.00    103.00    209.00   1277.00      0.00      11.4855    0.3590      2.00      6.00     14.00    168.00      0.00      75.0765    2.2709      7.00     36.00    103.00    930.00      0.00
  0.2000   0.0800      167.6005    3.7773     47.00    114.00    232.00   1153.00      0.00      20.4715    0.5868      3.00     11.00     27.00    247.00      0.00      52.6480    1.8147      4.00     19.00     71.00   1079.00      0.00
  0.2000   0.0600      178.0010    4.0076     49.00    119.00    244.00   1559.00      0.00      40.7130    1.0632      7.00     22.00     58.00    277.00      0.00      31.8460    1.3507      1.00      6.00     34.00    523.00      0.00
  0.2000   0.0400      192.5730    4.3509     57.00    129.00    266.00   2000.00      0.00      77.0410    1.8282     19.00     52.00    109.00    640.00      0.00      15.0480    0.8696      0.00      2.00     11.00    446.00      0.00
  0.2000   0.0200      196.3175    4.4874     58.00    134.00    270.00   2000.00      0.00     138.3945    3.1841     38.00     94.00    195.00   1273.00      0.00       4.1475    0.3974      0.00      0.00      1.00    281.00      0.00
