Amp Radius  OC_Mean OC_Std OC_Q1 OC_Med OC_Q3 OC_Max OC_Min  Exp_Mean Exp_Std Exp_Q1 Exp_Med Exp_Q3 Exp_Max Exp_Min  Num_Mean Num_Std Num_Q1 Num_Med Num_Q3 Num_Max Num_Min
  2.0000   0.2000        4.6740    0.0858      2.00      4.00      6.00     50.00      0.00       2.5385    0.0673      1.00      1.00      3.00     49.00      0.00       9.0195    0.0780      7.00     10.00     11.00     20.00      0.00
  2.0000   0.1800        5.0520    0.0985      2.00      4.00      6.00     55.00      0.00       2.9035    0.0812      1.00      2.00      3.00     50.00      0.00       8.8200    0.0755      7.00     10.00     11.00     20.00      0.00
  2.0000   0.1600        6.1685    0.1370      3.00      4.00      8.00     89.00      0.00       3.6005    0.1080      1.00      2.00      4.00     87.00      0.00       8.8110    0.0771      7.00     10.00     11.00     23.00      0.00
  2.0000   0.1400        7.7025    0.1990      3.00      5.00      9.00    138.00      0.00       4.9330    0.1787      1.00      3.00      6.00    135.00      0.00       8.6295    0.0739      7.00      9.00     11.00     22.00      0.00
  2.0000   0.1200        9.7035    0.2599      3.00      6.00     12.00    160.00      0.00       6.8275    0.2398      1.00      3.00      8.00    159.00      0.00       8.2340    0.0769      6.00      9.00     11.00     21.00      0.00
  2.0000   0.1000       15.2620    0.4340      4.00      8.00     18.00    196.00      0.00      11.6865    0.4011      2.00      5.00     13.00    195.00      0.00       7.9300    0.0813      6.00      9.00     10.00     25.00      0.00
  2.0000   0.0800       26.1970    0.7031      6.00     14.00     34.00    286.00      0.00      21.9050    0.6610      3.00     11.00     29.00    285.00      0.00       7.3450    0.0868      5.00      8.00     10.00     20.00      0.00
  2.0000   0.0600       45.2550    1.1319      9.00     27.00     64.00    423.00      0.00      40.3450    1.0685      6.00     24.00     58.00    384.00      0.00       6.1790    0.0930      2.00      7.00     10.00     22.00      0.00
  2.0000   0.0400       82.7355    1.9669     19.00     56.00    115.00    684.00      0.00      76.8025    1.8667     16.00     50.00    106.00    674.00      0.00       4.6280    0.0992      0.00      5.00      9.00     18.00      0.00
  2.0000   0.0200      140.9600    3.2426     36.00     92.00    202.00   1324.00      0.00     136.7630    3.1895     34.00     89.00    196.00   1324.00      0.00       1.9780    0.0772      0.00      0.00      4.00     15.00      0.00
  1.8000   0.2000        4.9440    0.0926      2.00      4.00      6.00     62.00      0.00       2.4935    0.0614      1.00      1.00      3.00     35.00      0.00       9.5700    0.0830      7.00     10.00     12.00     26.00      0.00
  1.8000   0.1800        5.4910    0.1120      3.00      4.00      7.00     95.00      0.00       2.8545    0.0876      1.00      2.00      3.00     94.00      0.00       9.4095    0.0815      7.00     10.00     11.00     24.00      0.00
  1.8000   0.1600        6.6615    0.1362      3.00      5.00      8.00     68.00      0.00       3.6335    0.1032      1.00      2.00      5.00     67.00      0.00       9.2015    0.0836      7.00     10.00     11.00     24.00      0.00
  1.8000   0.1400        8.0725    0.1759      3.00      6.00     10.00     89.00      0.00       4.8025    0.1447      1.00      3.00      6.00     88.00      0.00       9.0435    0.0778      7.00     10.00     11.00     23.00      0.00
  1.8000   0.1200       10.7765    0.2763      4.00      7.00     13.00    126.00      0.00       6.9920    0.2419      1.00      4.00      8.00    111.00      0.00       8.7455    0.0823      7.00      9.00     11.00     22.00      0.00
  1.8000   0.1000       16.4160    0.4314      5.00     10.00     20.00    240.00      0.00      11.9265    0.3887      2.00      6.00     15.00    239.00      0.00       8.3345    0.0861      6.00      9.00     11.00     23.00      0.00
  1.8000   0.0800       27.4025    0.7150      7.00     16.00     37.00    330.00      0.00      22.2680    0.6575      3.00     11.00     30.00    280.00      0.00       7.8610    0.0917      6.00      9.00     11.00     22.00      0.00
  1.8000   0.0600       48.8885    1.2737     10.00     30.00     68.00    560.00      0.00      42.4375    1.1669      6.00     23.00     61.00    530.00      0.00       6.6785    0.1023      2.00      7.00     10.00     21.00      0.00
  1.8000   0.0400       87.3280    1.9748     23.00     63.00    120.00    938.00      0.00      79.6410    1.8341     19.00     56.00    112.00    938.00      0.00       4.8810    0.1078      0.00      5.00      9.00     22.00      0.00
  1.8000   0.0200      144.6795    3.3501     40.00    101.00    196.00   1282.00      0.00     139.1375    3.2649     37.00     96.00    190.00   1282.00      0.00       1.9625    0.0805      0.00      0.00      2.00     19.00      0.00
  1.6000   0.2000        5.4635    0.0994      3.00      4.00      7.00     60.00      0.00       2.5000    0.0666      1.00      1.00      3.00     40.00      0.00      10.4770    0.0960      8.00     11.00     13.00     27.00      0.00
  1.6000   0.1800        6.3325    0.1196      3.00      5.00      8.00     54.00      0.00       2.9645    0.0795      1.00      2.00      4.00     52.00      0.00      10.1265    0.0916      8.00     10.00     12.00     27.00      0.00
  1.6000   0.1600        7.5565    0.1699      3.00      5.00      9.00     91.00      0.00       3.8840    0.1217      1.00      2.00      5.00     90.00      0.00       9.8660    0.0927      7.00     10.00     12.00     28.00      0.00
  1.6000   0.1400        8.9805    0.2278      3.00      6.00     11.00    148.00      0.00       4.7675    0.1692      1.00      2.00      5.00    100.00      0.00       9.5910    0.0940      7.00     10.00     12.00     24.00      0.00
  1.6000   0.1200       12.1780    0.3219      4.00      8.00     15.00    172.00      0.00       7.3465    0.2658      1.00      4.00      8.00    134.00      0.00       9.5360    0.0971      7.00     10.00     12.00     27.00      0.00
  1.6000   0.1000       17.0920    0.4705      5.00     10.00     21.00    261.00      0.00      11.2960    0.3882      2.00      5.00     13.00    259.00      0.00       8.9835    0.0957      7.00     10.00     11.00     25.00      0.00
  1.6000   0.0800       28.4735    0.7113      7.00     17.00     39.00    390.00      0.00      21.8460    0.6435      3.00     10.00     30.00    340.00      0.00       8.3185    0.1043      6.00      9.00     11.00     27.00      0.00
  1.6000   0.0600       53.4765    1.3648     11.00     33.00     74.00    620.00      0.00      44.2480    1.2189      7.00     25.00     63.00    620.00      0.00       7.1095    0.1137      1.00      8.00     11.00     25.00      0.00
  1.6000   0.0400       86.2305    2.0111     22.00     58.00    119.00    871.00      0.00      77.2605    1.8326     17.00     50.00    110.00    549.00      0.00       5.3975    0.1202      0.00      6.00     10.00     23.00      0.00
  1.6000   0.0200      145.5315    3.4342     36.00     98.00    198.00   1235.00      0.00     136.8065    3.1938     33.00     93.00    189.00   1013.00      0.00       2.2985    0.0922      0.00      0.00      4.00     21.00      0.00
  1.4000   0.2000        6.2220    0.1150      3.00      5.00      8.00     49.00      0.00       2.2945    0.0557      1.00      1.00      3.00     29.00      0.00      11.7710    0.1068      9.00     11.00     14.00     32.00      0.00
  1.4000   0.1800        6.8945    0.1238      3.00      5.00      9.00     52.00      0.00       2.8035    0.0727      1.00      2.00      3.00     33.00      0.00      11.5280    0.1071      9.00     11.00     14.00     31.00      0.00
  1.4000   0.1600        8.1030    0.1668      4.00      6.00     10.00     91.00      0.00       3.4935    0.0984      1.00      2.00      4.00     52.00      0.00      11.1440    0.1080      8.00     11.00     14.00     34.00      0.00
  1.4000   0.1400       10.1180    0.2218      4.00      7.00     13.00    118.00      0.00       4.7510    0.1479      1.00      3.00      6.00     78.00      0.00      11.0600    0.1098      8.00     11.00     14.00     32.00      0.00
  1.4000   0.1200       13.3235    0.3189      5.00      9.00     16.00    145.00      0.00       6.8725    0.2279      1.00      4.00      8.00    114.00      0.00      10.7745    0.1094      8.00     11.00     13.00     32.00      0.00
  1.4000   0.1000       19.0800    0.5269      6.00     12.00     24.00    357.00      0.00      11.6995    0.4659      2.00      5.00     13.00    356.00      0.00      10.1230    0.1135      7.00     10.00     13.00     30.00      0.00
  1.4000   0.0800       31.2605    0.7929      9.00     19.00     41.00    330.00      0.00      21.4215    0.6471      3.00     11.00     29.00    327.00      0.00       9.3260    0.1229      6.00     10.00     13.00     30.00      0.00
  1.4000   0.0600       52.4860    1.2600     12.00     33.00     74.00    416.00      0.00      41.1980    1.0802      7.00     25.00     58.00    414.00      0.00       8.0970    0.1323      1.00      9.00     12.00     30.00      0.00
  1.4000   0.0400       90.7315    2.0828     24.00     63.00    124.00    698.00      0.00      77.0990    1.8470     18.00     52.00    108.00    667.00      0.00       5.8990    0.1397      0.00      5.00     11.00     35.00      0.00
  1.4000   0.0200      149.7470    3.3973     42.00    103.00    211.00   1152.00      0.00     140.8005    3.2699     38.00     97.00    192.00   1152.00      0.00       2.5625    0.1080      0.00      0.00      2.00     26.00      0.00
  1.2000   0.2000        7.2700    0.1307      3.00      6.00      9.00     66.00      0.00       2.3200    0.0516      1.00      1.00      3.00     19.00      0.00      13.7120    0.1367     10.00     13.00     17.00     42.00      0.00
  1.2000   0.1800        8.3500    0.1606      4.00      6.00     10.00     79.00      0.00       2.8500    0.0718      1.00      2.00      3.00     42.00      0.00      13.5255    0.1368     10.00     13.00     17.00     50.00      0.00
  1.2000   0.1600       10.0330    0.2271      4.00      7.00     13.00    176.00      0.00       3.8050    0.1489      1.00      2.00      4.00    174.00      0.00      13.1110    0.1360     10.00     12.00     17.00     40.00      0.00
  1.2000   0.1400       12.3785    0.2954      5.00      9.00     15.00    239.00      0.00       4.8025    0.1441      1.00      3.00      6.00     77.00      0.00      12.7255    0.1360      9.00     12.00     16.00     41.00      0.00
  1.2000   0.1200       15.8675    0.3820      6.00     11.00     20.00    209.00      0.00       6.9150    0.2282      1.00      4.00      8.00    129.00      0.00      12.3950    0.1360      9.00     12.00     16.00     40.00      0.00
  1.2000   0.1000       22.6075    0.5690      7.00     14.00     28.00    255.00      0.00      11.7630    0.3791      2.00      6.00     14.00    171.00      0.00      11.8330    0.1471      8.00     12.00     16.00     39.00      0.00
  1.2000   0.0800       34.6180    0.8651      9.00     22.00     47.00    456.00      0.00      21.6275    0.6435      3.00     11.00     29.00    318.00      0.00      10.9640    0.1527      7.00     11.00     15.00     37.00      0.00
  1.2000   0.0600       57.5820    1.3279     15.00     39.00     81.00    479.00      0.00      41.1545    1.0646      7.00     25.00     58.00    472.00      0.00       9.3965    0.1678      1.00     10.00     14.00     38.00      0.00
  1.2000   0.0400       93.0760    2.2089     23.00     61.00    130.00    861.00      0.00      75.3315    1.8742     16.00     47.00    105.00    698.00      0.00       7.1915    0.1691      0.00      6.00     13.00     41.00      0.00
  1.2000   0.0200      153.1635    3.4488     42.00    104.00    207.00   1034.00      0.00     140.0680    3.2232     36.00     94.00    192.00   1029.00      0.00       2.8865    0.1233      0.00      0.00      2.00     32.00      0.00
  1.0000   0.2000        8.9020    0.1684      4.00      7.00     11.00     73.00      0.00       2.4170    0.0576      1.00      1.00      3.00     29.00      0.00      16.8850    0.1871     11.00     16.00     22.00     59.00      0.00
  1.0000   0.1800       10.8430    0.2078      5.00      8.00     14.00     82.00      0.00       2.9845    0.0795      1.00      2.00      4.00     46.00      0.00      16.8190    0.1861     11.00     16.00     22.00     62.00      0.00
  1.0000   0.1600       12.7210    0.2692      5.00      9.00     16.00    124.00      0.00       3.7675    0.1114      1.00      2.00      5.00     60.00      0.00      16.5365    0.1869     11.00     16.00     21.00     48.00      0.00
  1.0000   0.1400       15.1205    0.3342      6.00     11.00     19.00    131.00      0.00       4.6900    0.1637      1.00      2.00      5.00    126.00      0.00      16.2840    0.1882     11.00     15.00     21.00     54.00      0.00
  1.0000   0.1200       19.1190    0.4119      7.00     13.00     25.00    173.00      0.00       6.7890    0.2227      1.00      4.00      8.00    127.00      0.00      15.5400    0.1845     11.00     15.00     20.00     51.00      0.00
  1.0000   0.1000       27.2365    0.6463      8.00     17.00     36.00    343.00      0.00      11.6630    0.3822      2.00      5.00     13.00    186.00      0.00      14.8610    0.1988     10.00     14.00     20.00     58.00      0.00
  1.0000   0.0800       40.9595    0.9321     11.00     27.00     56.00    353.00      0.00      22.8570    0.6650      4.00     11.00     31.00    224.00      0.00      13.2705    0.2061      7.00     13.00     19.00     53.00      0.00
  1.0000   0.0600       61.9280    1.3900     18.00     42.00     84.00    452.00      0.00      40.1640    1.0398      7.00     24.00     57.00    422.00      0.00      11.1965    0.2125      1.00     11.00     18.00     55.00      0.00
  1.0000   0.0400      105.3600    2.5296     26.00     69.00    140.00    862.00      0.00      77.6575    2.0079     15.00     48.00    105.00    857.00      0.00       7.9490    0.2062      0.00      4.00     14.00     52.00      0.00
  1.0000   0.0200      157.0035    3.5342     47.00    108.00    216.00   1220.00      0.00     140.5965    3.2310     39.00     95.00    194.00   1216.00      0.00       3.5880    0.1634      0.00      0.00      2.00     39.00      0.00
  0.8000   0.2000       12.1855    0.2201      6.00      9.00     16.00     88.00      0.00       2.5725    0.0628      1.00      1.00      3.00     31.00      0.00      23.0660    0.2737     15.00     22.00     30.00     82.00      0.00
  0.8000   0.1800       13.7645    0.2623      6.00     10.00     18.00    127.00      0.00       2.9470    0.0818      1.00      2.00      4.00     54.00      0.00      22.7790    0.2578     15.00     22.00     30.00     71.00      0.00
  0.8000   0.1600       16.3060    0.3718      6.00     12.00     20.00    242.00      0.00       3.5830    0.1098      1.00      2.00      4.00     95.00      0.00      21.8845    0.2800     13.00     20.00     29.00     81.00      0.00
  0.8000   0.1400       19.1985    0.4305      7.00     13.00     25.00    321.00      0.00       4.7035    0.1550      1.00      2.00      5.00     79.00      0.00      21.0350    0.2778     12.00     20.00     28.00     74.00      0.00
  0.8000   0.1200       24.1615    0.5155      9.00     17.00     32.00    183.00      0.00       6.5950    0.2065      1.00      3.00      8.00     89.00      0.00      20.4090    0.2748     12.00     19.00     27.00     80.00      0.00
  0.8000   0.1000       33.4780    0.7631     11.00     23.00     43.00    351.00      0.00      11.4665    0.4083      2.00      5.00     13.00    351.00      0.00      19.4570    0.2861     11.00     19.00     28.00     80.00      0.00
  0.8000   0.0800       49.1810    1.1363     14.00     33.00     67.00    568.00      0.00      21.9395    0.6146      4.00     12.00     30.00    263.00      0.00      17.8055    0.3051      7.00     17.00     26.00     85.00      0.00
  0.8000   0.0600       75.0485    1.7639     20.00     49.00    103.00    845.00      0.00      40.5920    1.0755      7.00     24.00     57.00    405.00      0.00      14.7960    0.3065      1.00     13.00     24.00     78.00      0.00
  0.8000   0.0400      115.4425    2.6051     31.00     78.00    161.00    960.00      0.00      78.0725    1.8711     17.00     50.00    114.00    614.00      0.00      10.1625    0.2882      0.00      3.00     18.00     70.00      0.00
  0.8000   0.0200      158.3575    3.5330     42.00    109.00    221.00   1041.00      0.00     132.9765    3.0469     33.00     92.00    184.00   1016.00      0.00       4.3015    0.2126      0.00      0.00      1.00     58.00      0.00
  0.6000   0.2000       17.8160    0.3626      8.00     14.00     22.00    217.00      0.00       2.4890    0.0619      1.00      1.00      3.00     43.00      0.00      34.9015    0.4768     20.00     31.00     46.00    153.00      0.00
  0.6000   0.1800       21.0090    0.4028      9.00     16.00     27.00    160.00      0.00       2.9550    0.0750      1.00      2.00      4.00     37.00      0.00      34.8300    0.4740     19.00     32.00     48.00    142.00      0.00
  0.6000   0.1600       23.9870    0.4789     10.00     18.00     31.00    211.00      0.00       3.5840    0.1055      1.00      2.00      4.00     77.00      0.00      33.9035    0.4803     19.00     31.00     45.00    161.00      0.00
  0.6000   0.1400       29.0505    0.6376     11.00     21.00     37.00    338.00      0.00       5.1410    0.1767      1.00      3.00      6.00    142.00      0.00      32.3650    0.4813     18.00     29.00     44.00    182.00      0.00
  0.6000   0.1200       36.5745    0.7893     13.00     26.00     48.00    274.00      0.00       7.2030    0.2456      1.00      3.00      8.00    171.00      0.00      30.6380    0.4962     14.00     27.00     43.00    161.00      0.00
  0.6000   0.1000       46.0655    1.0016     15.00     32.00     60.00    327.00      0.00      11.9035    0.4265      2.00      5.00     14.00    298.00      0.00      28.6930    0.4785     12.00     26.00     41.00    144.00      0.00
  0.6000   0.0800       65.2350    1.4260     20.00     46.00     89.00    706.00      0.00      22.6990    0.6783      3.00     11.00     30.00    231.00      0.00      25.0405    0.4977      5.00     22.00     38.00    131.00      0.00
  0.6000   0.0600       94.2475    2.0930     27.00     66.00    128.00    666.00      0.00      43.7030    1.1360      7.00     26.00     61.00    389.00      0.00      19.9185    0.4929      1.00     12.00     33.00    153.00      0.00
  0.6000   0.0400      129.5880    2.8789     38.00     88.00    181.00   1003.00      0.00      77.6040    1.8948     17.00     51.00    109.00    614.00      0.00      12.2990    0.4190      0.00      2.00     20.00    112.00      0.00
  0.6000   0.0200      174.6220    3.8998     49.00    119.00    247.00   1239.00      0.00     139.7270    3.2051     36.00     93.00    194.00   1060.00      0.00       5.5265    0.3205      0.00      0.00      1.00    112.00      0.00
  0.4000   0.2000       33.6805    0.6681     13.00     25.00     44.00    258.00      0.00       2.4055    0.0573      1.00      1.00      3.00     24.00      0.00      65.1820    1.0764     30.00     55.00     90.00    377.00      0.00
  0.4000   0.1800       36.1890    0.7088     15.00     28.00     47.00    281.00      0.00       2.8515    0.0769      1.00      2.00      3.00     48.00      0.00      61.8320    1.0590     27.00     52.00     86.00    457.00      0.00
  0.4000   0.1600       41.9495    0.8323     17.00     31.00     55.00    335.00      0.00       3.7830    0.1253      1.00      2.00      5.00     97.00      0.00      58.7440    1.0787     24.00     49.00     82.00    421.00      0.00
  0.4000   0.1400       49.7095    1.0300     18.00     36.00     66.00    490.00      0.00       5.1240    0.1845      1.00      3.00      6.00    127.00      0.00      57.5650    1.0137     23.00     50.00     82.00    388.00      0.00
  0.4000   0.1200       61.5350    1.3625     21.00     43.00     83.00    666.00      0.00       7.2545    0.2444      1.00      4.00      8.00    128.00      0.00      52.5875    1.0533     17.00     42.00     74.00    307.00      0.00
  0.4000   0.1000       75.8030    1.6451     25.00     52.00    104.00    712.00      0.00      12.3575    0.4256      2.00      6.00     15.00    256.00      0.00      48.0290    1.0072     11.00     38.00     72.00    363.00      0.00
  0.4000   0.0800       95.7935    2.1031     31.00     66.00    132.00    791.00      0.00      22.4610    0.6686      4.00     11.00     30.00    327.00      0.00      38.7720    0.9526      4.00     26.00     59.00    256.00      0.00
  0.4000   0.0600      126.6410    2.7914     38.00     91.00    175.00    951.00      0.00      43.6510    1.1619      7.00     26.00     62.00    450.00      0.00      29.0385    0.9169      1.00     10.00     44.00    307.00      0.00
  0.4000   0.0400      149.1490    3.3022     43.00    102.00    208.00   1347.00      0.00      77.6640    1.9309     17.00     48.00    110.00    949.00      0.00      17.1850    0.7391      0.00      1.00     18.00    253.00      0.00
  0.4000   0.0200      183.4165    4.0308     54.00    130.00    253.00   1578.00      0.00     142.6550    3.1358     39.00     97.00    204.00    951.00      0.00       5.2225    0.4083      0.00      0.00      1.00    252.00      0.00
  0.2000   0.2000      106.8665    2.3195     35.00     76.00    143.00    858.00      0.00       2.4280    0.0597      1.00      1.00      3.00     34.00      0.00     164.4630    3.6065     47.00    121.00    228.00   1237.00      0.00
  0.2000   0.1800      111.4700    2.4403     35.00     80.00    152.00   1047.00      0.00       2.8150    0.0753      1.00      2.00      3.00     44.00      0.00     146.4905    3.4814     36.00    102.00    208.00   1297.00      0.00
  0.2000   0.1600      121.9255    2.6560     39.00     86.00    167.00    960.00      0.00       3.5080    0.1003      1.00      2.00      4.00     64.00      0.00     132.2305    3.0783     32.00     88.00    188.00    928.00      0.00
  0.2000   0.1400      134.9900    3.0988     38.00     91.00    185.00    954.00      0.00       4.8195    0.1529      1.00      2.00      6.00     94.00      0.00     114.2810    2.9549     22.00     71.00    159.00   1294.00      0.00
  0.2000   0.1200      140.3685    3.1505     41.00     95.00    196.00   1215.00      0.00       7.2925    0.2400      1.00      3.00      8.00    116.00      0.00      89.7065    2.3292     14.00     56.00    127.00    724.00      0.00
  0.2000   0.1000      157.7015    3.4785     46.00    112.00    216.00   1025.00      0.00      11.1220    0.3600      2.00      6.00     13.00    187.00      0.00      71.5540    2.0157      8.00     37.00    101.00    686.00      0.00
  0.2000   0.0800      164.6125    3.7400     49.00    110.00    225.00   1281.00      0.00      22.2935    0.6704      3.00     11.00     30.00    269.00      0.00      50.1380    1.6580      3.00     18.00     67.00    613.00      0.00
  0.2000   0.0600      180.5690    4.0542     52.00    125.00    244.00   2000.00      0.00      42.0995    1.1533      7.00     23.00     58.00    409.00      0.00      29.6905    1.1703      1.00      8.00     33.00    597.00      0.00
  0.2000   0.0400      195.0890    4.2675     57.00    137.00    270.00   1425.00      0.00      81.7295    1.9806     19.00     53.00    115.00    822.00      0.00      15.2090    0.8177      0.00      2.00     12.00    581.00      0.00
  0.2000   0.0200      192.5130    4.4302     54.00    133.00    265.00   1890.00      0.00     136.8500    3.2084     36.00     93.00    189.00   1338.00      0.00       3.0015    0.3130      0.00      0.00      1.00    384.00      0.00
