Amp Radius  OC_Mean OC_Std OC_Q1 OC_Med OC_Q3 OC_Max OC_Min  Exp_Mean Exp_Std Exp_Q1 Exp_Med Exp_Q3 Exp_Max Exp_Min  Num_Mean Num_Std Num_Q1 Num_Med Num_Q3 Num_Max Num_Min
  2.0000   0.2000        4.4310    0.0619      3.00      4.00      5.00     33.00      0.00       1.3675    0.0362      1.00      1.00      1.00     32.00      0.00       5.0310    0.0576      3.00      5.00      6.00     18.00      0.00
  2.0000   0.1800        4.8885    0.0791      3.00      4.00      6.00     59.00      0.00       1.6060    0.0514      1.00      1.00      1.00     43.00      0.00       4.6690    0.0535      3.00      4.00      6.00     17.00      0.00
  2.0000   0.1600        5.7205    0.0963      3.00      5.00      7.00     65.00      0.00       2.1070    0.0716      1.00      1.00      2.00     63.00      0.00       4.3835    0.0461      3.00      4.00      6.00     18.00      0.00
  2.0000   0.1400        6.7470    0.1237      4.00      5.00      8.00     63.00      0.00       2.9545    0.1014      1.00      1.00      3.00     58.00      0.00       4.1795    0.0444      3.00      4.00      5.00     14.00      0.00
  2.0000   0.1200        8.7960    0.2003      4.00      6.00     10.00    165.00      0.00       4.6735    0.1764      1.00      2.00      5.00    162.00      0.00       4.1130    0.0438      3.00      4.00      5.00     13.00      0.00
  2.0000   0.1000       11.9920    0.2776      5.00      8.00     15.00    157.00      0.00       7.3955    0.2445      1.00      3.00      9.00    155.00      0.00       4.0105    0.0446      3.00      4.00      5.00     12.00      0.00
  2.0000   0.0800       17.2730    0.3740      6.00     11.00     23.00    120.00      0.00      12.2925    0.3403      2.00      6.00     17.00    118.00      0.00       3.9165    0.0455      3.00      4.00      5.00     12.00      0.00
  2.0000   0.0600       28.4065    0.6593      8.00     18.00     39.00    256.00      0.00      22.1900    0.5934      4.00     13.00     31.00    216.00      0.00       3.5770    0.0468      2.00      4.00      5.00     13.00      0.00
  2.0000   0.0400       51.3215    1.1748     15.00     35.00     70.00    592.00      0.00      44.1655    1.0636     11.00     29.00     62.00    373.00      0.00       3.0615    0.0529      1.00      3.00      5.00     14.00      0.00
  2.0000   0.0200      113.3500    2.4945     32.00     80.00    157.00    773.00      0.00     104.9645    2.3526     29.00     74.00    147.00    769.00      0.00       1.7690    0.0522      0.00      0.00      3.00     14.00      0.00
  1.8000   0.2000        5.1660    0.0665      3.00      5.00      6.00     36.00      0.00       1.3550    0.0327      1.00      1.00      1.00     27.00      0.00       5.8920    0.0683      4.00      5.00      8.00     18.00      0.00
  1.8000   0.1800        5.6815    0.0861      3.00      5.00      7.00     41.00      0.00       1.6830    0.0537      1.00      1.00      1.00     36.00      0.00       5.3910    0.0628      3.00      5.00      7.00     18.00      0.00
  1.8000   0.1600        6.3650    0.1025      4.00      5.00      8.00     71.00      0.00       2.0070    0.0710      1.00      1.00      2.00     58.00      0.00       5.0450    0.0574      3.00      5.00      6.00     18.00      0.00
  1.8000   0.1400        7.6665    0.1297      4.00      6.00      9.00     61.00      0.00       2.9395    0.1012      1.00      1.00      3.00     59.00      0.00       4.9180    0.0535      3.00      5.00      6.00     17.00      0.00
  1.8000   0.1200        9.8905    0.1959      5.00      7.00     12.00     86.00      0.00       4.7255    0.1549      1.00      2.00      5.00     64.00      0.00       4.8245    0.0529      3.00      5.00      6.00     18.00      0.00
  1.8000   0.1000       13.1960    0.3141      5.00      9.00     16.00    250.00      0.00       7.3035    0.2309      1.00      3.00      9.00    125.00      0.00       4.6370    0.0545      3.00      4.00      6.00     16.00      0.00
  1.8000   0.0800       19.6915    0.4379      7.00     13.00     26.00    154.00      0.00      13.3190    0.3857      2.00      7.00     18.00    149.00      0.00       4.5445    0.0573      3.00      4.00      6.00     16.00      0.00
  1.8000   0.0600       31.2040    0.6824      9.00     21.00     43.00    272.00      0.00      22.9935    0.5892      4.00     14.00     32.00    264.00      0.00       4.2685    0.0597      3.00      4.00      6.00     16.00      0.00
  1.8000   0.0400       57.3085    1.2760     16.00     40.00     79.00    548.00      0.00      48.1665    1.1693     10.00     31.00     67.00    373.00      0.00       3.5815    0.0642      1.00      3.00      5.00     15.00      0.00
  1.8000   0.0200      116.2205    2.6090     31.00     83.00    159.00    915.00      0.00     104.1850    2.4058     27.00     73.00    142.00    891.00      0.00       2.0935    0.0606      0.00      0.00      4.00     14.00      0.00
  1.6000   0.2000        6.1885    0.0808      4.00      5.00      8.00     32.00      0.00       1.3315    0.0296      1.00      1.00      1.00     16.00      0.00       7.1795    0.0901      4.00      6.00      9.00     32.00      0.00
  1.6000   0.1800        6.6040    0.0913      4.00      6.00      8.00     60.00      0.00       1.5900    0.0413      1.00      1.00      1.00     28.00      0.00       6.4210    0.0759      4.00      6.00      8.00     23.00      0.00
  1.6000   0.1600        7.6065    0.1164      4.00      6.00      9.00     57.00      0.00       2.0775    0.0644      1.00      1.00      2.00     33.00      0.00       6.0970    0.0728      4.00      6.00      8.00     27.00      0.00
  1.6000   0.1400        9.0060    0.1528      5.00      7.00     11.00     64.00      0.00       3.0045    0.1013      1.00      1.00      3.00     47.00      0.00       5.8840    0.0692      4.00      5.00      7.00     26.00      0.00
  1.6000   0.1200       11.3095    0.2341      5.00      8.00     13.00    124.00      0.00       4.5130    0.1478      1.00      2.00      5.00     67.00      0.00       5.7215    0.0672      4.00      5.00      7.00     24.00      0.00
  1.6000   0.1000       15.1470    0.2954      6.00     11.00     20.00     98.00      0.00       7.7410    0.2419      1.00      3.00     10.00     95.00      0.00       5.5925    0.0684      4.00      5.00      7.00     22.00      0.00
  1.6000   0.0800       21.4650    0.4531      8.00     15.00     29.00    164.00      0.00      12.7655    0.3463      2.00      7.00     18.00    158.00      0.00       5.4175    0.0722      3.00      5.00      7.00     20.00      0.00
  1.6000   0.0600       34.8185    0.7704     11.00     22.00     47.00    226.00      0.00      23.4565    0.6269      4.00     13.00     31.00    177.00      0.00       5.1705    0.0750      3.00      5.00      7.00     21.00      0.00
  1.6000   0.0400       61.2750    1.3496     19.00     40.00     84.00    425.00      0.00      45.0965    1.0853     11.00     29.00     64.00    394.00      0.00       4.3490    0.0802      1.00      4.00      6.00     23.00      0.00
  1.6000   0.0200      119.8885    2.6867     33.00     83.00    166.00    923.00      0.00     104.6035    2.4086     27.00     72.00    146.00    923.00      0.00       2.4380    0.0742      0.00      0.00      5.00     19.00      0.00
  1.4000   0.2000        7.4640    0.0938      5.00      7.00      9.00     33.00      0.00       1.3490    0.0285      1.00      1.00      1.00     18.00      0.00       8.8045    0.1123      5.00      8.00     11.00     35.00      0.00
  1.4000   0.1800        8.2755    0.1090      5.00      7.00     10.00     38.00      0.00       1.5505    0.0433      1.00      1.00      1.00     32.00      0.00       8.3330    0.1018      5.00      8.00     11.00     32.00      0.00
  1.4000   0.1600        9.4865    0.1366      5.00      8.00     12.00     60.00      0.00       2.0875    0.0698      1.00      1.00      2.00     45.00      0.00       7.8795    0.0969      5.00      7.00     10.00     28.00      0.00
  1.4000   0.1400       10.6320    0.1709      6.00      9.00     13.00     69.00      0.00       2.9285    0.0990      1.00      1.00      3.00     58.00      0.00       7.3165    0.0899      4.00      7.00      9.00     36.00      0.00
  1.4000   0.1200       13.1135    0.2304      6.00     10.00     17.00     91.00      0.00       4.5855    0.1529      1.00      2.00      5.00     86.00      0.00       7.0350    0.0870      4.00      6.00      9.00     29.00      0.00
  1.4000   0.1000       17.5500    0.3388      8.00     13.00     22.00    112.00      0.00       7.6465    0.2385      1.00      3.00      9.00     99.00      0.00       7.0530    0.0920      4.00      6.00      9.00     27.00      0.00
  1.4000   0.0800       23.7360    0.5232      9.00     17.00     30.00    284.00      0.00      12.4135    0.3794      2.00      6.00     16.00    262.00      0.00       6.8090    0.0922      4.00      6.00      9.00     26.00      0.00
  1.4000   0.0600       38.3630    0.8462     13.00     26.00     52.00    411.00      0.00      22.9690    0.6134      4.00     14.00     32.00    265.00      0.00       6.4555    0.0994      3.00      6.00      9.00     27.00      0.00
  1.4000   0.0400       63.3290    1.3215     21.00     46.00     87.00    572.00      0.00      44.1070    1.0334     11.00     30.00     62.00    438.00      0.00       5.1600    0.0995      1.00      5.00      8.00     30.00      0.00
  1.4000   0.0200      126.6040    2.7573     38.00     88.00    180.00   1003.00      0.00     105.2020    2.3696     28.00     70.00    150.00   1003.00      0.00       2.8215    0.0928      0.00      0.00      5.00     27.00      0.00
  1.2000   0.2000        9.6920    0.1264      6.00      9.00     12.00     40.00      0.00       1.3310    0.0294      1.00      1.00      1.00     25.00      0.00      11.6535    0.1520      7.00     10.00     16.00     60.00      0.00
  1.2000   0.1800       10.6060    0.1463      6.00      9.00     13.00     65.00      0.00       1.5915    0.0434      1.00      1.00      1.00     26.00      0.00      10.6970    0.1390      6.00     10.00     14.00     47.00      0.00
  1.2000   0.1600       11.8680    0.1766      7.00     10.00     15.00     79.00      0.00       2.0755    0.0752      1.00      1.00      2.00     58.00      0.00      10.1215    0.1330      6.00      9.00     13.00     43.00      0.00
  1.2000   0.1400       13.6730    0.2193      7.00     11.00     17.00    113.00      0.00       3.0200    0.1073      1.00      1.00      3.00     88.00      0.00       9.5845    0.1264      6.00      9.00     12.00     48.00      0.00
  1.2000   0.1200       16.8860    0.2889      8.00     14.00     21.00    132.00      0.00       4.6155    0.1562      1.00      2.00      5.00     89.00      0.00       9.5455    0.1267      6.00      9.00     13.00     37.00      0.00
  1.2000   0.1000       21.7275    0.4002     10.00     17.00     28.00    169.00      0.00       7.4035    0.2215      1.00      3.00     10.00     84.00      0.00       9.4290    0.1293      5.00      9.00     13.00     44.00      0.00
  1.2000   0.0800       29.9725    0.5898     12.00     22.00     39.00    234.00      0.00      13.1705    0.3877      2.00      7.00     17.00    186.00      0.00       8.8130    0.1292      5.00      8.00     12.00     39.00      0.00
  1.2000   0.0600       44.5960    0.9584     15.00     31.00     60.00    449.00      0.00      22.3870    0.5946      4.00     13.00     31.00    211.00      0.00       8.4975    0.1363      4.00      8.00     12.00     43.00      0.00
  1.2000   0.0400       72.3335    1.5496     23.00     52.00     98.00    592.00      0.00      44.7180    1.0719     10.00     29.00     62.00    348.00      0.00       6.5340    0.1365      1.00      6.00     10.00     41.00      0.00
  1.2000   0.0200      133.8205    3.0269     40.00     92.00    182.00    945.00      0.00     102.1590    2.3880     28.00     70.00    142.00    897.00      0.00       3.6660    0.1206      0.00      0.00      6.00     37.00      0.00
  1.0000   0.2000       13.6450    0.1876      8.00     12.00     18.00     80.00      0.00       1.3585    0.0346      1.00      1.00      1.00     24.00      0.00      16.6420    0.2397      9.00     15.00     22.00     80.00      0.00
  1.0000   0.1800       14.8765    0.2220      8.00     13.00     19.00    119.00      0.00       1.6320    0.0534      1.00      1.00      1.00     45.00      0.00      15.1615    0.2185      8.00     13.00     20.00     81.00      0.00
  1.0000   0.1600       16.0330    0.2276      9.00     14.00     21.00     72.00      0.00       2.0890    0.0719      1.00      1.00      2.00     38.00      0.00      14.0970    0.2039      8.00     12.00     19.00     74.00      0.00
  1.0000   0.1400       18.7860    0.2969     10.00     16.00     25.00    126.00      0.00       3.0665    0.1067      1.00      1.00      3.00     50.00      0.00      13.4355    0.2000      7.00     12.00     18.00     83.00      0.00
  1.0000   0.1200       22.1830    0.3536     11.00     19.00     29.00    127.00      0.00       4.6415    0.1510      1.00      2.00      5.00     66.00      0.00      13.5230    0.1991      8.00     12.00     18.00     74.00      0.00
  1.0000   0.1000       27.8030    0.4948     13.00     22.00     37.00    297.00      0.00       7.5195    0.2408      1.00      3.00      9.00    129.00      0.00      12.9815    0.1957      7.00     11.00     18.00     55.00      0.00
  1.0000   0.0800       37.7995    0.7208     16.00     29.00     49.00    258.00      0.00      13.1755    0.3648      2.00      7.00     18.00    138.00      0.00      12.0700    0.1947      6.00     11.00     17.00     53.00      0.00
  1.0000   0.0600       53.1545    1.0966     20.00     39.00     72.00    453.00      0.00      23.0575    0.5909      4.00     14.00     33.00    285.00      0.00      10.8820    0.1959      4.00     10.00     16.00     51.00      0.00
  1.0000   0.0400       82.8915    1.7908     29.00     60.00    111.00    850.00      0.00      44.9950    1.0879     11.00     31.00     62.00    478.00      0.00       8.7005    0.1983      1.00      7.00     14.00     58.00      0.00
  1.0000   0.0200      149.8865    3.3460     43.00    104.00    205.00   1205.00      0.00     106.5050    2.4483     28.00     73.00    147.00    988.00      0.00       4.2780    0.1624      0.00      0.00      6.00     49.00      0.00
  0.8000   0.2000       19.5155    0.2936     10.00     17.00     26.00    106.00      0.00       1.3730    0.0363      1.00      1.00      1.00     28.00      0.00      24.1780    0.3749     12.00     21.00     33.00    126.00      0.00
  0.8000   0.1800       22.9330    0.3463     12.00     19.00     30.00    115.00      0.00       1.6825    0.0534      1.00      1.00      1.00     43.00      0.00      24.0895    0.3737     12.00     20.00     32.00    149.00      0.00
  0.8000   0.1600       24.6375    0.3786     13.00     21.00     32.00    106.00      0.00       2.0070    0.0631      1.00      1.00      2.00     45.00      0.00      21.9720    0.3402     11.00     19.00     29.00     92.00      0.00
  0.8000   0.1400       28.4395    0.4583     14.00     24.00     37.00    210.00      0.00       2.9805    0.0959      1.00      1.00      3.00     41.00      0.00      21.3350    0.3456     10.00     18.00     28.00    106.00      0.00
  0.8000   0.1200       32.9225    0.5502     15.00     27.00     44.00    206.00      0.00       4.6040    0.1559      1.00      2.00      5.00    100.00      0.00      20.1985    0.3416     10.00     17.00     27.00    188.00      0.00
  0.8000   0.1000       37.6500    0.6367     17.00     30.00     51.00    198.00      0.00       7.1955    0.2279      1.00      3.00      9.00    188.00      0.00      19.3530    0.3379      9.00     16.00     27.00    139.00      0.00
  0.8000   0.0800       50.1460    0.9302     22.00     39.00     66.00    502.00      0.00      12.8165    0.3782      2.00      6.00     17.00    138.00      0.00      18.1190    0.3324      7.00     15.00     26.00    104.00      0.00
  0.8000   0.0600       68.1420    1.3419     26.00     51.00     91.00    469.00      0.00      22.6800    0.6068      4.00     12.00     32.00    243.00      0.00      15.8310    0.3330      4.00     13.00     23.00    118.00      0.00
  0.8000   0.0400       98.7875    2.0444     32.00     73.00    135.00    739.00      0.00      43.1730    1.0177      9.00     29.00     60.00    358.00      0.00      11.9465    0.3213      1.00      7.00     18.00    119.00      0.00
  0.8000   0.0200      154.7375    3.5437     49.00    106.00    208.00   1431.00      0.00     100.7235    2.3039     28.00     70.00    137.00    795.00      0.00       5.1225    0.2218      0.00      0.00      5.00     80.00      0.00
  0.6000   0.2000       37.6980    0.7038     17.00     30.00     49.00    378.00      0.00       1.3660    0.0360      1.00      1.00      1.00     46.00      0.00      46.6240    0.8499     20.00     37.00     62.00    297.00      0.00
  0.6000   0.1800       40.8245    0.7694     18.00     32.00     56.00    431.00      0.00       1.5690    0.0463      1.00      1.00      1.00     40.00      0.00      42.9260    0.8113     18.00     33.00     59.00    359.00      0.00
  0.6000   0.1600       46.0880    0.8537     19.00     36.00     62.00    274.00      0.00       2.1565    0.0832      1.00      1.00      2.00     69.00      0.00      40.4650    0.7633     16.00     31.00     55.00    270.00      0.00
  0.6000   0.1400       49.8215    0.9239     21.00     40.00     66.00    326.00      0.00       2.9120    0.0979      1.00      1.00      3.00     68.00      0.00      37.4170    0.7247     15.00     29.00     50.00    265.00      0.00
  0.6000   0.1200       58.2775    1.0911     24.00     46.00     76.00    378.00      0.00       5.0070    0.1742      1.00      2.00      5.00    105.00      0.00      36.4305    0.7233     14.00     28.00     49.00    227.00      0.00
  0.6000   0.1000       66.3250    1.2614     26.00     52.00     91.00    624.00      0.00       7.3045    0.2309      1.00      3.00      9.00    123.00      0.00      33.8575    0.7002     11.00     25.00     48.00    204.00      0.00
  0.6000   0.0800       82.1375    1.5502     32.00     64.00    113.00    543.00      0.00      12.3160    0.3592      2.00      6.00     17.00    132.00      0.00      30.2220    0.6643      8.00     22.00     43.00    209.00      0.00
  0.6000   0.0600      108.1690    2.2072     38.00     79.00    147.00    718.00      0.00      22.9925    0.6158      4.00     13.00     32.00    258.00      0.00      24.8905    0.6248      5.00     16.00     36.00    250.00      0.00
  0.6000   0.0400      138.6705    2.9528     45.00     99.00    190.00   1335.00      0.00      44.8625    1.0924     11.00     30.00     62.00    467.00      0.00      15.8855    0.4986      1.00      6.00     23.00    184.00      0.00
  0.6000   0.0200      182.5490    3.9610     56.00    127.00    250.00   1425.00      0.00     106.4945    2.4252     31.00     74.00    146.00    877.00      0.00       5.8030    0.2880      0.00      0.00      4.00    119.00      0.00
  0.4000   0.2000       81.1145    1.6806     29.00     59.00    109.00    560.00      0.00       1.2940    0.0243      1.00      1.00      1.00     16.00      0.00      96.9210    2.0250     33.00     68.00    134.00    625.00      0.00
  0.4000   0.1800       91.6010    1.9067     31.00     69.00    123.00    757.00      0.00       1.5640    0.0414      1.00      1.00      1.00     26.00      0.00      91.7385    1.9175     29.00     70.00    126.00    967.00      0.00
  0.4000   0.1600       96.0995    1.9757     33.00     70.00    132.00    733.00      0.00       2.0850    0.0757      1.00      1.00      2.00     66.00      0.00      79.8450    1.6935     27.00     57.00    110.00    532.00      0.00
  0.4000   0.1400      108.0045    2.3540     35.00     75.00    149.00    787.00      0.00       2.8285    0.0924      1.00      1.00      2.00     43.00      0.00      73.0490    1.6050     23.00     51.00     99.00    526.00      0.00
  0.4000   0.1200      116.0350    2.4842     38.00     82.00    162.00    927.00      0.00       4.7760    0.1638      1.00      2.00      5.00     63.00      0.00      63.3470    1.4448     19.00     44.00     88.00    503.00      0.00
  0.4000   0.1000      131.6370    2.8200     43.00     94.00    177.00    896.00      0.00       7.3175    0.2318      1.00      3.00      9.00    100.00      0.00      54.9290    1.2828     15.00     38.00     75.00    421.00      0.00
  0.4000   0.0800      146.4405    3.3293     44.00    100.00    197.00   1096.00      0.00      12.4430    0.3419      2.00      6.00     17.00    121.00      0.00      44.4635    1.1425      8.00     27.00     62.00    469.00      0.00
  0.4000   0.0600      168.9000    3.9276     50.00    112.00    236.00   1787.00      0.00      23.0520    0.5958      4.00     13.00     33.00    254.00      0.00      30.0045    0.8679      4.00     16.00     42.00    409.00      0.00
  0.4000   0.0400      177.0070    3.9254     54.00    127.00    243.00   1413.00      0.00      45.0120    1.0625     10.00     30.00     66.00    352.00      0.00      14.7625    0.5368      1.00      5.00     18.00    280.00      0.00
  0.4000   0.0200      197.5920    4.2550     58.00    139.00    282.00   1432.00      0.00     106.1925    2.4626     29.00     71.00    146.00    867.00      0.00       4.1455    0.2323      0.00      0.00      3.00     95.00      0.00
  0.2000   0.2000      162.3615    3.5581     48.00    118.00    221.00   1271.00      0.00       1.3770    0.0395      1.00      1.00      1.00     37.00      0.00     176.8040    3.9722     50.00    125.00    240.00   1435.00      0.00
  0.2000   0.1800      175.3835    3.8472     50.00    120.00    251.00   1318.00      0.00       1.6195    0.0466      1.00      1.00      1.00     32.00      0.00     159.0695    3.6632     43.00    108.00    220.00   1420.00      0.00
  0.2000   0.1600      173.3555    4.0353     49.00    115.00    236.00   2000.00      0.00       2.1105    0.0713      1.00      1.00      2.00     49.00      0.00     126.7830    3.0903     34.00     84.00    171.00   1670.00      0.00
  0.2000   0.1400      179.4925    3.9771     53.00    128.00    244.00   1395.00      0.00       3.1470    0.1173      1.00      1.00      3.00     73.00      0.00     103.2955    2.4210     28.00     71.00    140.00    805.00      0.00
  0.2000   0.1200      184.4730    4.2258     49.00    123.00    265.00   1503.00      0.00       4.9300    0.1728      1.00      2.00      5.00     84.00      0.00      82.0750    1.9680     19.00     53.00    116.00    650.00      0.00
  0.2000   0.1000      177.5625    3.8210     54.00    130.00    250.00   1540.00      0.00       7.3420    0.2286      1.00      3.00      9.00     81.00      0.00      57.9830    1.3531     13.00     40.00     81.00    467.00      0.00
  0.2000   0.0800      185.0580    4.0660     57.00    128.00    254.00   1527.00      0.00      13.3125    0.3756      2.00      7.00     18.00    193.00      0.00      39.0850    0.9616      8.00     25.00     55.00    352.00      0.00
  0.2000   0.0600      195.7620    4.4136     55.00    138.00    270.00   1459.00      0.00      23.2675    0.6159      4.00     13.00     33.00    223.00      0.00      24.2240    0.6554      3.00     14.00     34.00    235.00      0.00
  0.2000   0.0400      199.0560    4.5901     54.00    132.00    281.00   1483.00      0.00      45.3610    1.1039     10.00     30.00     63.00    451.00      0.00      11.2215    0.3534      1.00      5.00     15.00    116.00      0.00
  0.2000   0.0200      203.8150    4.4889     59.00    140.00    287.00   1433.00      0.00     104.2120    2.3104     30.00     71.00    146.00    751.00      0.00       2.9385    0.1434      0.00      0.00      3.00     75.00      0.00
