Amp Radius  OC_Mean OC_Std OC_Q1 OC_Med OC_Q3 OC_Max OC_Min  Exp_Mean Exp_Std Exp_Q1 Exp_Med Exp_Q3 Exp_Max Exp_Min  Num_Mean Num_Std Num_Q1 Num_Med Num_Q3 Num_Max Num_Min
  2.0000   0.2000        4.7725    0.0858      2.00      4.00      6.00     41.00      0.00       2.6260    0.0615      1.00      1.00      3.00     22.00      0.00       9.1535    0.0801      7.00     10.00     11.00     23.00      0.00
  2.0000   0.1800        5.5040    0.1092      2.00      4.00      7.00     62.00      0.00       3.2760    0.0871      1.00      2.00      4.00     57.00      0.00       9.0520    0.0753      7.00     10.00     11.00     22.00      0.00
  2.0000   0.1600        6.3430    0.1322      3.00      5.00      8.00     76.00      0.00       3.8975    0.1104      1.00      2.00      5.00     75.00      0.00       8.6565    0.0771      7.00     10.00     11.00     24.00      0.00
  2.0000   0.1400        7.7720    0.1821      3.00      5.00     10.00    132.00      0.00       4.9275    0.1334      1.00      3.00      6.00     58.00      0.00       8.6245    0.0763      7.00     10.00     11.00     22.00      0.00
  2.0000   0.1200       10.3335    0.2561      4.00      7.00     13.00    114.00      0.00       7.1755    0.2255      2.00      4.00      9.00    113.00      0.00       8.2060    0.0780      6.00      9.00     11.00     19.00      0.00
  2.0000   0.1000       15.2900    0.4161      4.00      9.00     19.00    214.00      0.00      11.5835    0.3693      2.00      6.00     14.00    213.00      0.00       8.1345    0.0785      6.00      9.00     11.00     21.00      0.00
  2.0000   0.0800       24.3170    0.6009      6.00     15.00     32.00    227.00      0.00      20.3360    0.5609      4.00     11.00     26.00    226.00      0.00       7.4440    0.0874      6.00      8.00     10.00     20.00      0.00
  2.0000   0.0600       43.8980    1.0810     10.00     29.00     62.00    548.00      0.00      39.1950    0.9950      7.00     24.00     55.00    374.00      0.00       6.2800    0.0951      1.00      7.00     10.00     19.00      0.00
  2.0000   0.0400       84.3160    2.0565     20.00     54.00    117.00    788.00      0.00      78.9285    1.9643     17.00     49.00    112.00    788.00      0.00       4.5865    0.0967      0.00      5.00      8.00     20.00      0.00
  2.0000   0.0200      146.4260    3.4326     37.00     96.00    205.00   1119.00      0.00     141.1360    3.3354     35.00     91.00    198.00   1110.00      0.00       2.0930    0.0785      0.00      0.00      5.00     18.00      0.00
  1.8000   0.2000        5.3805    0.0991      3.00      4.00      7.00     38.00      0.00       2.8730    0.0713      1.00      2.00      4.00     38.00      0.00       9.6610    0.0808      8.00     10.00     12.00     26.00      0.00
  1.8000   0.1800        6.0525    0.1228      3.00      4.00      8.00     60.00      0.00       3.3275    0.0865      1.00      2.00      4.00     59.00      0.00       9.4310    0.0830      7.00     10.00     11.00     25.00      0.00
  1.8000   0.1600        6.8990    0.1375      3.00      5.00      9.00     69.00      0.00       3.9175    0.1063      1.00      2.00      5.00     65.00      0.00       9.3060    0.0811      7.00     10.00     11.00     23.00      0.00
  1.8000   0.1400        8.7845    0.2088      3.00      6.00     11.00    119.00      0.00       5.3805    0.1745      1.00      3.00      6.00    118.00      0.00       9.0290    0.0804      7.00     10.00     11.00     22.00      0.00
  1.8000   0.1200       11.2080    0.2699      4.00      7.00     14.00    136.00      0.00       7.2590    0.2207      2.00      4.00      9.00    135.00      0.00       8.8855    0.0814      7.00     10.00     11.00     25.00      0.00
  1.8000   0.1000       16.4770    0.4301      5.00     10.00     21.00    162.00      0.00      11.7850    0.3696      2.00      6.00     14.00    161.00      0.00       8.3915    0.0850      6.00      9.00     11.00     21.00      0.00
  1.8000   0.0800       26.3660    0.6757      7.00     15.00     34.00    282.00      0.00      20.8395    0.6169      4.00     11.00     27.00    281.00      0.00       7.8130    0.0935      6.00      9.00     11.00     20.00      0.00
  1.8000   0.0600       48.0375    1.1824     11.00     31.00     67.00    502.00      0.00      40.1610    1.0541      7.00     24.00     57.00    501.00      0.00       6.8550    0.1010      2.00      8.00     10.00     22.00      0.00
  1.8000   0.0400       85.2410    2.0526     20.00     56.00    120.00   1013.00      0.00      77.4480    1.8865     16.00     50.00    110.00    773.00      0.00       4.9035    0.1068      0.00      5.00      9.00     19.00      0.00
  1.8000   0.0200      144.8080    3.3344     38.00     98.00    201.00   1219.00      0.00     138.0785    3.2267     36.00     94.00    193.00   1212.00      0.00       2.1845    0.0853      0.00      0.00      4.00     18.00      0.00
  1.6000   0.2000        5.8160    0.1066      3.00      4.00      7.00     55.00      0.00       2.8035    0.0660      1.00      2.00      3.00     26.00      0.00      10.5195    0.0880      8.00     10.00     12.00     28.00      0.00
  1.6000   0.1800        6.8780    0.1382      3.00      5.00      9.00     56.00      0.00       3.3245    0.0853      1.00      2.00      4.00     35.00      0.00      10.2365    0.0948      8.00     10.00     13.00     26.00      0.00
  1.6000   0.1600        8.2715    0.1874      3.00      6.00     10.00    125.00      0.00       4.1395    0.1248      1.00      2.00      5.00     94.00      0.00       9.9980    0.0927      8.00     10.00     12.00     32.00      0.00
  1.6000   0.1400        9.5680    0.2174      4.00      7.00     12.00    163.00      0.00       5.0010    0.1408      1.00      3.00      6.00     73.00      0.00       9.8920    0.0907      8.00     10.00     12.00     25.00      0.00
  1.6000   0.1200       12.3575    0.2901      4.00      9.00     16.00    156.00      0.00       7.2165    0.2129      1.00      4.00      9.00    110.00      0.00       9.5790    0.0921      7.00     10.00     12.00     26.00      0.00
  1.6000   0.1000       17.5045    0.4348      5.00     11.00     22.00    205.00      0.00      11.3805    0.3475      2.00      6.00     14.00    143.00      0.00       9.2535    0.0962      7.00     10.00     11.00     25.00      0.00
  1.6000   0.0800       28.3830    0.7175      7.00     17.00     38.00    377.00      0.00      20.8690    0.6138      4.00     11.00     29.00    340.00      0.00       8.5675    0.1057      6.00     10.00     11.00     26.00      0.00
  1.6000   0.0600       49.0635    1.1758     12.00     32.00     67.00    417.00      0.00      39.5490    1.0453      7.00     25.00     54.00    403.00      0.00       7.5770    0.1123      3.00      9.00     11.00     25.00      0.00
  1.6000   0.0400       89.8620    2.1123     23.00     62.00    123.00    973.00      0.00      79.3345    1.8696     19.00     52.00    112.00    776.00      0.00       5.4895    0.1202      0.00      6.00     10.00     22.00      0.00
  1.6000   0.0200      140.4250    3.1044     41.00     98.00    197.00   1072.00      0.00     133.0105    2.9835     36.00     91.00    190.00   1072.00      0.00       2.6025    0.0976      0.00      0.00      5.00     23.00      0.00
  1.4000   0.2000        6.6300    0.1213      3.00      5.00      8.00     76.00      0.00       2.7740    0.0653      1.00      2.00      3.00     30.00      0.00      11.8760    0.1115      9.00     11.00     15.00     35.00      0.00
  1.4000   0.1800        7.4690    0.1430      3.00      5.00      9.00     63.00      0.00       3.1960    0.0804      1.00      2.00      4.00     41.00      0.00      11.5605    0.1064      9.00     11.00     14.00     30.00      0.00
  1.4000   0.1600        9.0465    0.1721      4.00      7.00     12.00     73.00      0.00       3.9975    0.0968      1.00      2.00      5.00     51.00      0.00      11.4370    0.1084      9.00     11.00     14.00     30.00      0.00
  1.4000   0.1400       11.1145    0.2423      4.00      8.00     14.00    111.00      0.00       5.2995    0.1608      1.00      3.00      7.00    105.00      0.00      11.0950    0.1109      8.00     11.00     14.00     43.00      0.00
  1.4000   0.1200       14.0045    0.3183      5.00     10.00     18.00    169.00      0.00       7.1085    0.2017      1.00      4.00      9.00    106.00      0.00      10.6215    0.1132      8.00     11.00     13.00     34.00      0.00
  1.4000   0.1000       19.7350    0.4740      6.00     13.00     26.00    213.00      0.00      11.1000    0.3268      2.00      6.00     14.00    165.00      0.00      10.3670    0.1141      8.00     11.00     13.00     29.00      0.00
  1.4000   0.0800       31.2665    0.7647      9.00     19.00     43.00    375.00      0.00      20.1125    0.5604      4.00     11.00     26.00    250.00      0.00       9.5135    0.1217      7.00     10.00     12.00     33.00      0.00
  1.4000   0.0600       52.5420    1.2632     13.00     33.00     72.00    389.00      0.00      38.7870    1.0345      7.00     22.00     53.00    389.00      0.00       8.2575    0.1341      2.00      9.00     12.00     28.00      0.00
  1.4000   0.0400       94.2520    2.1588     26.00     62.00    131.00    737.00      0.00      79.0325    1.8915     19.00     53.00    110.00    542.00      0.00       5.9100    0.1341      0.00      6.00     11.00     27.00      0.00
  1.4000   0.0200      158.3845    3.6213     43.00    107.00    219.00   1073.00      0.00     145.8970    3.3806     38.00     99.00    200.00   1058.00      0.00       2.6915    0.1110      0.00      0.00      4.00     30.00      0.00
  1.2000   0.2000        7.6830    0.1413      3.00      6.00     10.00     55.00      0.00       2.6330    0.0624      1.00      1.00      3.00     36.00      0.00      13.7445    0.1399     10.00     13.00     17.00     40.00      0.00
  1.2000   0.1800        8.7480    0.1612      4.00      7.00     11.00     72.00      0.00       3.1635    0.0758      1.00      2.00      4.00     33.00      0.00      13.5415    0.1396     10.00     13.00     17.00     45.00      0.00
  1.2000   0.1600       10.2190    0.2183      4.00      7.00     12.00    106.00      0.00       3.8030    0.0984      1.00      2.00      5.00     43.00      0.00      13.5325    0.1404     10.00     13.00     17.00     47.00      0.00
  1.2000   0.1400       13.3015    0.2770      5.00      9.00     18.00    138.00      0.00       5.3455    0.1494      1.00      3.00      7.00     81.00      0.00      12.9840    0.1404      9.00     12.00     17.00     42.00      0.00
  1.2000   0.1200       16.3870    0.3842      6.00     11.00     20.00    150.00      0.00       6.9865    0.2009      1.00      4.00      9.00     94.00      0.00      12.2560    0.1446      9.00     12.00     16.00     55.00      0.00
  1.2000   0.1000       22.3825    0.5605      7.00     15.00     29.00    326.00      0.00      11.4340    0.3753      2.00      6.00     14.00    209.00      0.00      12.0225    0.1466      8.00     11.00     16.00     40.00      0.00
  1.2000   0.0800       34.5755    0.8067     11.00     22.00     46.00    292.00      0.00      19.9440    0.5519      4.00     11.00     26.00    272.00      0.00      11.3455    0.1508      8.00     11.00     16.00     34.00      0.00
  1.2000   0.0600       58.7155    1.4288     14.00     39.00     82.00    636.00      0.00      40.5310    1.1069      6.00     24.00     57.00    528.00      0.00       9.6890    0.1654      2.00     10.00     15.00     43.00      0.00
  1.2000   0.0400       97.2570    2.2414     25.00     64.00    134.00    814.00      0.00      78.0600    1.9368     18.00     50.00    110.00    814.00      0.00       7.1965    0.1661      0.00      7.00     12.00     35.00      0.00
  1.2000   0.0200      153.9785    3.6050     41.00    107.00    212.00   1546.00      0.00     140.6585    3.4039     36.00     95.00    193.00   1546.00      0.00       3.2315    0.1335      0.00      0.00      4.00     34.00      0.00
  1.0000   0.2000        9.7220    0.1961      4.00      7.00     12.00    115.00      0.00       2.7260    0.0719      1.00      1.00      3.00     51.00      0.00      17.3970    0.1860     12.00     16.00     22.00     61.00      0.00
  1.0000   0.1800       10.9315    0.2196      5.00      8.00     14.00    109.00      0.00       3.2840    0.0893      1.00      2.00      4.00     71.00      0.00      16.8100    0.1885     11.00     16.00     22.00     54.00      0.00
  1.0000   0.1600       13.1365    0.2727      5.00     10.00     17.00    128.00      0.00       3.9330    0.0954      1.00      2.00      5.00     46.00      0.00      16.7260    0.1957     11.00     16.00     22.00     65.00      0.00
  1.0000   0.1400       15.9335    0.3525      6.00     11.00     21.00    157.00      0.00       5.1830    0.1587      1.00      3.00      6.00     96.00      0.00      16.3560    0.1924     11.00     16.00     21.00     58.00      0.00
  1.0000   0.1200       20.6915    0.4615      8.00     14.00     27.00    172.00      0.00       7.3735    0.2233      2.00      4.00      9.00    137.00      0.00      15.8065    0.1956     11.00     15.00     21.00     57.00      0.00
  1.0000   0.1000       27.7580    0.6695      9.00     18.00     36.00    305.00      0.00      10.8200    0.3310      2.00      6.00     14.00    203.00      0.00      14.9830    0.2022     10.00     14.00     20.00     59.00      0.00
  1.0000   0.0800       40.0195    0.9507     11.00     26.00     54.00    425.00      0.00      19.5805    0.5650      3.00     11.00     26.00    284.00      0.00      13.9770    0.2087      8.00     13.00     20.00     56.00      0.00
  1.0000   0.0600       66.8110    1.5746     18.00     42.00     92.00    501.00      0.00      40.2045    1.1229      7.00     24.00     53.00    423.00      0.00      11.5275    0.2141      1.00     11.00     18.00     45.00      0.00
  1.0000   0.0400      105.4565    2.3610     28.00     73.00    144.00    769.00      0.00      78.2130    1.8423     19.00     53.00    109.00    650.00      0.00       8.0740    0.2139      0.00      3.00     15.00     49.00      0.00
  1.0000   0.0200      157.2680    3.4752     45.00    108.00    217.00    956.00      0.00     136.3895    3.1549     36.00     91.00    186.00    956.00      0.00       3.6390    0.1673      0.00      0.00      2.00     46.00      0.00
  0.8000   0.2000       12.1900    0.2329      5.00      9.00     16.00     95.00      0.00       2.6445    0.0695      1.00      1.00      3.00     43.00      0.00      23.8105    0.2902     15.00     22.00     31.00    113.00      0.00
  0.8000   0.1800       14.8380    0.3039      6.00     11.00     19.00    126.00      0.00       3.1480    0.0775      1.00      2.00      4.00     37.00      0.00      22.9475    0.2822     14.00     21.00     30.00     74.00      0.00
  0.8000   0.1600       17.4000    0.3702      7.00     12.00     22.00    153.00      0.00       3.9390    0.1141      1.00      2.00      5.00    106.00      0.00      22.2795    0.2741     14.00     21.00     29.00     83.00      0.00
  0.8000   0.1400       20.2970    0.4534      7.00     14.00     26.00    254.00      0.00       4.9590    0.1373      1.00      3.00      7.00     62.00      0.00      21.8535    0.2836     13.00     20.00     29.00    117.00      0.00
  0.8000   0.1200       25.5610    0.5483      9.00     18.00     34.00    255.00      0.00       7.0360    0.2008      2.00      4.00      9.00    107.00      0.00      20.8305    0.2894     12.00     20.00     28.00     76.00      0.00
  0.8000   0.1000       35.6995    0.7854     11.00     24.00     49.00    288.00      0.00      11.2065    0.3349      2.00      6.00     14.00    213.00      0.00      20.1785    0.2921     11.00     19.00     28.00     88.00      0.00
  0.8000   0.0800       49.4845    1.0876     15.00     35.00     68.00    433.00      0.00      20.5275    0.6030      4.00     11.00     28.00    426.00      0.00      18.3095    0.2971      8.00     18.00     27.00     77.00      0.00
  0.8000   0.0600       79.5515    1.8002     23.00     55.00    108.00    708.00      0.00      41.1925    1.0687      8.00     25.00     58.00    433.00      0.00      15.5065    0.3137      2.00     14.00     24.00     78.00      0.00
  0.8000   0.0400      122.3200    2.8023     35.00     83.00    165.00    878.00      0.00      75.9650    1.8039     17.00     51.00    108.00    649.00      0.00      10.2170    0.2855      0.00      3.00     19.00     72.00      0.00
  0.8000   0.0200      168.3120    3.8336     47.00    115.00    234.00   1441.00      0.00     141.1345    3.3872     38.00     94.00    196.00   1432.00      0.00       4.5135    0.2185      0.00      0.00      2.00     61.00      0.00
  0.6000   0.2000       18.6920    0.3659      8.00     14.00     24.00    230.00      0.00       2.7560    0.0670      1.00      1.00      3.00     28.00      0.00      35.4435    0.4808     20.00     33.00     47.00    140.00      0.00
  0.6000   0.1800       21.6010    0.4237      9.00     16.00     28.00    188.00      0.00       3.2405    0.0799      1.00      2.00      4.00     40.00      0.00      35.4795    0.4899     21.00     32.00     48.00    179.00      0.00
  0.6000   0.1600       24.5670    0.4939     10.00     18.00     32.00    221.00      0.00       3.9285    0.1005      1.00      2.00      5.00     55.00      0.00      34.2275    0.4903     19.00     32.00     46.00    142.00      0.00
  0.6000   0.1400       29.1060    0.6068     11.00     20.00     38.00    291.00      0.00       5.1310    0.1446      1.00      3.00      6.00     84.00      0.00      32.6860    0.4880     17.00     30.00     45.00    192.00      0.00
  0.6000   0.1200       36.8500    0.7958     13.00     26.00     49.00    410.00      0.00       7.4510    0.2466      2.00      4.00      9.00    168.00      0.00      31.4675    0.5053     16.00     29.00     44.00    143.00      0.00
  0.6000   0.1000       48.8025    1.1064     15.00     33.00     67.00    415.00      0.00      10.9745    0.3258      2.00      6.00     14.00    182.00      0.00      28.5155    0.4866     12.00     26.00     41.00    144.00      0.00
  0.6000   0.0800       65.8560    1.4138     20.00     47.00     91.00    514.00      0.00      21.2985    0.5948      4.00     11.00     28.00    188.00      0.00      25.4520    0.4952      5.00     23.00     38.00    135.00      0.00
  0.6000   0.0600       94.9655    2.1826     26.00     63.00    131.00    890.00      0.00      39.0085    1.0144      7.00     23.00     55.00    341.00      0.00      20.6680    0.4958      1.00     14.00     33.00    126.00      0.00
  0.6000   0.0400      137.0270    3.1106     40.00     95.00    187.00   1308.00      0.00      80.4215    1.9958     17.00     53.00    108.00    817.00      0.00      13.2005    0.4433      0.00      2.00     22.00    148.00      0.00
  0.6000   0.0200      183.1470    4.0356     54.00    129.00    249.00   1378.00      0.00     142.4165    3.2469     39.00     99.00    195.00   1378.00      0.00       4.6240    0.2826      0.00      0.00      1.00    118.00      0.00
  0.4000   0.2000       33.5255    0.6696     14.00     25.00     44.00    259.00      0.00       2.7835    0.0734      1.00      2.00      3.00     63.00      0.00      65.7265    1.0680     30.00     57.00     90.00    376.00      0.00
  0.4000   0.1800       37.9510    0.7344     16.00     28.00     50.00    228.00      0.00       3.1225    0.0769      1.00      2.00      4.00     41.00      0.00      64.1755    1.0658     30.00     55.00     89.00    408.00      0.00
  0.4000   0.1600       42.6705    0.8681     16.00     32.00     56.00    298.00      0.00       4.0080    0.1105      1.00      2.00      5.00     93.00      0.00      59.9530    1.0457     25.00     51.00     85.00    303.00      0.00
  0.4000   0.1400       50.9535    1.0300     19.00     37.00     68.00    375.00      0.00       5.2080    0.1500      1.00      3.00      7.00     77.00      0.00      58.5150    1.0758     23.00     48.00     83.00    320.00      0.00
  0.4000   0.1200       61.8330    1.3339     21.00     44.00     82.00    581.00      0.00       7.2760    0.2103      2.00      4.00      9.00    107.00      0.00      52.9560    1.0248     17.00     44.00     76.00    330.00      0.00
  0.4000   0.1000       77.2820    1.7264     26.00     54.00    103.00    769.00      0.00      11.5300    0.3524      2.00      6.00     14.00    189.00      0.00      47.5905    1.0358      9.00     37.00     70.00    329.00      0.00
  0.4000   0.0800       99.7270    2.1657     34.00     71.00    136.00    957.00      0.00      20.6370    0.5984      3.00     11.00     27.00    276.00      0.00      41.6880    0.9896      5.00     29.00     64.00    344.00      0.00
  0.4000   0.0600      134.5255    2.9295     41.00     97.00    183.00    953.00      0.00      40.2445    1.0495      7.00     24.00     57.00    378.00      0.00      31.3560    0.9467      1.00     11.00     48.00    268.00      0.00
  0.4000   0.0400      161.5735    3.5823     48.00    110.00    224.00   1394.00      0.00      76.8275    1.8391     18.00     51.00    106.00    721.00      0.00      17.8565    0.7273      0.00      2.00     20.00    251.00      0.00
  0.4000   0.0200      188.1595    4.3238     52.00    129.00    261.00   1643.00      0.00     138.4575    3.2697     34.00     95.00    196.00   1353.00      0.00       5.7020    0.4495      0.00      0.00      1.00    224.00      0.00
  0.2000   0.2000      105.6430    2.2420     33.00     74.00    147.00    741.00      0.00       2.7065    0.0636      1.00      1.00      3.00     26.00      0.00     172.4065    3.8945     49.00    122.00    245.00   1786.00      0.00
  0.2000   0.1800      115.0520    2.4146     38.00     83.00    156.00    762.00      0.00       3.1395    0.0737      1.00      2.00      4.00     42.00      0.00     154.3325    3.6109     42.00    102.00    215.00   1318.00      0.00
  0.2000   0.1600      119.0815    2.5506     37.00     86.00    163.00    747.00      0.00       4.1035    0.1218      1.00      2.00      5.00     97.00      0.00     131.3675    3.1511     30.00     91.00    183.00   1115.00      0.00
  0.2000   0.1400      133.5265    2.9731     39.00     98.00    178.00    922.00      0.00       5.3320    0.1707      1.00      3.00      7.00    126.00      0.00     114.8680    2.8290     22.00     73.00    162.00    877.00      0.00
  0.2000   0.1200      148.6085    3.2040     46.00    109.00    205.00   1590.00      0.00       7.0260    0.2027      1.00      4.00      9.00     92.00      0.00     102.1640    2.7524     15.00     60.00    146.00   1324.00      0.00
  0.2000   0.1000      155.3530    3.4384     46.00    106.00    218.00   1245.00      0.00      11.3595    0.3285      2.00      6.00     14.00    167.00      0.00      73.7175    2.0344      8.00     40.00    107.00    746.00      0.00
  0.2000   0.0800      168.9805    3.9464     49.00    119.00    227.00   1775.00      0.00      19.8660    0.5870      4.00     10.00     25.00    322.00      0.00      54.6030    1.8327      3.00     21.00     72.00    576.00      0.00
  0.2000   0.0600      186.0715    4.1555     55.00    127.00    262.00   1733.00      0.00      40.1705    1.0261      8.00     25.00     55.00    398.00      0.00      33.3015    1.3433      1.00      8.00     37.00    486.00      0.00
  0.2000   0.0400      197.0930    4.4775     53.00    131.00    271.00   1529.00      0.00      75.1260    1.7703     17.00     48.00    108.00    597.00      0.00      15.6640    0.8603      0.00      1.00     11.00    580.00      0.00
  0.2000   0.0200      200.3840    4.4729     58.00    139.00    276.00   1492.00      0.00     142.1525    3.1805     40.00    100.00    201.00   1196.00      0.00       3.5010    0.3506      0.00      0.00      1.00    270.00      0.00
