Amp Radius  OC_Mean OC_Std OC_Q1 OC_Med OC_Q3 OC_Max OC_Min  Exp_Mean Exp_Std Exp_Q1 Exp_Med Exp_Q3 Exp_Max Exp_Min  Num_Mean Num_Std Num_Q1 Num_Med Num_Q3 Num_Max Num_Min
  2.0000   0.2000        5.2015    0.0959      2.00      4.00      7.00     39.00      0.00       3.0590    0.0749      1.00      2.00      4.00     33.00      0.00       9.0130    0.0799      7.00     10.00     11.00     22.00      0.00
  2.0000   0.1800        5.7765    0.1094      3.00      4.00      7.00     43.00      0.00       3.4840    0.0837      1.00      2.00      4.00     41.00      0.00       8.8705    0.0758      7.00     10.00     11.00     20.00      0.00
  2.0000   0.1600        6.8110    0.1491      3.00      5.00      9.00     91.00      0.00       4.3480    0.1280      1.00      2.00      5.00     90.00      0.00       8.7640    0.0792      7.00     10.00     11.00     23.00      0.00
  2.0000   0.1400        8.7610    0.2099      3.00      6.00     11.00    211.00      0.00       5.8625    0.1816      1.00      3.00      8.00    210.00      0.00       8.5370    0.0747      7.00     10.00     11.00     20.00      0.00
  2.0000   0.1200       11.6215    0.2856      4.00      8.00     14.00    175.00      0.00       7.9150    0.2306      2.00      5.00     10.00    174.00      0.00       8.4640    0.0756      6.00      9.00     11.00     20.00      0.00
  2.0000   0.1000       15.4380    0.3759      5.00     10.00     20.00    161.00      0.00      11.7880    0.3354      2.00      7.00     15.00    143.00      0.00       7.9955    0.0811      6.00      9.00     10.00     20.00      0.00
  2.0000   0.0800       24.1530    0.6210      6.00     15.00     31.00    216.00      0.00      20.1750    0.5721      4.00     11.00     26.00    215.00      0.00       7.3360    0.0869      5.00      8.00     10.00     18.00      0.00
  2.0000   0.0600       44.2480    1.0716     11.00     29.00     59.00    430.00      0.00      38.5470    0.9746      8.00     25.00     52.00    345.00      0.00       6.4225    0.0932      2.00      7.00     10.00     20.00      0.00
  2.0000   0.0400       79.2385    1.8699     20.00     54.00    109.00    869.00      0.00      73.0280    1.7775     18.00     49.00    100.00    869.00      0.00       4.7075    0.0991      0.00      5.00      9.00     19.00      0.00
  2.0000   0.0200      140.4790    3.2673     38.00     96.00    194.00   1108.00      0.00     135.8170    3.1741     36.00     93.00    190.00   1017.00      0.00       1.9380    0.0765      0.00      0.00      4.00     17.00      0.00
  1.8000   0.2000        5.5450    0.1068      2.00      4.00      7.00     65.00      0.00       3.0335    0.0775      1.00      2.00      4.00     45.00      0.00       9.6200    0.0829      7.00     10.00     12.00     24.00      0.00
  1.8000   0.1800        6.2400    0.1260      3.00      4.00      8.00     62.00      0.00       3.4035    0.0836      1.00      2.00      4.00     39.00      0.00       9.3540    0.0823      7.00     10.00     11.00     27.00      0.00
  1.8000   0.1600        7.6020    0.1574      3.00      6.00     10.00     94.00      0.00       4.4010    0.1143      1.00      3.00      6.00     71.00      0.00       9.2185    0.0832      7.00     10.00     11.00     23.00      0.00
  1.8000   0.1400        9.2060    0.2200      3.00      6.00     12.00    134.00      0.00       5.5900    0.1737      1.00      3.00      7.00    134.00      0.00       9.1440    0.0825      7.00     10.00     11.00     23.00      0.00
  1.8000   0.1200       11.5175    0.2702      4.00      8.00     15.00    111.00      0.00       7.4715    0.2184      2.00      4.00      9.00    109.00      0.00       8.7445    0.0836      7.00     10.00     11.00     22.00      0.00
  1.8000   0.1000       16.2290    0.4061      5.00     10.00     21.00    199.00      0.00      11.2500    0.3359      2.00      6.00     14.00    196.00      0.00       8.4445    0.0880      6.00      9.00     11.00     24.00      0.00
  1.8000   0.0800       26.6415    0.7077      7.00     16.00     35.00    357.00      0.00      20.7360    0.6038      4.00     12.00     28.00    357.00      0.00       7.8810    0.0944      6.00      9.00     11.00     23.00      0.00
  1.8000   0.0600       46.7155    1.1441     11.00     29.00     65.00    552.00      0.00      38.9950    0.9938      7.00     23.00     54.00    340.00      0.00       6.8465    0.1026      2.00      8.00     10.00     24.00      0.00
  1.8000   0.0400       81.8690    1.8986     20.00     54.00    116.00    686.00      0.00      74.5415    1.7763     17.00     49.00    106.00    591.00      0.00       4.8715    0.1064      0.00      5.00      9.00     21.00      0.00
  1.8000   0.0200      142.9265    3.2333     40.00     94.00    199.00   1313.00      0.00     137.5320    3.1501     38.00     90.00    192.00   1313.00      0.00       2.1400    0.0841      0.00      0.00      4.00     19.00      0.00
  1.6000   0.2000        6.1860    0.1184      3.00      4.00      8.00     46.00      0.00       2.9850    0.0748      1.00      2.00      4.00     29.00      0.00      10.4170    0.0945      8.00     10.00     13.00     27.00      0.00
  1.6000   0.1800        7.0130    0.1461      3.00      5.00      9.00     64.00      0.00       3.3705    0.0856      1.00      2.00      4.00     38.00      0.00      10.2940    0.0910      8.00     10.00     12.00     29.00      0.00
  1.6000   0.1600        8.4670    0.1769      3.00      6.00     11.00     73.00      0.00       4.3445    0.1126      1.00      3.00      6.00     53.00      0.00      10.0205    0.0930      8.00     10.00     12.00     30.00      0.00
  1.6000   0.1400       10.0985    0.2363      4.00      7.00     13.00    129.00      0.00       5.5330    0.1651      1.00      3.00      7.00    127.00      0.00       9.7300    0.0918      8.00     10.00     12.00     26.00      0.00
  1.6000   0.1200       13.2240    0.3120      4.00      9.00     17.00    136.00      0.00       7.5925    0.2174      2.00      4.00     10.00    123.00      0.00       9.4665    0.0921      7.00     10.00     12.00     28.00      0.00
  1.6000   0.1000       17.6715    0.4265      6.00     11.00     23.00    186.00      0.00      11.4200    0.3314      2.00      7.00     14.00    165.00      0.00       9.1385    0.0988      7.00     10.00     11.00     26.00      0.00
  1.6000   0.0800       28.3010    0.7244      8.00     18.00     37.00    370.00      0.00      20.3075    0.5794      4.00     12.00     27.00    276.00      0.00       8.4635    0.1065      6.00      9.00     11.00     25.00      0.00
  1.6000   0.0600       50.3140    1.1767     14.00     35.00     69.00    422.00      0.00      41.3900    1.0551      9.00     26.00     55.00    419.00      0.00       7.1480    0.1139      1.00      8.00     11.00     31.00      0.00
  1.6000   0.0400       86.2490    2.0469     21.00     57.00    121.00    992.00      0.00      75.9465    1.8237     17.00     50.00    108.00    785.00      0.00       5.4670    0.1190      0.00      6.00     10.00     26.00      0.00
  1.6000   0.0200      143.4250    3.2322     41.00     99.00    202.00   1219.00      0.00     136.7210    3.1087     38.00     95.00    194.00   1203.00      0.00       2.3030    0.0937      0.00      0.00      3.00     23.00      0.00
  1.4000   0.2000        7.0175    0.1267      3.00      5.00      9.00     60.00      0.00       2.9975    0.0697      1.00      2.00      4.00     36.00      0.00      11.6625    0.1094      9.00     11.00     14.00     37.00      0.00
  1.4000   0.1800        8.0240    0.1659      3.00      6.00     10.00    103.00      0.00       3.5430    0.0855      1.00      2.00      5.00     32.00      0.00      11.4960    0.1087      9.00     11.00     14.00     38.00      0.00
  1.4000   0.1600        9.5375    0.2023      4.00      7.00     12.00     81.00      0.00       4.3350    0.1185      1.00      2.00      6.00     64.00      0.00      11.3350    0.1078      9.00     11.00     14.00     32.00      0.00
  1.4000   0.1400       11.6310    0.2645      4.00      8.00     15.00    189.00      0.00       5.6960    0.1819      1.00      3.00      7.00    189.00      0.00      11.0220    0.1081      9.00     11.00     14.00     29.00      0.00
  1.4000   0.1200       15.5070    0.3629      5.00     10.00     20.00    142.00      0.00       7.9565    0.2359      2.00      5.00     10.00    140.00      0.00      10.6135    0.1112      8.00     11.00     13.00     31.00      0.00
  1.4000   0.1000       20.6675    0.4902      6.00     13.00     27.00    257.00      0.00      11.7060    0.3392      2.00      6.00     15.00    135.00      0.00      10.2730    0.1178      8.00     10.00     13.00     29.00      0.00
  1.4000   0.0800       30.6915    0.7546      9.00     20.00     42.00    580.00      0.00      19.9885    0.5503      4.00     11.00     26.00    218.00      0.00       9.6060    0.1216      7.00     10.00     12.00     35.00      0.00
  1.4000   0.0600       54.9450    1.2951     15.00     37.00     72.00    460.00      0.00      40.8110    1.0522      9.00     26.00     55.00    460.00      0.00       8.0700    0.1342      1.00      9.00     12.00     32.00      0.00
  1.4000   0.0400       87.2515    1.9846     23.00     60.00    122.00    767.00      0.00      72.8985    1.7546     17.00     49.00    100.00    767.00      0.00       6.0635    0.1373      0.00      6.00     11.00     31.00      0.00
  1.4000   0.0200      145.2350    3.1793     42.00    104.00    202.00   1221.00      0.00     135.1275    2.9982     38.00     97.00    190.00   1027.00      0.00       2.5235    0.1070      0.00      0.00      2.00     26.00      0.00
  1.2000   0.2000        8.2075    0.1786      4.00      6.00     10.00    111.00      0.00       2.9025    0.0730      1.00      2.00      3.00     35.00      0.00      13.8340    0.1378     10.00     13.00     17.00     44.00      0.00
  1.2000   0.1800        9.1905    0.1998      4.00      6.00     11.00     92.00      0.00       3.4700    0.0917      1.00      2.00      4.00     53.00      0.00      13.5970    0.1391     10.00     13.00     17.00     37.00      0.00
  1.2000   0.1600       10.8705    0.2252      4.00      8.00     14.00    117.00      0.00       4.2415    0.1116      1.00      2.00      5.00     57.00      0.00      13.2840    0.1368     10.00     12.00     17.00     48.00      0.00
  1.2000   0.1400       13.6050    0.3006      5.00      9.00     18.00    147.00      0.00       5.5110    0.1585      1.00      3.00      7.00    109.00      0.00      12.9620    0.1368     10.00     12.00     16.00     38.00      0.00
  1.2000   0.1200       16.8260    0.4118      6.00     12.00     22.00    217.00      0.00       7.4925    0.2309      2.00      4.00      9.00    175.00      0.00      12.4100    0.1436      9.00     12.00     16.00     39.00      0.00
  1.2000   0.1000       23.3625    0.5413      7.00     16.00     30.00    222.00      0.00      11.8540    0.3511      2.00      7.00     15.00    171.00      0.00      11.8070    0.1439      9.00     11.00     16.00     32.00      0.00
  1.2000   0.0800       35.4580    0.8115     11.00     23.00     48.00    281.00      0.00      20.1085    0.5397      4.00     12.00     27.00    206.00      0.00      11.2130    0.1563      7.00     11.00     16.00     44.00      0.00
  1.2000   0.0600       59.8830    1.3970     15.00     41.00     83.00    564.00      0.00      41.3945    1.0992      8.00     24.00     57.00    468.00      0.00       9.5245    0.1673      1.00     10.00     14.00     41.00      0.00
  1.2000   0.0400       94.1440    2.1819     24.00     61.00    135.00    632.00      0.00      74.7400    1.8461     16.00     46.00    105.00    587.00      0.00       6.7335    0.1645      0.00      5.00     12.00     39.00      0.00
  1.2000   0.0200      150.5405    3.4650     40.00     99.00    214.00   1309.00      0.00     137.3630    3.2426     36.00     88.00    194.00   1309.00      0.00       3.0505    0.1341      0.00      0.00      2.00     34.00      0.00
  1.0000   0.2000       10.0445    0.2076      4.00      7.00     13.00    113.00      0.00       3.0750    0.0735      1.00      2.00      4.00     29.00      0.00      17.1605    0.1872     11.00     16.00     22.00     60.00      0.00
  1.0000   0.1800       11.3430    0.2275      5.00      8.00     15.00     89.00      0.00       3.4535    0.0877      1.00      2.00      4.00     42.00      0.00      16.6675    0.1832     11.00     16.00     22.00     51.00      0.00
  1.0000   0.1600       13.3765    0.3062      5.00      9.00     17.00    199.00      0.00       4.0905    0.1105      1.00      2.00      5.00     78.00      0.00      16.7095    0.1937     11.00     16.00     22.00     56.00      0.00
  1.0000   0.1400       16.4275    0.3708      6.00     12.00     22.00    172.00      0.00       5.4170    0.1388      1.00      3.00      7.00     66.00      0.00      15.9480    0.1920     11.00     15.00     21.00     52.00      0.00
  1.0000   0.1200       21.1230    0.4900      7.00     14.00     28.00    253.00      0.00       7.7185    0.2492      2.00      4.00     10.00    194.00      0.00      15.7960    0.2013     10.00     15.00     21.00     61.00      0.00
  1.0000   0.1000       28.8735    0.7007      8.00     18.00     38.00    266.00      0.00      11.5705    0.3739      2.00      6.00     14.00    243.00      0.00      14.7425    0.1984     10.00     14.00     20.00     57.00      0.00
  1.0000   0.0800       41.2140    1.0067     12.00     28.00     54.00    629.00      0.00      20.3530    0.6265      4.00     12.00     27.00    402.00      0.00      13.2860    0.2094      6.00     13.00     19.00     53.00      0.00
  1.0000   0.0600       67.5650    1.5748     19.00     46.00     93.00    759.00      0.00      39.4680    1.0303      7.00     24.00     56.00    370.00      0.00      11.5630    0.2142      1.00     11.00     19.00     56.00      0.00
  1.0000   0.0400      102.5165    2.4008     26.00     66.00    143.00    789.00      0.00      74.8775    1.8324     16.00     49.00    103.00    594.00      0.00       8.0625    0.2089      0.00      3.00     14.00     43.00      0.00
  1.0000   0.0200      160.8340    3.5293     46.00    112.00    227.00   1195.00      0.00     141.1585    3.1655     39.00     97.00    201.00    891.00      0.00       3.3320    0.1581      0.00      0.00      1.00     57.00      0.00
  0.8000   0.2000       12.7775    0.2518      5.00      9.00     16.00     89.00      0.00       3.0790    0.0758      1.00      2.00      4.00     31.00      0.00      23.0180    0.2787     14.00     21.00     30.00     83.00      0.00
  0.8000   0.1800       15.0365    0.3183      6.00     11.00     19.00    172.00      0.00       3.5485    0.0948      1.00      2.00      4.00     60.00      0.00      22.6985    0.2768     14.00     22.00     30.00     80.00      0.00
  0.8000   0.1600       18.4060    0.3887      7.00     13.00     24.00    189.00      0.00       4.4175    0.1217      1.00      2.00      6.00     78.00      0.00      22.3550    0.2904     13.00     21.00     30.00     95.00      0.00
  0.8000   0.1400       21.5085    0.4552      7.00     15.00     29.00    211.00      0.00       5.5885    0.1600      1.00      3.00      7.00     93.00      0.00      20.9645    0.2728     13.00     20.00     29.00     81.00      0.00
  0.8000   0.1200       27.3055    0.6183      9.00     18.00     37.00    266.00      0.00       7.8235    0.2349      2.00      4.00     10.00    156.00      0.00      20.5395    0.2868     12.00     20.00     28.00     75.00      0.00
  0.8000   0.1000       36.8910    0.8347     12.00     25.00     49.00    381.00      0.00      11.6105    0.3381      3.00      7.00     15.00    261.00      0.00      19.8000    0.2936     11.00     19.00     28.00     85.00      0.00
  0.8000   0.0800       49.8170    1.0903     15.00     34.00     68.00    318.00      0.00      20.0675    0.5518      4.00     11.00     28.00    263.00      0.00      17.5130    0.2951      7.00     17.00     26.00     75.00      0.00
  0.8000   0.0600       75.4745    1.6745     20.00     52.00    107.00    505.00      0.00      37.8885    0.9854      7.00     22.00     53.00    311.00      0.00      14.5590    0.3133      1.00     12.00     23.00     76.00      0.00
  0.8000   0.0400      115.4710    2.6836     33.00     78.00    156.00   1046.00      0.00      74.7905    1.8067     18.00     50.00    108.00    874.00      0.00       9.4990    0.2961      0.00      2.00     17.00     76.00      0.00
  0.8000   0.0200      169.9430    3.7673     48.00    118.00    234.00   1078.00      0.00     140.9630    3.2143     39.00     94.00    194.00   1035.00      0.00       4.2735    0.2188      0.00      0.00      1.00     69.00      0.00
  0.6000   0.2000       18.8135    0.3855      8.00     14.00     24.00    155.00      0.00       2.9895    0.0781      1.00      2.00      4.00     50.00      0.00      33.8510    0.4583     19.00     31.00     46.00    138.00      0.00
  0.6000   0.1800       21.2455    0.4336      9.00     15.00     28.00    244.00      0.00       3.5465    0.0856      1.00      2.00      4.00     33.00      0.00      34.2040    0.4856     19.00     31.00     46.00    162.00      0.00
  0.6000   0.1600       25.2980    0.5135     10.00     18.00     33.00    200.00      0.00       4.4260    0.1198      1.00      2.00      6.00     60.00      0.00      33.0650    0.4690     18.00     31.00     45.00    129.00      0.00
  0.6000   0.1400       30.6735    0.6777     11.00     22.00     39.00    320.00      0.00       5.6630    0.1508      1.00      3.00      8.00     66.00      0.00      31.6050    0.4754     16.00     29.00     44.00    161.00      0.00
  0.6000   0.1200       36.9405    0.7878     12.00     26.00     51.00    327.00      0.00       7.4275    0.2030      2.00      4.00     10.00     93.00      0.00      31.0960    0.5040     15.00     28.00     44.00    187.00      0.00
  0.6000   0.1000       47.4660    1.0101     16.00     34.00     64.00    391.00      0.00      11.7555    0.3800      2.00      7.00     14.00    214.00      0.00      28.1585    0.4899     11.00     26.00     41.00    121.00      0.00
  0.6000   0.0800       65.3475    1.4556     19.00     45.00     88.00    530.00      0.00      20.2435    0.5752      4.00     11.00     27.00    241.00      0.00      25.8875    0.4891      5.00     23.00     40.00    126.00      0.00
  0.6000   0.0600       94.6445    2.1338     27.00     61.00    133.00    863.00      0.00      39.4870    1.0092      8.00     24.00     55.00    302.00      0.00      20.1590    0.4995      1.00     13.00     33.00    129.00      0.00
  0.6000   0.0400      133.9520    2.9799     39.00     94.00    189.00    951.00      0.00      76.8570    1.7978     18.00     51.00    110.00    730.00      0.00      13.4730    0.4444      0.00      2.00     22.00    116.00      0.00
  0.6000   0.0200      171.6840    3.7957     48.00    120.00    234.00   1196.00      0.00     134.2630    3.0563     38.00     91.00    188.00   1096.00      0.00       4.8625    0.2959      0.00      0.00      1.00    136.00      0.00
  0.4000   0.2000       32.9085    0.6640     13.00     24.00     44.00    246.00      0.00       2.9375    0.0743      1.00      2.00      4.00     40.00      0.00      63.4370    1.0920     28.00     53.00     88.00    398.00      0.00
  0.4000   0.1800       39.2060    0.7948     15.00     29.00     52.00    430.00      0.00       3.7050    0.0991      1.00      2.00      5.00     66.00      0.00      62.1610    1.0777     26.00     53.00     87.00    445.00      0.00
  0.4000   0.1600       42.9990    0.8701     16.00     32.00     57.00    400.00      0.00       4.2245    0.1183      1.00      2.00      5.00     60.00      0.00      60.1270    1.0391     25.00     51.00     85.00    326.00      0.00
  0.4000   0.1400       52.6580    1.1091     19.00     38.00     70.00    352.00      0.00       5.5465    0.1478      1.00      3.00      7.00     91.00      0.00      57.5940    1.0542     21.00     50.00     82.00    425.00      0.00
  0.4000   0.1200       62.1890    1.3316     22.00     44.00     83.00    475.00      0.00       7.7580    0.2215      2.00      4.00     10.00    120.00      0.00      54.1840    1.0849     15.00     44.00     78.00    322.00      0.00
  0.4000   0.1000       75.5125    1.6721     23.00     51.00    106.00    698.00      0.00      11.1820    0.3279      2.00      6.00     14.00    181.00      0.00      47.7445    1.0470      9.00     36.00     72.00    302.00      0.00
  0.4000   0.0800       99.8180    2.0654     33.00     72.00    141.00    754.00      0.00      20.9135    0.5699      4.00     12.00     28.00    239.00      0.00      40.3285    1.0077      4.00     25.00     63.00    307.00      0.00
  0.4000   0.0600      124.0200    2.7502     36.00     84.00    174.00    942.00      0.00      39.3495    1.0456      8.00     24.00     53.00    365.00      0.00      30.4025    0.9383      1.00      9.00     49.00    305.00      0.00
  0.4000   0.0400      155.8690    3.4137     47.00    111.00    218.00   1230.00      0.00      78.0755    1.8805     19.00     50.00    109.00    810.00      0.00      17.5765    0.7867      0.00      2.00     17.00    318.00      0.00
  0.4000   0.0200      178.8580    3.9378     49.00    127.00    259.00   1599.00      0.00     134.7720    3.0229     35.00     93.00    194.00   1022.00      0.00       4.4175    0.3695      0.00      0.00      1.00    212.00      0.00
  0.2000   0.2000      101.3200    2.0784     35.00     74.00    139.00    678.00      0.00       2.9275    0.0712      1.00      2.00      4.00     26.00      0.00     167.5735    3.7226     47.00    118.00    234.00   1490.00      0.00
  0.2000   0.1800      108.6335    2.4572     33.00     76.00    144.00   1032.00      0.00       3.7110    0.1033      1.00      2.00      5.00     76.00      0.00     147.0955    3.5662     34.00    101.00    203.00   1371.00      0.00
  0.2000   0.1600      120.5965    2.8383     36.00     82.00    163.00   1260.00      0.00       4.3595    0.1224      1.00      2.00      6.00     65.00      0.00     131.7490    3.3387     27.00     82.00    181.00   1123.00      0.00
  0.2000   0.1400      131.7710    2.7860     42.00     95.00    184.00    880.00      0.00       5.4095    0.1712      1.00      3.00      7.00    141.00      0.00     120.8200    2.8911     24.00     77.00    179.00   1003.00      0.00
  0.2000   0.1200      140.1385    2.9523     41.00    100.00    198.00    936.00      0.00       7.5880    0.2147      2.00      4.00     10.00     95.00      0.00      94.8095    2.5261     13.00     55.00    131.00   1058.00      0.00
  0.2000   0.1000      158.8415    3.5707     48.00    114.00    215.00   1629.00      0.00      12.0320    0.3724      3.00      7.00     15.00    191.00      0.00      76.2740    2.2439      7.00     38.00    109.00    812.00      0.00
  0.2000   0.0800      170.0915    3.7211     52.00    121.00    235.00   1307.00      0.00      20.4440    0.5526      4.00     12.00     27.00    269.00      0.00      54.6825    1.8011      4.00     20.00     73.00    646.00      0.00
  0.2000   0.0600      179.2655    3.9565     51.00    125.00    256.00   1127.00      0.00      39.0835    1.0173      7.00     24.00     55.00    387.00      0.00      31.5345    1.4524      1.00      6.00     32.00    822.00      0.00
  0.2000   0.0400      194.7385    4.1616     58.00    141.00    276.00   1209.00      0.00      77.5675    1.8863     18.00     52.00    106.00    893.00      0.00      13.6025    0.7488      0.00      2.00      9.00    347.00      0.00
  0.2000   0.0200      192.4135    4.2548     54.00    133.00    269.00   1550.00      0.00     132.7290    3.0145     36.00     91.00    186.00    911.00      0.00       4.1750    0.3815      0.00      0.00      1.00    255.00      0.00
