Amp Radius  OC_Mean OC_Std OC_Q1 OC_Med OC_Q3 OC_Max OC_Min  Exp_Mean Exp_Std Exp_Q1 Exp_Med Exp_Q3 Exp_Max Exp_Min  Num_Mean Num_Std Num_Q1 Num_Med Num_Q3 Num_Max Num_Min
  2.0000   0.2000        3.9045    0.0530      2.00      3.00      5.00     32.00      0.00       1.7250    0.0324      1.00      1.00      2.00     30.00      0.00       9.1295    0.0815      7.00     10.00     12.00     21.00      0.00
  2.0000   0.1800        4.3600    0.0636      3.00      4.00      5.00     39.00      0.00       1.9870    0.0453      1.00      1.00      2.00     37.00      0.00       8.9375    0.0811      7.00     10.00     11.00     23.00      0.00
  2.0000   0.1600        4.9260    0.0793      3.00      4.00      6.00     51.00      0.00       2.3640    0.0602      1.00      2.00      3.00     49.00      0.00       8.8680    0.0781      7.00     10.00     11.00     20.00      0.00
  2.0000   0.1400        6.0335    0.1357      3.00      5.00      7.00    131.00      0.00       3.2390    0.1026      1.00      2.00      4.00     78.00      0.00       8.5595    0.0787      6.00      9.00     11.00     19.00      0.00
  2.0000   0.1200        7.6830    0.1786      3.00      6.00      9.00    113.00      0.00       4.5225    0.1500      1.00      3.00      5.00    110.00      0.00       8.2765    0.0799      6.00      9.00     11.00     19.00      0.00
  2.0000   0.1000       10.7780    0.2722      4.00      7.00     13.00    142.00      0.00       7.1580    0.2481      2.00      3.00      8.00    142.00      0.00       8.1215    0.0795      6.00      9.00     11.00     22.00      0.00
  2.0000   0.0800       18.4225    0.4951      5.00     10.00     23.00    202.00      0.00      14.3005    0.4561      2.00      6.00     18.00    200.00      0.00       7.6645    0.0834      6.00      8.00     11.00     19.00      0.00
  2.0000   0.0600       34.1485    0.8432      8.00     21.00     48.00    353.00      0.00      29.6635    0.7887      5.00     17.00     42.00    352.00      0.00       6.7250    0.0936      3.00      7.00     10.00     16.00      0.00
  2.0000   0.0400       67.4285    1.5810     17.00     45.00     96.00    806.00      0.00      61.2250    1.4769     13.00     41.00     89.00    804.00      0.00       5.1115    0.0993      0.00      6.00      9.00     19.00      0.00
  2.0000   0.0200      131.3655    3.0663     33.00     87.00    188.00   1135.00      0.00     125.2715    2.9268     31.00     83.00    178.00    916.00      0.00       2.4950    0.0825      0.00      0.00      6.00     16.00      0.00
  1.8000   0.2000        4.2880    0.0605      3.00      4.00      5.00     39.00      0.00       1.6795    0.0321      1.00      1.00      2.00     27.00      0.00       9.8285    0.0845      8.00     10.00     12.00     24.00      0.00
  1.8000   0.1800        4.8130    0.0780      3.00      4.00      6.00     50.00      0.00       1.9815    0.0480      1.00      1.00      2.00     49.00      0.00       9.6170    0.0840      7.00     10.00     12.00     23.00      0.00
  1.8000   0.1600        5.4860    0.0889      3.00      5.00      7.00     53.00      0.00       2.3905    0.0572      1.00      2.00      3.00     52.00      0.00       9.5080    0.0813      7.00     10.00     12.00     21.00      0.00
  1.8000   0.1400        6.5330    0.1392      3.00      5.00      8.00    137.00      0.00       3.1150    0.1124      1.00      2.00      4.00    133.00      0.00       9.2480    0.0806      7.00     10.00     11.00     22.00      0.00
  1.8000   0.1200        8.4795    0.1928      4.00      6.00     10.00     93.00      0.00       4.5055    0.1532      1.00      2.00      5.00     90.00      0.00       8.9465    0.0801      7.00     10.00     11.00     22.00      0.00
  1.8000   0.1000       11.7295    0.2990      4.00      8.00     14.00    147.00      0.00       7.1745    0.2571      1.00      3.00      7.00    146.00      0.00       8.5235    0.0821      6.00      9.00     11.00     21.00      0.00
  1.8000   0.0800       19.4005    0.5234      6.00     11.00     24.00    262.00      0.00      14.0665    0.4622      2.00      6.00     17.00    227.00      0.00       8.1530    0.0896      6.00      9.00     11.00     20.00      0.00
  1.8000   0.0600       35.4115    0.8815      8.00     22.00     49.00    423.00      0.00      28.9135    0.7826      5.00     16.00     40.00    337.00      0.00       7.3350    0.0972      5.00      8.00     11.00     22.00      0.00
  1.8000   0.0400       65.8050    1.5357     16.00     44.00     93.00    475.00      0.00      58.8810    1.4688     12.00     39.00     83.00    475.00      0.00       5.4795    0.1067      0.00      6.00     10.00     19.00      0.00
  1.8000   0.0200      138.5195    3.2412     38.00     95.00    190.00   1229.00      0.00     130.2305    3.0657     35.00     88.00    181.00   1229.00      0.00       2.4430    0.0874      0.00      0.00      5.00     28.00      0.00
  1.6000   0.2000        4.9565    0.0722      3.00      4.00      6.00     33.00      0.00       1.7870    0.0371      1.00      1.00      2.00     19.00      0.00      10.7570    0.0918      8.00     11.00     13.00     28.00      0.00
  1.6000   0.1800        5.3105    0.0782      3.00      4.00      7.00     39.00      0.00       1.9660    0.0434      1.00      1.00      2.00     39.00      0.00      10.4625    0.0899      8.00     11.00     13.00     29.00      0.00
  1.6000   0.1600        6.3060    0.1040      3.00      5.00      8.00     47.00      0.00       2.4800    0.0646      1.00      1.00      3.00     39.00      0.00      10.3455    0.0910      8.00     11.00     13.00     26.00      0.00
  1.6000   0.1400        7.3885    0.1412      4.00      6.00      9.00    112.00      0.00       3.1330    0.1012      1.00      2.00      4.00    108.00      0.00       9.9055    0.0864      8.00     10.00     12.00     27.00      0.00
  1.6000   0.1200        9.4020    0.1974      4.00      7.00     11.00     98.00      0.00       4.4600    0.1459      1.00      2.00      5.00     76.00      0.00       9.6355    0.0880      7.00     10.00     12.00     23.00      0.00
  1.6000   0.1000       13.1935    0.3005      5.00      9.00     16.00    112.00      0.00       7.3835    0.2434      2.00      4.00      8.00     97.00      0.00       9.4540    0.0904      7.00     10.00     12.00     27.00      0.00
  1.6000   0.0800       21.5200    0.5590      7.00     13.00     26.00    217.00      0.00      14.9315    0.4644      3.00      7.00     18.00    196.00      0.00       8.7810    0.0971      6.00     10.00     12.00     25.00      0.00
  1.6000   0.0600       38.0935    0.9697      9.00     23.00     52.00    533.00      0.00      29.1505    0.8448      4.00     15.00     38.00    532.00      0.00       7.9035    0.1081      5.00      9.00     11.00     25.00      0.00
  1.6000   0.0400       72.4945    1.7332     17.00     48.00     98.00    669.00      0.00      61.3165    1.5243     13.00     39.00     85.00    521.00      0.00       5.7995    0.1162      0.00      6.00     10.00     25.00      0.00
  1.6000   0.0200      131.7025    2.9075     38.00     91.00    185.00    796.00      0.00     123.4145    2.7828     33.00     85.00    175.00    796.00      0.00       2.4580    0.0917      0.00      0.00      5.00     19.00      0.00
  1.4000   0.2000        5.6450    0.0839      3.00      5.00      7.00     33.00      0.00       1.7455    0.0365      1.00      1.00      2.00     29.00      0.00      12.1895    0.1091      9.00     12.00     15.00     33.00      0.00
  1.4000   0.1800        6.2130    0.0946      3.00      5.00      8.00     42.00      0.00       2.0295    0.0427      1.00      1.00      2.00     32.00      0.00      11.8320    0.1050      9.00     12.00     14.00     33.00      0.00
  1.4000   0.1600        7.0250    0.1255      4.00      6.00      9.00     67.00      0.00       2.4265    0.0726      1.00      1.00      3.00     57.00      0.00      11.4485    0.1081      9.00     11.00     14.00     33.00      0.00
  1.4000   0.1400        8.2555    0.1472      4.00      6.00     10.00     63.00      0.00       2.9200    0.0751      1.00      2.00      4.00     54.00      0.00      11.2285    0.1061      9.00     11.00     14.00     42.00      0.00
  1.4000   0.1200       10.7525    0.2257      5.00      8.00     13.00    111.00      0.00       4.3805    0.1503      1.00      2.00      5.00    105.00      0.00      10.8010    0.1021      8.00     11.00     13.00     31.00      0.00
  1.4000   0.1000       14.5740    0.3215      6.00     10.00     18.00    186.00      0.00       7.0030    0.2392      1.00      3.00      8.00    118.00      0.00      10.5360    0.1027      8.00     11.00     13.00     26.00      0.00
  1.4000   0.0800       23.7475    0.5526      7.00     15.00     31.00    185.00      0.00      14.5020    0.4454      2.00      7.00     18.00    177.00      0.00      10.0035    0.1120      7.00     11.00     13.00     30.00      0.00
  1.4000   0.0600       42.4835    1.0644     11.00     27.00     56.00    372.00      0.00      30.1450    0.8309      4.00     17.00     40.00    329.00      0.00       8.7290    0.1229      5.00     10.00     12.00     26.00      0.00
  1.4000   0.0400       77.4430    1.8547     20.00     51.00    105.00    702.00      0.00      62.9250    1.5881     13.00     39.00     87.00    529.00      0.00       6.3460    0.1302      0.00      7.00     11.00     31.00      0.00
  1.4000   0.0200      129.1045    2.8675     37.00     91.00    179.00   1257.00      0.00     117.5060    2.7052     32.00     82.00    162.00   1254.00      0.00       3.0850    0.1130      0.00      0.00      6.00     29.00      0.00
  1.2000   0.2000        6.6270    0.0975      4.00      6.00      8.00     48.00      0.00       1.6950    0.0291      1.00      1.00      2.00     13.00      0.00      14.0090    0.1343     10.00     13.00     17.00     42.00      0.00
  1.2000   0.1800        7.4405    0.1221      4.00      6.00     10.00     65.00      0.00       1.9815    0.0466      1.00      1.00      2.00     44.00      0.00      13.8850    0.1334     10.00     13.00     17.00     43.00      0.00
  1.2000   0.1600        8.6435    0.1622      4.00      7.00     11.00    131.00      0.00       2.4190    0.0709      1.00      2.00      3.00     56.00      0.00      13.2325    0.1351     10.00     13.00     16.00     49.00      0.00
  1.2000   0.1400       10.1410    0.1826      5.00      8.00     13.00    108.00      0.00       3.2080    0.0999      1.00      2.00      4.00     95.00      0.00      13.2205    0.1331     10.00     13.00     16.00     45.00      0.00
  1.2000   0.1200       12.8980    0.2710      6.00     10.00     16.00    161.00      0.00       4.8370    0.1849      1.00      3.00      5.00    161.00      0.00      12.5350    0.1283      9.00     12.00     16.00     37.00      0.00
  1.2000   0.1000       16.5260    0.3618      6.00     12.00     21.00    182.00      0.00       6.8465    0.2343      1.00      3.00      7.00    149.00      0.00      12.1505    0.1365      9.00     12.00     16.00     40.00      0.00
  1.2000   0.0800       26.5305    0.6334      9.00     17.00     35.00    330.00      0.00      14.2735    0.4545      2.00      6.00     18.00    188.00      0.00      11.3365    0.1374      8.00     11.00     15.00     35.00      0.00
  1.2000   0.0600       44.8810    1.0349     12.00     29.00     61.00    354.00      0.00      28.8785    0.7914      4.00     16.00     41.00    343.00      0.00      10.0020    0.1492      5.00     11.00     14.00     35.00      0.00
  1.2000   0.0400       80.2810    1.8895     21.00     56.00    109.00    808.00      0.00      60.5305    1.5344     12.00     39.00     84.00    808.00      0.00       7.5650    0.1591      0.00      8.00     13.00     35.00      0.00
  1.2000   0.0200      145.3155    3.2845     40.00    101.00    200.00   1086.00      0.00     128.8045    3.0097     31.00     87.00    178.00   1086.00      0.00       3.4985    0.1344      0.00      0.00      6.00     32.00      0.00
  1.0000   0.2000        8.3585    0.1315      4.00      7.00     10.00     50.00      0.00       1.7300    0.0339      1.00      1.00      2.00     27.00      0.00      17.6365    0.1919     12.00     17.00     22.00     59.00      0.00
  1.0000   0.1800        9.0790    0.1506      5.00      7.00     12.00     80.00      0.00       1.8925    0.0393      1.00      1.00      2.00     33.00      0.00      16.8640    0.1847     12.00     16.00     22.00     54.00      0.00
  1.0000   0.1600       10.7930    0.1861      6.00      9.00     14.00    100.00      0.00       2.4755    0.0633      1.00      2.00      3.00     41.00      0.00      16.5120    0.1763     12.00     15.00     21.00     58.00      0.00
  1.0000   0.1400       12.7570    0.2251      6.00     10.00     16.00    109.00      0.00       3.1505    0.0991      1.00      2.00      4.00     95.00      0.00      16.0030    0.1782     11.00     15.00     21.00     57.00      0.00
  1.0000   0.1200       16.2910    0.3502      7.00     12.00     20.00    218.00      0.00       4.7075    0.1815      1.00      3.00      5.00    203.00      0.00      15.6310    0.1757     11.00     15.00     20.00     51.00      0.00
  1.0000   0.1000       21.5635    0.4689      9.00     15.00     27.00    234.00      0.00       7.4265    0.2735      2.00      3.00      8.00    202.00      0.00      15.2055    0.1744     11.00     15.00     20.00     47.00      0.00
  1.0000   0.0800       32.1425    0.7107     11.00     22.00     43.00    312.00      0.00      15.0195    0.4794      3.00      7.00     19.00    275.00      0.00      13.8490    0.1904      9.00     13.00     19.00     66.00      0.00
  1.0000   0.0600       51.2325    1.1445     15.00     35.00     68.00    370.00      0.00      28.9580    0.7983      5.00     16.00     40.00    315.00      0.00      12.0335    0.2016      3.00     12.00     18.00     49.00      0.00
  1.0000   0.0400       87.5865    2.0382     23.00     59.00    125.00   1049.00      0.00      58.4880    1.3994     12.00     39.00     84.00    542.00      0.00       9.0035    0.2072      0.00      8.00     15.00     50.00      0.00
  1.0000   0.0200      149.4925    3.3724     41.00    102.00    215.00   1247.00      0.00     125.9595    2.8942     33.00     84.00    178.00    884.00      0.00       3.9565    0.1651      0.00      0.00      5.00     50.00      0.00
  0.8000   0.2000       11.4675    0.1822      6.00      9.00     15.00     65.00      0.00       1.6750    0.0333      1.00      1.00      2.00     28.00      0.00      23.8815    0.2872     15.00     22.00     31.00     85.00      0.00
  0.8000   0.1800       12.8850    0.2151      7.00     11.00     16.00     93.00      0.00       2.0570    0.0470      1.00      1.00      2.00     31.00      0.00      22.9935    0.2734     15.00     21.00     30.00     74.00      0.00
  0.8000   0.1600       15.0425    0.2684      7.00     12.00     20.00    143.00      0.00       2.4775    0.0884      1.00      2.00      3.00     98.00      0.00      22.1015    0.2623     14.00     20.00     29.00     91.00      0.00
  0.8000   0.1400       17.9000    0.3350      8.00     14.00     23.00    151.00      0.00       3.1305    0.0961      1.00      2.00      4.00     56.00      0.00      21.7070    0.2732     13.00     20.00     28.00     75.00      0.00
  0.8000   0.1200       21.1490    0.4064      9.00     16.00     27.00    175.00      0.00       4.2115    0.1312      1.00      2.00      5.00     98.00      0.00      20.1855    0.2609     12.00     19.00     27.00     80.00      0.00
  0.8000   0.1000       28.9985    0.6082     11.00     21.00     38.00    249.00      0.00       7.3035    0.2677      2.00      4.00      8.00    246.00      0.00      20.1375    0.2648     12.00     19.00     27.00     79.00      0.00
  0.8000   0.0800       41.5090    0.9175     15.00     29.00     53.00    327.00      0.00      14.5210    0.4395      2.00      7.00     19.00    176.00      0.00      18.4770    0.2954     10.00     18.00     26.00     72.00      0.00
  0.8000   0.0600       64.0570    1.4555     20.00     42.00     89.00    587.00      0.00      29.1180    0.8117      5.00     16.00     38.00    319.00      0.00      15.5680    0.2935      2.00     15.00     24.00    103.00      0.00
  0.8000   0.0400      103.5110    2.2336     30.00     74.00    145.00    637.00      0.00      61.7760    1.4900     12.00     40.00     89.00    458.00      0.00      11.4830    0.2873      0.00      7.00     20.00     71.00      0.00
  0.8000   0.0200      157.1600    3.6058     45.00    108.00    215.00   1614.00      0.00     125.0585    3.0174     33.00     87.00    169.00   1583.00      0.00       4.5945    0.2107      0.00      0.00      3.00     61.00      0.00
  0.6000   0.2000       17.6380    0.2918      9.00     14.00     23.00     96.00      0.00       1.7275    0.0310      1.00      1.00      2.00     22.00      0.00      35.3680    0.5008     19.00     31.00     46.00    176.00      0.00
  0.6000   0.1800       20.4760    0.3676     10.00     16.00     26.00    165.00      0.00       1.9960    0.0494      1.00      1.00      2.00     52.00      0.00      35.0440    0.4881     20.00     31.00     47.00    162.00      0.00
  0.6000   0.1600       23.1490    0.4411     10.00     18.00     29.00    194.00      0.00       2.4165    0.0630      1.00      1.00      3.00     54.00      0.00      33.0585    0.4797     18.00     29.00     44.00    148.00      0.00
  0.6000   0.1400       26.8290    0.4980     12.00     21.00     35.00    202.00      0.00       3.1070    0.0889      1.00      2.00      4.00     54.00      0.00      31.8710    0.4554     17.00     29.00     44.00    118.00      0.00
  0.6000   0.1200       32.4215    0.6278     13.00     24.00     43.00    225.00      0.00       4.3680    0.1484      1.00      2.00      5.00    125.00      0.00      30.3115    0.4620     16.00     27.00     41.00    131.00      0.00
  0.6000   0.1000       43.5155    0.9082     17.00     33.00     56.00    493.00      0.00       7.0255    0.2457      1.00      3.00      8.00    221.00      0.00      29.2400    0.4630     14.00     26.00     41.00    147.00      0.00
  0.6000   0.0800       60.0125    1.2740     21.00     43.00     80.00    477.00      0.00      14.5850    0.4556      2.00      6.00     19.00    225.00      0.00      26.7155    0.4790     10.00     23.00     39.00    131.00      0.00
  0.6000   0.0600       85.3805    1.8717     27.00     59.00    118.00    851.00      0.00      30.7045    0.8499      5.00     18.00     42.00    357.00      0.00      21.6190    0.4786      3.00     17.00     33.00    234.00      0.00
  0.6000   0.0400      124.9840    2.7109     39.00     85.00    173.00    990.00      0.00      61.8720    1.5198     14.00     40.00     86.00    560.00      0.00      14.3580    0.4342      0.00      4.00     25.00    137.00      0.00
  0.6000   0.0200      169.8965    3.7088     50.00    124.00    234.00   1432.00      0.00     123.8055    2.9226     34.00     87.00    170.00   1311.00      0.00       5.5880    0.3134      0.00      0.00      2.00    136.00      0.00
  0.4000   0.2000       36.8665    0.7031     16.00     29.00     48.00    277.00      0.00       1.7315    0.0306      1.00      1.00      2.00     16.00      0.00      67.2380    1.1441     30.00     56.00     91.00    353.00      0.00
  0.4000   0.1800       42.1670    0.8062     18.00     33.00     56.00    335.00      0.00       1.9245    0.0410      1.00      1.00      2.00     27.00      0.00      65.8310    1.1564     30.00     54.00     87.00    425.00      0.00
  0.4000   0.1600       48.6565    0.9679     20.00     36.00     64.00    451.00      0.00       2.4140    0.0585      1.00      2.00      3.00     38.00      0.00      62.9390    1.1206     27.00     51.00     86.00    391.00      0.00
  0.4000   0.1400       55.8535    1.1151     23.00     43.00     74.00    530.00      0.00       3.0300    0.0884      1.00      2.00      4.00     56.00      0.00      59.6550    1.0649     25.00     50.00     82.00    331.00      0.00
  0.4000   0.1200       64.1610    1.3536     24.00     48.00     85.00    588.00      0.00       4.5260    0.1513      1.00      2.00      5.00     91.00      0.00      52.4860    0.9964     20.00     42.00     74.00    318.00      0.00
  0.4000   0.1000       78.4615    1.6526     28.00     56.00    104.00    724.00      0.00       7.5380    0.2683      2.00      4.00      8.00    126.00      0.00      47.7575    0.9705     14.00     38.00     68.00    283.00      0.00
  0.4000   0.0800      100.7805    2.1533     34.00     70.00    137.00    922.00      0.00      14.9170    0.4669      3.00      7.00     19.00    212.00      0.00      42.1180    0.9653      9.00     30.00     63.00    338.00      0.00
  0.4000   0.0600      124.9715    2.6452     41.00     90.00    173.00   1070.00      0.00      29.1575    0.7652      5.00     18.00     41.00    304.00      0.00      28.7095    0.8256      2.00     14.00     43.00    290.00      0.00
  0.4000   0.0400      155.0580    3.3717     46.00    107.00    215.00   1050.00      0.00      62.3475    1.5052     14.00     41.00     86.00    536.00      0.00      16.2375    0.6769      0.00      3.00     18.00    289.00      0.00
  0.4000   0.0200      186.3550    4.2288     50.00    130.00    253.00   1867.00      0.00     126.6155    2.9314     32.00     88.00    179.00   1180.00      0.00       4.9655    0.3580      0.00      0.00      2.00    218.00      0.00
  0.2000   0.2000      122.7870    2.7192     39.00     87.00    172.00   1309.00      0.00       1.6805    0.0276      1.00      1.00      2.00     13.00      0.00     164.4765    3.6826     49.00    117.00    228.00   1661.00      0.00
  0.2000   0.1800      127.8985    2.7259     37.00     91.00    180.00   1047.00      0.00       2.0085    0.0432      1.00      1.00      2.00     31.00      0.00     142.8920    3.2065     38.00     99.00    200.00   1314.00      0.00
  0.2000   0.1600      135.8620    2.9205     41.00     95.00    186.00   1145.00      0.00       2.3425    0.0564      1.00      1.00      3.00     40.00      0.00     123.7320    2.8596     35.00     83.00    172.00   1076.00      0.00
  0.2000   0.1400      148.3935    3.2428     43.00    104.00    206.00   1111.00      0.00       3.0435    0.0857      1.00      2.00      4.00     53.00      0.00     106.6520    2.4503     27.00     72.00    149.00    861.00      0.00
  0.2000   0.1200      155.9125    3.5878     45.00    106.00    208.00   1225.00      0.00       4.0655    0.1270      1.00      2.00      5.00     81.00      0.00      85.8930    2.1689     17.00     54.00    116.00    841.00      0.00
  0.2000   0.1000      161.3955    3.6632     46.00    110.00    218.00   1257.00      0.00       7.1135    0.2387      2.00      4.00      7.00    110.00      0.00      61.0050    1.5149     12.00     38.00     84.00    486.00      0.00
  0.2000   0.0800      171.0350    3.7527     48.00    121.00    241.00   1383.00      0.00      14.3370    0.4595      2.00      6.00     18.00    212.00      0.00      43.5855    1.1589      6.00     25.00     60.00    520.00      0.00
  0.2000   0.0600      186.1395    3.9967     56.00    135.00    257.00   1207.00      0.00      30.3845    0.8429      5.00     17.00     42.00    417.00      0.00      28.3430    0.8934      2.00     12.00     39.00    339.00      0.00
  0.2000   0.0400      201.6485    4.4578     59.00    140.00    289.00   1674.00      0.00      62.1555    1.5333     12.00     39.00     88.00    491.00      0.00      14.4315    0.6249      0.00      3.00     15.00    258.00      0.00
  0.2000   0.0200      195.8320    4.3467     54.00    137.00    270.00   1447.00      0.00     123.8215    2.8296     33.00     83.00    175.00    980.00      0.00       3.1735    0.2181      0.00      0.00      2.00    162.00      0.00
