Amp Radius  OC_Mean OC_Std OC_Q1 OC_Med OC_Q3 OC_Max OC_Min  Exp_Mean Exp_Std Exp_Q1 Exp_Med Exp_Q3 Exp_Max Exp_Min  Num_Mean Num_Std Num_Q1 Num_Med Num_Q3 Num_Max Num_Min
  2.0000   0.2000        3.9210    0.0522      2.00      3.00      5.00     22.00      0.00       1.7330    0.0293      1.00      1.00      2.00     14.00      0.00       9.7575    0.0856      7.00     10.00     12.00     22.00      0.00
  2.0000   0.1800        4.2710    0.0603      2.00      4.00      5.00     22.00      0.00       1.9570    0.0341      1.00      1.00      2.00     15.00      0.00       9.4845    0.0805      7.00     10.00     12.00     21.00      0.00
  2.0000   0.1600        4.9425    0.0697      3.00      4.00      6.00     27.00      0.00       2.3435    0.0416      1.00      2.00      3.00     16.00      0.00       9.1640    0.0811      7.00     10.00     11.00     21.00      0.00
  2.0000   0.1400        5.7580    0.0865      3.00      5.00      7.00     35.00      0.00       2.8290    0.0552      1.00      2.00      4.00     23.00      0.00       9.0790    0.0804      7.00     10.00     11.00     21.00      0.00
  2.0000   0.1200        6.6585    0.1066      3.00      5.00      9.00     52.00      0.00       3.4115    0.0676      1.00      2.00      5.00     34.00      0.00       8.6955    0.0801      6.00     10.00     11.00     23.00      0.00
  2.0000   0.1000        8.3185    0.1388      4.00      7.00     11.00     54.00      0.00       4.6120    0.1007      2.00      3.00      6.00     49.00      0.00       8.5925    0.0793      6.00     10.00     11.00     20.00      0.00
  2.0000   0.0800       11.6255    0.2361      5.00      9.00     15.00    124.00      0.00       7.1290    0.1841      2.00      5.00      9.00    112.00      0.00       8.1185    0.0811      6.00      9.00     11.00     19.00      0.00
  2.0000   0.0600       20.4180    0.4405      7.00     14.00     27.00    212.00      0.00      14.5195    0.3523      4.00      9.00     19.00    155.00      0.00       7.6020    0.0870      6.00      8.00     11.00     19.00      0.00
  2.0000   0.0400       44.0910    0.9869     12.00     30.00     59.00    277.00      0.00      37.3025    0.9045      8.00     25.00     51.00    273.00      0.00       6.3145    0.0945      2.00      7.00     10.00     18.00      0.00
  2.0000   0.0200      115.0525    2.6119     31.00     77.00    166.00   1125.00      0.00     107.8505    2.5057     28.00     71.00    155.00   1124.00      0.00       2.9835    0.0849      0.00      0.00      6.00     16.00      0.00
  1.8000   0.2000        4.1980    0.0559      2.00      4.00      5.00     20.00      0.00       1.7510    0.0287      1.00      1.00      2.00     15.00      0.00      10.2710    0.0867      8.00     11.00     13.00     24.00      0.00
  1.8000   0.1800        4.7300    0.0656      3.00      4.00      6.00     24.00      0.00       1.9600    0.0338      1.00      1.00      2.00     19.00      0.00      10.1475    0.0853      8.00     11.00     12.00     26.00      0.00
  1.8000   0.1600        5.3190    0.0767      3.00      4.00      7.00     27.00      0.00       2.3350    0.0425      1.00      2.00      3.00     14.00      0.00       9.7765    0.0840      8.00     10.00     12.00     24.00      0.00
  1.8000   0.1400        6.1660    0.0935      3.00      5.00      8.00     56.00      0.00       2.7200    0.0505      1.00      2.00      4.00     20.00      0.00       9.6590    0.0811      8.00     10.00     12.00     23.00      0.00
  1.8000   0.1200        7.3515    0.1202      4.00      6.00      9.00     55.00      0.00       3.3810    0.0672      1.00      2.00      5.00     26.00      0.00       9.2925    0.0826      7.00     10.00     12.00     26.00      0.00
  1.8000   0.1000        9.2565    0.1633      4.00      7.00     12.00     62.00      0.00       4.4130    0.0943      1.00      3.00      6.00     54.00      0.00       9.1205    0.0836      7.00     10.00     11.00     22.00      0.00
  1.8000   0.0800       13.3875    0.2780      6.00     10.00     17.00    193.00      0.00       7.2815    0.1881      2.00      5.00     10.00    128.00      0.00       8.7170    0.0864      6.00     10.00     11.00     27.00      0.00
  1.8000   0.0600       21.9520    0.4861      8.00     15.00     29.00    251.00      0.00      14.7325    0.3784      4.00      9.00     19.00    154.00      0.00       8.1755    0.0916      6.00      9.00     11.00     22.00      0.00
  1.8000   0.0400       48.2335    1.0545     14.00     33.00     68.00    332.00      0.00      37.8670    0.9309      9.00     24.00     53.00    332.00      0.00       6.7935    0.1020      2.00      8.00     10.00     20.00      0.00
  1.8000   0.0200      119.0835    2.7945     33.00     81.00    165.00   1191.00      0.00     107.4345    2.5885     27.00     71.00    150.00   1043.00      0.00       3.2505    0.0945      0.00      0.00      7.00     17.00      0.00
  1.6000   0.2000        4.8995    0.0669      3.00      4.00      6.00     22.00      0.00       1.7400    0.0287      1.00      1.00      2.00     14.00      0.00      11.1525    0.0959      9.00     11.00     14.00     34.00      0.00
  1.6000   0.1800        5.3475    0.0778      3.00      4.00      7.00     34.00      0.00       1.9855    0.0350      1.00      1.00      2.00     14.00      0.00      10.9315    0.0935      9.00     11.00     13.00     26.00      0.00
  1.6000   0.1600        6.1280    0.0929      3.00      5.00      8.00     35.00      0.00       2.3025    0.0410      1.00      2.00      3.00     15.00      0.00      10.5665    0.0926      8.00     11.00     13.00     31.00      0.00
  1.6000   0.1400        7.0960    0.1148      4.00      6.00      9.00     60.00      0.00       2.8145    0.0539      1.00      2.00      4.00     31.00      0.00      10.5285    0.0931      8.00     11.00     13.00     25.00      0.00
  1.6000   0.1200        8.5805    0.1487      4.00      7.00     11.00     85.00      0.00       3.4635    0.0793      1.00      2.00      4.00     83.00      0.00      10.1165    0.0877      8.00     11.00     12.00     29.00      0.00
  1.6000   0.1000       10.8075    0.2023      5.00      9.00     14.00    117.00      0.00       4.6270    0.0998      2.00      3.00      6.00     60.00      0.00       9.7540    0.0906      7.00     10.00     12.00     26.00      0.00
  1.6000   0.0800       15.4695    0.3148      6.00     12.00     20.00    186.00      0.00       7.2700    0.1791      2.00      5.00      9.00     78.00      0.00       9.5720    0.0921      7.00     10.00     12.00     28.00      0.00
  1.6000   0.0600       24.8815    0.5384      8.00     18.00     33.00    210.00      0.00      14.5540    0.3777      4.00      9.00     19.00    181.00      0.00       8.7165    0.0972      6.00     10.00     11.00     27.00      0.00
  1.6000   0.0400       52.6585    1.1663     15.00     36.00     72.00    421.00      0.00      39.0680    0.9490      9.00     25.00     56.00    339.00      0.00       7.1575    0.1132      2.00      8.00     11.00     29.00      0.00
  1.6000   0.0200      118.6515    2.5921     35.00     85.00    164.00    792.00      0.00     105.1370    2.3835     28.00     73.00    144.00    766.00      0.00       3.5480    0.1059      0.00      0.00      7.00     28.00      0.00
  1.4000   0.2000        5.5920    0.0815      3.00      5.00      7.00     30.00      0.00       1.8150    0.0312      1.00      1.00      2.00     12.00      0.00      12.3145    0.1108     10.00     12.00     15.00     35.00      0.00
  1.4000   0.1800        6.3890    0.0952      3.00      5.00      8.00     42.00      0.00       1.9710    0.0326      1.00      1.00      2.00     13.00      0.00      12.4075    0.1080     10.00     12.00     15.00     33.00      0.00
  1.4000   0.1600        7.2090    0.1139      4.00      6.00      9.00     52.00      0.00       2.3860    0.0457      1.00      2.00      3.00     32.00      0.00      11.8645    0.1032      9.00     12.00     14.00     32.00      0.00
  1.4000   0.1400        8.1390    0.1265      4.00      7.00     11.00     41.00      0.00       2.6995    0.0492      1.00      2.00      4.00     22.00      0.00      11.6670    0.1085      9.00     12.00     14.00     31.00      0.00
  1.4000   0.1200        9.9775    0.1693      5.00      8.00     13.00     71.00      0.00       3.4980    0.0758      1.00      2.00      5.00     69.00      0.00      11.3760    0.1048      9.00     11.00     14.00     29.00      0.00
  1.4000   0.1000       13.1735    0.2361      6.00     10.00     17.00    100.00      0.00       4.7005    0.1069      2.00      3.00      6.00     79.00      0.00      11.0110    0.1077      9.00     11.00     14.00     34.00      0.00
  1.4000   0.0800       17.3460    0.3308      7.00     13.00     23.00    115.00      0.00       7.0180    0.1789      2.00      5.00      9.00    106.00      0.00      10.4885    0.1073      8.00     11.00     13.00     30.00      0.00
  1.4000   0.0600       28.3110    0.5857     10.00     20.00     38.00    218.00      0.00      14.5815    0.3874      4.00      9.00     19.00    166.00      0.00       9.7160    0.1148      7.00     10.00     13.00     30.00      0.00
  1.4000   0.0400       58.1110    1.2955     18.00     40.00     78.00    406.00      0.00      37.6250    0.8903      8.00     25.00     52.00    359.00      0.00       7.9290    0.1317      1.00      9.00     12.00     32.00      0.00
  1.4000   0.0200      124.4600    2.7999     34.00     84.00    173.00    813.00      0.00     105.6650    2.4458     27.00     71.00    149.00    694.00      0.00       3.8645    0.1215      0.00      0.00      8.00     30.00      0.00
  1.2000   0.2000        6.8175    0.1008      4.00      6.00      9.00     45.00      0.00       1.7465    0.0281      1.00      1.00      2.00      9.00      0.00      14.5935    0.1404     11.00     14.00     18.00     45.00      0.00
  1.2000   0.1800        7.6485    0.1160      4.00      6.00     10.00     54.00      0.00       1.9805    0.0351      1.00      1.00      2.00     13.00      0.00      14.3965    0.1338     11.00     14.00     18.00     41.00      0.00
  1.2000   0.1600        8.3825    0.1439      4.00      7.00     11.00     83.00      0.00       2.2315    0.0424      1.00      2.00      3.00     21.00      0.00      13.7570    0.1359     10.00     13.00     17.00     47.00      0.00
  1.2000   0.1400       10.0665    0.1703      5.00      8.00     13.00     58.00      0.00       2.7235    0.0509      1.00      2.00      4.00     16.00      0.00      13.4255    0.1307     10.00     13.00     17.00     41.00      0.00
  1.2000   0.1200       12.1190    0.2183      5.00      9.00     16.00     95.00      0.00       3.3630    0.0663      1.00      2.00      5.00     38.00      0.00      13.1250    0.1356     10.00     13.00     16.00     39.00      0.00
  1.2000   0.1000       15.6000    0.2928      7.00     12.00     20.00    119.00      0.00       4.6780    0.1017      2.00      3.00      6.00     60.00      0.00      12.7210    0.1316     10.00     12.00     16.00     36.00      0.00
  1.2000   0.0800       21.1280    0.4349      8.00     15.00     27.00    249.00      0.00       7.1130    0.1788      2.00      5.00      9.00    105.00      0.00      12.1580    0.1403      9.00     12.00     16.00     42.00      0.00
  1.2000   0.0600       32.6450    0.6731     12.00     24.00     43.00    237.00      0.00      14.1985    0.3842      4.00      9.00     18.00    237.00      0.00      11.0230    0.1468      7.00     11.00     15.00     44.00      0.00
  1.2000   0.0400       61.8925    1.3600     18.00     44.00     85.00    568.00      0.00      36.9140    0.9052      8.00     23.00     52.00    399.00      0.00       8.6615    0.1522      1.00     10.00     13.00     34.00      0.00
  1.2000   0.0200      134.8960    3.1856     38.00     91.00    177.00   1681.00      0.00     106.1480    2.5348     27.00     71.00    145.00   1119.00      0.00       4.2355    0.1388      0.00      0.00      8.00     39.00      0.00
  1.0000   0.2000        8.4425    0.1268      4.00      7.00     11.00     51.00      0.00       1.7270    0.0279      1.00      1.00      2.00     12.00      0.00      17.9030    0.1907     12.00     17.00     23.00     54.00      0.00
  1.0000   0.1800        9.8335    0.1653      5.00      8.00     13.00     95.00      0.00       1.9490    0.0346      1.00      1.00      2.00     15.00      0.00      17.7615    0.1914     12.00     17.00     23.00     60.00      0.00
  1.0000   0.1600       11.3360    0.1974      6.00      9.00     15.00    140.00      0.00       2.3355    0.0436      1.00      2.00      3.00     28.00      0.00      17.3905    0.1893     12.00     16.00     22.00     67.00      0.00
  1.0000   0.1400       13.1345    0.2232      6.00     10.00     17.00     71.00      0.00       2.7145    0.0513      1.00      2.00      4.00     28.00      0.00      16.8815    0.1880     12.00     16.00     22.00     63.00      0.00
  1.0000   0.1200       16.5935    0.3053      7.00     13.00     22.00    127.00      0.00       3.4640    0.0741      1.00      2.00      5.00     42.00      0.00      16.4060    0.1851     11.00     15.00     21.00     55.00      0.00
  1.0000   0.1000       20.2815    0.4055      8.00     15.00     27.00    294.00      0.00       4.6760    0.1030      2.00      3.00      6.00     67.00      0.00      15.7590    0.1811     11.00     14.00     21.00     51.00      0.00
  1.0000   0.0800       27.9010    0.5697     11.00     20.00     37.00    252.00      0.00       7.4560    0.2058      2.00      5.00      9.00    173.00      0.00      14.8170    0.1836     10.00     14.00     20.00     52.00      0.00
  1.0000   0.0600       45.7980    1.0131     17.00     32.00     59.00    452.00      0.00      15.5855    0.4336      4.00      9.00     20.00    221.00      0.00      13.5120    0.1965      7.00     13.00     19.00     53.00      0.00
  1.0000   0.0400       75.5805    1.6475     23.00     53.00    105.00    601.00      0.00      37.9325    0.9188      9.00     24.00     53.00    315.00      0.00      10.4760    0.2068      1.00     10.00     17.00     45.00      0.00
  1.0000   0.0200      138.6115    3.1061     41.00     97.00    194.00   1010.00      0.00      99.7320    2.2779     26.00     67.00    140.00    853.00      0.00       4.8400    0.1724      0.00      0.00      8.00     42.00      0.00
  0.8000   0.2000       11.4150    0.1858      6.00      9.00     15.00     68.00      0.00       1.7630    0.0297      1.00      1.00      2.00     10.00      0.00      24.0435    0.2829     15.00     22.00     31.00     90.00      0.00
  0.8000   0.1800       13.4070    0.2208      7.00     11.00     17.00    101.00      0.00       2.0100    0.0362      1.00      1.00      3.00     16.00      0.00      24.1925    0.2918     15.00     22.00     32.00    101.00      0.00
  0.8000   0.1600       15.3720    0.2757      7.00     12.00     20.00    125.00      0.00       2.2725    0.0403      1.00      2.00      3.00     15.00      0.00      23.2205    0.2943     14.00     21.00     31.00     83.00      0.00
  0.8000   0.1400       17.8875    0.3162      8.00     14.00     24.00    111.00      0.00       2.7195    0.0508      1.00      2.00      4.00     18.00      0.00      22.0160    0.2713     14.00     21.00     28.00     81.00      0.00
  0.8000   0.1200       22.4240    0.4217      9.00     17.00     30.00    189.00      0.00       3.5570    0.0753      1.00      3.00      5.00     45.00      0.00      21.5740    0.2795     13.00     20.00     29.00     90.00      0.00
  0.8000   0.1000       28.4005    0.5378     12.00     22.00     38.00    192.00      0.00       4.5675    0.0915      2.00      3.00      6.00     40.00      0.00      20.5320    0.2726     12.00     19.00     27.00     82.00      0.00
  0.8000   0.0800       39.3060    0.8105     15.00     29.00     52.00    395.00      0.00       7.6180    0.1974      2.00      5.00     10.00    114.00      0.00      19.5485    0.2900     11.00     18.00     27.00     81.00      0.00
  0.8000   0.0600       55.7970    1.1656     18.00     40.00     77.00    392.00      0.00      14.6015    0.4018      4.00      9.00     18.00    285.00      0.00      17.2325    0.2865      7.00     16.00     25.00     82.00      0.00
  0.8000   0.0400       94.1215    2.0538     29.00     66.00    128.00    627.00      0.00      38.4190    0.9327      9.00     25.00     53.00    298.00      0.00      12.6235    0.2794      1.00     10.00     21.00     66.00      0.00
  0.8000   0.0200      154.4805    3.3691     47.00    111.00    214.00    985.00      0.00     103.4810    2.3573     29.00     72.00    146.00    772.00      0.00       5.1070    0.2145      0.00      0.00      5.00     62.00      0.00
  0.6000   0.2000       18.2335    0.3121      9.00     15.00     24.00    150.00      0.00       1.7765    0.0298      1.00      1.00      2.00     13.00      0.00      36.9740    0.5097     21.00     33.00     49.00    162.00      0.00
  0.6000   0.1800       21.9175    0.3845     10.00     17.00     29.00    158.00      0.00       1.9375    0.0321      1.00      1.00      2.00     16.00      0.00      37.3180    0.5103     21.00     33.00     50.00    140.00      0.00
  0.6000   0.1600       25.2470    0.4368     11.00     20.00     34.00    144.00      0.00       2.3495    0.0415      1.00      2.00      3.00     14.00      0.00      36.7435    0.5111     20.00     33.00     49.00    163.00      0.00
  0.6000   0.1400       27.3140    0.4923     12.00     22.00     36.00    180.00      0.00       2.6320    0.0480      1.00      2.00      3.00     17.00      0.00      33.7415    0.4939     18.00     30.00     45.00    187.00      0.00
  0.6000   0.1200       34.9600    0.6504     15.00     27.00     46.00    307.00      0.00       3.3980    0.0695      1.00      2.00      5.00     38.00      0.00      33.0960    0.5010     17.00     29.00     45.00    161.00      0.00
  0.6000   0.1000       43.7400    0.8929     16.00     31.00     58.00    310.00      0.00       4.7760    0.1196      2.00      3.00      6.00     83.00      0.00      30.7525    0.4907     14.00     27.00     43.00    154.00      0.00
  0.6000   0.0800       59.6535    1.2150     21.00     44.00     81.00    393.00      0.00       7.1390    0.1768      2.00      5.00      9.00     92.00      0.00      27.7780    0.4910     11.00     24.00     40.00    153.00      0.00
  0.6000   0.0600       83.7385    1.8128     28.00     58.00    115.00    675.00      0.00      14.4825    0.3833      4.00      9.00     19.00    200.00      0.00      23.1580    0.4764      5.00     18.00     35.00    152.00      0.00
  0.6000   0.0400      123.1820    2.7805     36.00     84.00    171.00   1294.00      0.00      37.6815    0.9156      8.00     23.00     53.00    332.00      0.00      15.5885    0.4344      1.00      7.00     25.00    140.00      0.00
  0.6000   0.0200      167.1535    3.7184     51.00    115.00    233.00   1215.00      0.00     104.0155    2.3175     30.00     71.00    146.00    818.00      0.00       4.9205    0.2597      0.00      0.00      3.00    107.00      0.00
  0.4000   0.2000       38.8565    0.7242     17.00     30.00     51.00    290.00      0.00       1.7235    0.0275      1.00      1.00      2.00     13.00      0.00      70.4220    1.1822     33.00     60.00     94.00    390.00      0.00
  0.4000   0.1800       44.3465    0.8524     19.00     34.00     59.00    314.00      0.00       2.0015    0.0379      1.00      1.00      2.00     24.00      0.00      68.0500    1.1243     31.00     56.00     95.00    379.00      0.00
  0.4000   0.1600       49.6785    1.0018     19.00     37.00     66.00    418.00      0.00       2.3150    0.0433      1.00      2.00      3.00     17.00      0.00      63.8055    1.1368     27.00     53.00     87.00    419.00      0.00
  0.4000   0.1400       59.5830    1.2162     22.00     44.00     81.00    729.00      0.00       2.6575    0.0490      1.00      2.00      4.00     22.00      0.00      61.7375    1.1308     26.00     51.00     85.00    341.00      0.00
  0.4000   0.1200       71.4935    1.4956     25.00     53.00     96.00    559.00      0.00       3.4045    0.0644      1.00      3.00      5.00     22.00      0.00      56.1695    1.0731     22.00     44.00     80.00    499.00      0.00
  0.4000   0.1000       83.2175    1.7417     29.00     60.00    114.00    636.00      0.00       4.7765    0.1043      2.00      3.00      6.00     60.00      0.00      50.1745    0.9980     17.00     38.00     71.00    330.00      0.00
  0.4000   0.0800      103.4790    2.1868     35.00     74.00    141.00    731.00      0.00       7.5405    0.1937      2.00      5.00     10.00     91.00      0.00      41.1335    0.9019      9.00     30.00     62.00    314.00      0.00
  0.4000   0.0600      123.9645    2.7013     40.00     87.00    171.00   1330.00      0.00      14.6135    0.3753      4.00      9.00     19.00    206.00      0.00      30.6180    0.7896      4.00     18.00     45.00    228.00      0.00
  0.4000   0.0400      160.0575    3.5336     48.00    114.00    222.00   1269.00      0.00      37.7690    0.9454      9.00     23.00     51.00    353.00      0.00      17.5660    0.6209      1.00      6.00     22.00    237.00      0.00
  0.4000   0.0200      181.8330    4.1597     46.00    124.00    258.00   1546.00      0.00     101.1680    2.5231     24.00     65.00    136.00    991.00      0.00       4.5275    0.2828      0.00      0.00      3.00    139.00      0.00
  0.2000   0.2000      124.4980    2.7619     37.00     88.00    170.00   1053.00      0.00       1.7150    0.0275      1.00      1.00      2.00     14.00      0.00     161.0475    3.6296     49.00    111.00    218.00   1566.00      0.00
  0.2000   0.1800      137.7145    2.9520     44.00     96.00    193.00   1098.00      0.00       1.9945    0.0338      1.00      1.00      2.00     19.00      0.00     154.2650    3.4280     47.00    109.00    214.00   1402.00      0.00
  0.2000   0.1600      139.8370    3.0241     44.00    100.00    192.00   1123.00      0.00       2.3270    0.0429      1.00      2.00      3.00     17.00      0.00     125.5405    2.8650     35.00     88.00    174.00   1026.00      0.00
  0.2000   0.1400      153.0435    3.5200     43.00    104.00    213.00   1234.00      0.00       2.6950    0.0507      1.00      2.00      3.00     24.00      0.00     108.9375    2.6192     27.00     71.00    150.00   1067.00      0.00
  0.2000   0.1200      161.5540    3.6554     46.00    111.00    223.00   1611.00      0.00       3.4405    0.0675      1.00      2.00      5.00     27.00      0.00      86.5790    2.1128     19.00     56.00    123.00    959.00      0.00
  0.2000   0.1000      168.7290    3.7295     51.00    119.00    228.00   1327.00      0.00       4.6875    0.1061      2.00      3.00      6.00     67.00      0.00      63.5950    1.5996     13.00     41.00     87.00    549.00      0.00
  0.2000   0.0800      171.8195    3.8059     50.00    121.00    237.00   1851.00      0.00       7.1810    0.1813      2.00      5.00      9.00     95.00      0.00      42.3980    1.0976      8.00     25.00     59.00    386.00      0.00
  0.2000   0.0600      189.0915    4.4667     50.00    127.00    260.00   1691.00      0.00      14.0860    0.3748      4.00      9.00     18.00    179.00      0.00      25.4360    0.7593      4.00     13.00     34.00    282.00      0.00
  0.2000   0.0400      198.0605    4.5253     53.00    141.00    273.00   2000.00      0.00      38.2660    0.9415      9.00     25.00     53.00    333.00      0.00      12.5545    0.4802      1.00      5.00     15.00    265.00      0.00
  0.2000   0.0200      198.0640    4.4574     57.00    138.00    268.00   1851.00      0.00     103.0475    2.3531     27.00     70.00    142.00    728.00      0.00       3.3090    0.1990      0.00      0.00      3.00    114.00      0.00
