Amp Radius  OC_Mean OC_Std OC_Q1 OC_Med OC_Q3 OC_Max OC_Min  Exp_Mean Exp_Std Exp_Q1 Exp_Med Exp_Q3 Exp_Max Exp_Min  Num_Mean Num_Std Num_Q1 Num_Med Num_Q3 Num_Max Num_Min
  2.0000   0.2000        5.2715    0.0997      2.00      4.00      7.00     40.00      0.00       3.1455    0.0769      1.00      2.00      4.00     39.00      0.00       8.9840    0.0784      7.00     10.00     11.00     26.00      0.00
  2.0000   0.1800        6.1050    0.1191      3.00      4.00      8.00     42.00      0.00       3.8765    0.0983      1.00      2.00      5.00     38.00      0.00       8.8445    0.0772      7.00     10.00     11.00     22.00      0.00
  2.0000   0.1600        7.5015    0.1570      3.00      5.00     10.00     61.00      0.00       4.7705    0.1186      1.00      3.00      6.00     53.00      0.00       8.7775    0.0792      7.00     10.00     11.00     24.00      0.00
  2.0000   0.1400        8.3495    0.1836      3.00      6.00     11.00    100.00      0.00       5.5905    0.1400      1.00      3.00      8.00     62.00      0.00       8.4290    0.0787      6.00     10.00     11.00     19.00      0.00
  2.0000   0.1200       11.8710    0.2721      4.00      8.00     16.00    157.00      0.00       8.5165    0.2248      2.00      5.00     11.00    107.00      0.00       8.2585    0.0813      6.00      9.00     11.00     19.00      0.00
  2.0000   0.1000       14.4520    0.3380      4.00     10.00     19.00    161.00      0.00      10.9660    0.2988      2.00      7.00     15.00    161.00      0.00       7.9855    0.0821      6.00      9.00     10.00     21.00      0.00
  2.0000   0.0800       24.1780    0.6181      7.00     15.00     31.00    281.00      0.00      19.6140    0.5594      4.00     12.00     25.00    278.00      0.00       7.3665    0.0869      5.00      8.00     10.00     20.00      0.00
  2.0000   0.0600       44.8995    1.0918     12.00     28.00     61.00    577.00      0.00      39.0940    1.0100      9.00     24.00     53.00    576.00      0.00       6.4555    0.0963      2.00      7.00     10.00     20.00      0.00
  2.0000   0.0400       79.8860    1.9714     20.00     51.00    109.00    890.00      0.00      73.4940    1.8441     18.00     47.00    101.00    886.00      0.00       4.6535    0.0993      0.00      5.00      9.00     19.00      0.00
  2.0000   0.0200      139.1585    3.1762     36.00     95.00    195.00   1383.00      0.00     134.9790    3.1065     35.00     92.00    188.00   1381.00      0.00       1.9495    0.0766      0.00      0.00      3.00     18.00      0.00
  1.8000   0.2000        5.7325    0.1064      3.00      4.00      7.00     48.00      0.00       3.1545    0.0777      1.00      2.00      4.00     35.00      0.00       9.5505    0.0812      8.00     10.00     12.00     22.00      0.00
  1.8000   0.1800        6.7115    0.1393      3.00      5.00      9.00     91.00      0.00       3.8470    0.0973      1.00      2.00      5.00     50.00      0.00       9.3600    0.0863      7.00     10.00     12.00     26.00      0.00
  1.8000   0.1600        7.8935    0.1651      3.00      6.00     10.00     72.00      0.00       4.7320    0.1159      1.00      3.00      6.00     49.00      0.00       9.0175    0.0819      7.00     10.00     11.00     24.00      0.00
  1.8000   0.1400        9.8655    0.2179      3.00      7.00     13.00    125.00      0.00       5.9595    0.1508      1.00      4.00      8.00     68.00      0.00       9.0860    0.0868      7.00     10.00     11.00     24.00      0.00
  1.8000   0.1200       12.0955    0.2738      4.00      8.00     16.00    116.00      0.00       7.9710    0.2208      2.00      5.00     11.00    115.00      0.00       8.7840    0.0866      7.00     10.00     11.00     28.00      0.00
  1.8000   0.1000       16.6635    0.3870      5.00     12.00     23.00    274.00      0.00      11.1055    0.2834      3.00      7.00     15.00    115.00      0.00       8.4565    0.0894      6.00     10.00     11.00     22.00      0.00
  1.8000   0.0800       26.8995    0.6578      7.00     18.00     36.00    246.00      0.00      20.3225    0.5583      4.00     12.00     27.00    239.00      0.00       7.7655    0.0931      6.00      9.00     10.00     23.00      0.00
  1.8000   0.0600       45.2990    1.0909     12.00     29.00     62.00    393.00      0.00      37.1460    0.9722      8.00     22.00     51.00    329.00      0.00       7.0010    0.1011      3.00      8.00     10.00     21.00      0.00
  1.8000   0.0400       81.7265    1.9902     20.00     52.00    115.00   1039.00      0.00      73.7470    1.8195     16.00     46.00    105.00    628.00      0.00       4.9410    0.1064      0.00      5.00      9.00     21.00      0.00
  1.8000   0.0200      141.7295    3.2314     38.00     97.00    201.00   1146.00      0.00     133.5020    3.0670     34.00     90.00    189.00   1146.00      0.00       2.1780    0.0843      0.00      0.00      4.00     19.00      0.00
  1.6000   0.2000        6.3415    0.1277      3.00      5.00      8.00     61.00      0.00       3.2010    0.0769      1.00      2.00      4.00     37.00      0.00      10.2435    0.0962      8.00     10.00     12.00     30.00      0.00
  1.6000   0.1800        7.3550    0.1506      3.00      5.00     10.00     75.00      0.00       3.6775    0.0867      1.00      2.00      5.00     27.00      0.00      10.1260    0.0956      8.00     10.00     12.00     27.00      0.00
  1.6000   0.1600        8.3370    0.1672      3.00      6.00     11.00     67.00      0.00       4.4330    0.1078      1.00      3.00      6.00     55.00      0.00       9.8795    0.0955      7.00     10.00     12.00     29.00      0.00
  1.6000   0.1400       10.7535    0.2306      4.00      7.00     14.00    114.00      0.00       5.9750    0.1524      1.00      4.00      8.00     95.00      0.00       9.9010    0.0926      8.00     10.00     12.00     30.00      0.00
  1.6000   0.1200       14.0195    0.3199      5.00     10.00     18.00    133.00      0.00       7.9460    0.2151      2.00      5.00     11.00    103.00      0.00       9.5590    0.0966      7.00     10.00     12.00     28.00      0.00
  1.6000   0.1000       18.3600    0.4207      6.00     12.00     24.00    217.00      0.00      11.2155    0.2952      3.00      7.00     15.00    137.00      0.00       9.3170    0.0986      7.00     10.00     12.00     26.00      0.00
  1.6000   0.0800       27.6660    0.7003      7.00     17.00     37.00    453.00      0.00      19.4220    0.5664      4.00     11.00     26.00    453.00      0.00       8.4515    0.1050      6.00      9.00     11.00     25.00      0.00
  1.6000   0.0600       49.7735    1.1739     13.00     33.00     69.00    492.00      0.00      38.9760    0.9502      8.00     25.00     56.00    274.00      0.00       7.2425    0.1141      1.00      8.00     11.00     24.00      0.00
  1.6000   0.0400       85.1625    1.9599     21.00     57.00    120.00    652.00      0.00      71.5895    1.6850     17.00     47.00    101.00    522.00      0.00       5.6025    0.1204      0.00      6.00     10.00     30.00      0.00
  1.6000   0.0200      140.7270    3.1578     38.00     93.00    203.00    995.00      0.00     131.5035    2.9774     34.00     86.00    190.00    921.00      0.00       2.4075    0.0954      0.00      0.00      4.00     19.00      0.00
  1.4000   0.2000        7.0390    0.1355      3.00      5.00      9.00     79.00      0.00       3.1650    0.0787      1.00      2.00      4.00     38.00      0.00      11.8225    0.1136      9.00     11.00     15.00     35.00      0.00
  1.4000   0.1800        8.4160    0.1616      3.00      6.00     11.00     61.00      0.00       3.7305    0.0926      1.00      2.00      5.00     46.00      0.00      11.5565    0.1077      9.00     11.00     14.00     33.00      0.00
  1.4000   0.1600        9.7305    0.2035      4.00      7.00     13.00     92.00      0.00       4.5590    0.1138      1.00      3.00      6.00     49.00      0.00      11.2425    0.1118      8.00     11.00     14.00     32.00      0.00
  1.4000   0.1400       12.3200    0.2632      4.00      9.00     16.00    102.00      0.00       6.0930    0.1622      1.00      3.00      8.00     74.00      0.00      10.8320    0.1092      8.00     11.00     13.00     34.00      0.00
  1.4000   0.1200       14.9415    0.3401      5.00     10.00     19.00    180.00      0.00       8.0645    0.2276      2.00      5.00     11.00    130.00      0.00      10.6230    0.1143      8.00     11.00     13.00     33.00      0.00
  1.4000   0.1000       21.1180    0.5137      7.00     14.00     27.00    338.00      0.00      11.5355    0.3197      2.00      7.00     15.00    138.00      0.00      10.1875    0.1183      7.00     10.00     13.00     30.00      0.00
  1.4000   0.0800       31.5840    0.7364      9.00     21.00     42.00    302.00      0.00      20.4300    0.5479      4.00     13.00     27.00    220.00      0.00       9.4495    0.1220      7.00     10.00     13.00     34.00      0.00
  1.4000   0.0600       52.2360    1.1959     15.00     36.00     71.00    433.00      0.00      38.1455    0.9628      8.00     25.00     52.00    425.00      0.00       7.9680    0.1321      1.00      9.00     12.00     30.00      0.00
  1.4000   0.0400       90.9475    2.0750     24.00     61.00    127.00    725.00      0.00      74.9625    1.7521     18.00     50.00    106.00    718.00      0.00       6.0875    0.1392      0.00      6.00     11.00     30.00      0.00
  1.4000   0.0200      143.4260    3.3395     37.00     96.00    199.00   1179.00      0.00     131.7690    3.0630     32.00     87.00    184.00    990.00      0.00       2.4045    0.1027      0.00      0.00      2.00     26.00      0.00
  1.2000   0.2000        8.6690    0.1715      4.00      6.00     11.00     66.00      0.00       3.3695    0.0784      1.00      2.00      4.00     29.00      0.00      13.5175    0.1387     10.00     12.00     17.00     47.00      0.00
  1.2000   0.1800        9.4220    0.1887      4.00      7.00     12.00     80.00      0.00       3.6525    0.0900      1.00      2.00      5.00     37.00      0.00      13.2790    0.1427     10.00     12.00     17.00     38.00      0.00
  1.2000   0.1600       11.4430    0.2386      4.00      8.00     15.00    101.00      0.00       4.7840    0.1234      1.00      3.00      6.00     54.00      0.00      13.1660    0.1414     10.00     12.00     17.00     43.00      0.00
  1.2000   0.1400       14.1045    0.3025      5.00     10.00     19.00    141.00      0.00       5.9010    0.1481      1.00      4.00      8.00     62.00      0.00      12.6405    0.1415      9.00     12.00     16.00     37.00      0.00
  1.2000   0.1200       18.1320    0.4159      6.00     12.00     24.00    175.00      0.00       7.9370    0.2238      2.00      5.00     11.00    144.00      0.00      12.4760    0.1434      9.00     12.00     16.00     38.00      0.00
  1.2000   0.1000       24.4460    0.5537      8.00     17.00     32.00    205.00      0.00      11.5530    0.3091      2.00      7.00     16.00    130.00      0.00      11.9330    0.1471      8.00     11.00     16.00     40.00      0.00
  1.2000   0.0800       36.3000    0.8761     10.00     24.00     49.00    349.00      0.00      19.5405    0.5597      4.00     12.00     27.00    338.00      0.00      11.1525    0.1529      7.00     11.00     15.00     39.00      0.00
  1.2000   0.0600       57.4380    1.3545     15.00     38.00     79.00    518.00      0.00      37.6355    0.9587      7.00     23.00     52.00    320.00      0.00       9.5995    0.1603      2.00     10.00     14.00     39.00      0.00
  1.2000   0.0400       96.7625    2.3048     25.00     62.00    134.00    902.00      0.00      73.9615    1.8485     18.00     47.00    104.00    898.00      0.00       6.7200    0.1663      0.00      4.00     12.00     34.00      0.00
  1.2000   0.0200      148.4670    3.3799     41.00    101.00    207.00   1085.00      0.00     131.9010    3.0040     37.00     90.00    182.00   1084.00      0.00       2.9855    0.1286      0.00      0.00      2.00     37.00      0.00
  1.0000   0.2000       10.3620    0.2088      4.00      7.00     14.00     78.00      0.00       3.3335    0.0845      1.00      2.00      4.00     39.00      0.00      17.2750    0.1906     11.00     16.00     22.00     63.00      0.00
  1.0000   0.1800       11.9975    0.2535      5.00      9.00     15.00    139.00      0.00       3.7980    0.0931      1.00      2.00      5.00     53.00      0.00      16.7630    0.1900     11.00     16.00     22.00     51.00      0.00
  1.0000   0.1600       14.5095    0.3190      5.00     10.00     19.00    147.00      0.00       4.6190    0.1174      1.00      3.00      6.00     62.00      0.00      16.3460    0.1912     11.00     16.00     21.00     60.00      0.00
  1.0000   0.1400       16.9555    0.3626      6.00     12.00     22.00    137.00      0.00       5.9310    0.1563      1.00      4.00      8.00     86.00      0.00      15.7520    0.1933     10.00     15.00     21.00     50.00      0.00
  1.0000   0.1200       21.8705    0.5014      7.00     15.00     28.00    188.00      0.00       7.8565    0.2236      2.00      4.00     10.00    101.00      0.00      15.6590    0.1928     10.00     15.00     21.00     53.00      0.00
  1.0000   0.1000       29.5595    0.7398      9.00     20.00     39.00    512.00      0.00      11.9585    0.3632      3.00      7.00     16.00    350.00      0.00      15.0165    0.2022     10.00     14.00     21.00     56.00      0.00
  1.0000   0.0800       41.2175    0.9390     12.00     28.00     55.00    366.00      0.00      19.9880    0.5201      4.00     12.00     27.00    180.00      0.00      13.4495    0.2105      7.00     13.00     20.00     54.00      0.00
  1.0000   0.0600       65.1225    1.4826     19.00     42.00     90.00    769.00      0.00      37.0575    0.9358      8.00     24.00     50.00    313.00      0.00      11.8045    0.2235      1.00     11.00     19.00     53.00      0.00
  1.0000   0.0400      103.8530    2.3875     29.00     72.00    145.00   1017.00      0.00      71.7520    1.7558     17.00     47.00     99.00    837.00      0.00       7.8815    0.2089      0.00      2.00     15.00     48.00      0.00
  1.0000   0.0200      156.0020    3.4739     42.00    107.00    219.00   1353.00      0.00     133.9675    3.0921     35.00     91.00    184.00   1182.00      0.00       3.5100    0.1633      0.00      0.00      1.00     42.00      0.00
  0.8000   0.2000       13.2885    0.2635      5.00     10.00     17.00    116.00      0.00       3.1340    0.0742      1.00      2.00      4.00     26.00      0.00      22.8485    0.2758     14.00     21.00     30.00    101.00      0.00
  0.8000   0.1800       15.6000    0.3147      6.00     11.00     20.00    115.00      0.00       3.8255    0.0899      1.00      2.00      5.00     25.00      0.00      22.4725    0.2769     14.00     21.00     29.00     99.00      0.00
  0.8000   0.1600       17.5750    0.3619      7.00     13.00     23.00    149.00      0.00       4.6070    0.1184      1.00      3.00      6.00     89.00      0.00      22.2720    0.2868     13.00     21.00     30.00    103.00      0.00
  0.8000   0.1400       22.2375    0.4975      8.00     16.00     30.00    314.00      0.00       5.8790    0.1456      1.00      4.00      8.00     73.00      0.00      21.1365    0.2780     12.00     20.00     28.00     80.00      0.00
  0.8000   0.1200       28.4705    0.6140     10.00     20.00     38.00    211.00      0.00       7.8900    0.2153      2.00      5.00     10.00     96.00      0.00      20.6270    0.2917     11.00     20.00     28.00     79.00      0.00
  0.8000   0.1000       35.3765    0.8016     11.00     24.00     47.00    382.00      0.00      11.3155    0.3109      2.00      7.00     15.00    154.00      0.00      19.2530    0.2892     10.00     19.00     27.00     92.00      0.00
  0.8000   0.0800       53.0270    1.2479     14.00     35.00     74.00    682.00      0.00      19.4150    0.5436      4.00     12.00     25.00    300.00      0.00      17.7530    0.3091      6.00     17.00     26.00     77.00      0.00
  0.8000   0.0600       76.6680    1.7521     22.00     53.00    105.00    709.00      0.00      38.0770    0.9570      8.00     25.00     52.00    326.00      0.00      14.6410    0.3125      1.00     13.00     24.00     92.00      0.00
  0.8000   0.0400      114.3100    2.5545     32.00     80.00    157.00    808.00      0.00      74.5300    1.7928     18.00     48.00    105.00    632.00      0.00       9.7855    0.2888      0.00      2.00     18.00     70.00      0.00
  0.8000   0.0200      160.1545    3.4887     46.00    109.00    223.00   1121.00      0.00     134.6785    3.0590     37.00     92.00    188.00   1117.00      0.00       3.7695    0.2025      0.00      0.00      1.00     68.00      0.00
  0.6000   0.2000       19.0735    0.3918      7.00     14.00     25.00    175.00      0.00       3.1615    0.0810      1.00      2.00      4.00     40.00      0.00      34.2585    0.4728     20.00     31.00     46.00    151.00      0.00
  0.6000   0.1800       21.8700    0.4241      8.00     16.00     29.00    138.00      0.00       3.6530    0.0873      1.00      2.00      5.00     38.00      0.00      34.0335    0.4915     19.00     31.00     46.00    173.00      0.00
  0.6000   0.1600       25.7255    0.5444     10.00     18.00     34.00    220.00      0.00       4.5215    0.1106      1.00      3.00      6.00     49.00      0.00      32.8330    0.4926     17.00     30.00     45.00    168.00      0.00
  0.6000   0.1400       31.3130    0.6632     11.00     22.00     41.00    270.00      0.00       5.9375    0.1597      1.00      4.00      8.00     97.00      0.00      31.5640    0.4854     16.00     29.00     44.00    142.00      0.00
  0.6000   0.1200       38.6960    0.8326     13.00     27.00     52.00    390.00      0.00       7.9400    0.2045      2.00      5.00     11.00     84.00      0.00      30.1685    0.4991     13.00     28.00     43.00    151.00      0.00
  0.6000   0.1000       50.4620    1.2119     16.00     35.00     68.00   1058.00      0.00      11.6330    0.3343      2.00      7.00     15.00    206.00      0.00      28.8180    0.5029     10.00     26.00     42.00    148.00      0.00
  0.6000   0.0800       66.7510    1.5180     21.00     45.00     88.00    561.00      0.00      19.8140    0.5692      4.00     12.00     27.00    358.00      0.00      24.7545    0.4844      5.00     22.00     38.00    140.00      0.00
  0.6000   0.0600       94.7005    2.1259     28.00     65.00    127.00    687.00      0.00      36.9115    0.9212      8.00     24.00     51.00    396.00      0.00      19.6910    0.4851      1.00     13.00     33.00    119.00      0.00
  0.6000   0.0400      130.7890    2.9447     37.00     90.00    179.00   1033.00      0.00      75.3615    1.8350     17.00     50.00    104.00    643.00      0.00      12.4935    0.4347      0.00      2.00     20.00    171.00      0.00
  0.6000   0.0200      174.3515    3.9154     52.00    120.00    233.00   1196.00      0.00     134.8665    3.1083     36.00     93.00    184.00    999.00      0.00       5.0150    0.3062      0.00      0.00      1.00    120.00      0.00
  0.4000   0.2000       33.4055    0.6592     14.00     25.00     44.00    348.00      0.00       3.1195    0.0758      1.00      2.00      4.00     31.00      0.00      65.6655    1.0897     31.00     57.00     89.00    397.00      0.00
  0.4000   0.1800       38.6975    0.7881     15.00     28.00     52.00    443.00      0.00       3.8620    0.0917      1.00      2.00      5.00     41.00      0.00      61.9115    1.0185     27.00     55.00     88.00    304.00      0.00
  0.4000   0.1600       42.3160    0.8737     16.00     30.00     57.00    383.00      0.00       4.5570    0.1119      1.00      3.00      6.00     52.00      0.00      59.7230    1.0738     25.00     51.00     86.00    338.00      0.00
  0.4000   0.1400       51.2925    1.0533     18.00     37.00     68.00    393.00      0.00       5.5455    0.1445      1.00      3.00      8.00     94.00      0.00      57.1550    1.0590     20.00     50.00     82.00    276.00      0.00
  0.4000   0.1200       60.7455    1.2538     22.00     43.00     83.00    546.00      0.00       7.6135    0.1992      2.00      5.00     10.00    103.00      0.00      52.2170    1.0067     16.00     45.00     75.00    263.00      0.00
  0.4000   0.1000       76.7710    1.7120     24.00     54.00    100.00    581.00      0.00      11.6600    0.3304      2.00      7.00     15.00    197.00      0.00      46.3345    1.0063      7.00     36.00     71.00    371.00      0.00
  0.4000   0.0800       96.1630    2.1072     30.00     68.00    129.00    687.00      0.00      20.0125    0.5214      4.00     12.00     27.00    213.00      0.00      40.7840    1.0044      4.00     26.00     66.00    297.00      0.00
  0.4000   0.0600      124.3475    2.7307     36.00     88.00    175.00    877.00      0.00      38.0185    0.9780      8.00     24.00     51.00    365.00      0.00      29.5655    0.9255      1.00     10.00     47.00    308.00      0.00
  0.4000   0.0400      154.5310    3.4918     47.00    106.00    206.00   1116.00      0.00      71.1020    1.6739     17.00     46.00    102.00    630.00      0.00      16.5545    0.7264      0.00      2.00     16.00    256.00      0.00
  0.4000   0.0200      179.8985    4.1086     52.00    127.00    248.00   1557.00      0.00     132.4115    3.0682     34.00     90.00    188.00   1151.00      0.00       6.1840    0.4896      0.00      0.00      1.00    225.00      0.00
  0.2000   0.2000       96.5640    2.0466     33.00     67.00    132.00    672.00      0.00       3.1645    0.0764      1.00      2.00      4.00     28.00      0.00     161.7415    3.7107     41.00    114.00    226.00   1272.00      0.00
  0.2000   0.1800      107.1730    2.3162     34.00     77.00    146.00    816.00      0.00       3.7815    0.0925      1.00      2.00      5.00     34.00      0.00     150.1345    3.4822     37.00    104.00    209.00   1167.00      0.00
  0.2000   0.1600      112.1710    2.4154     35.00     80.00    154.00    879.00      0.00       4.6345    0.1174      1.00      3.00      6.00     72.00      0.00     129.9690    3.2076     28.00     86.00    183.00   1113.00      0.00
  0.2000   0.1400      124.3985    2.6695     38.00     89.00    172.00    830.00      0.00       5.6870    0.1471      1.00      4.00      7.00     80.00      0.00     119.7250    3.0048     21.00     73.00    172.00    946.00      0.00
  0.2000   0.1200      130.5700    2.8101     40.00     93.00    183.00    870.00      0.00       7.6820    0.2175      2.00      4.00     10.00    110.00      0.00      89.7705    2.4836     11.00     49.00    128.00    846.00      0.00
  0.2000   0.1000      159.7925    3.4666     50.00    115.00    216.00   1169.00      0.00      11.6890    0.3257      2.00      7.00     15.00    173.00      0.00      77.9975    2.2536      8.00     39.00    108.00    767.00      0.00
  0.2000   0.0800      170.4605    3.7257     52.00    116.00    237.00   1205.00      0.00      20.6150    0.5750      4.00     13.00     27.00    292.00      0.00      50.7495    1.6755      3.00     18.00     68.00    539.00      0.00
  0.2000   0.0600      170.5345    3.6854     51.00    120.00    237.00   1250.00      0.00      39.1775    0.9587      9.00     25.00     54.00    276.00      0.00      32.6410    1.3374      1.00      6.00     35.00    611.00      0.00
  0.2000   0.0400      182.6175    4.3101     50.00    123.00    254.00   1697.00      0.00      75.0735    1.8704     18.00     50.00    104.00   1065.00      0.00      14.7715    0.8902      0.00      1.00      9.00    493.00      0.00
  0.2000   0.0200      196.4690    4.3922     58.00    142.00    271.00   1971.00      0.00     138.9005    3.1866     39.00     96.00    191.00   1039.00      0.00       3.1560    0.2944      0.00      0.00      1.00    231.00      0.00
