Amp Radius  OC_Mean OC_Std OC_Q1 OC_Med OC_Q3 OC_Max OC_Min  Exp_Mean Exp_Std Exp_Q1 Exp_Med Exp_Q3 Exp_Max Exp_Min  Num_Mean Num_Std Num_Q1 Num_Med Num_Q3 Num_Max Num_Min
  2.0000   0.2000        4.2505    0.0649      2.00      3.00      5.00     27.00      0.00       2.1175    0.0444      1.00      1.00      2.00     26.00      0.00       9.3510    0.0776      7.00     10.00     12.00     20.00      0.00
  2.0000   0.1800        4.7935    0.0763      3.00      4.00      6.00     41.00      0.00       2.4695    0.0542      1.00      2.00      3.00     40.00      0.00       9.0850    0.0782      7.00     10.00     11.00     24.00      0.00
  2.0000   0.1600        5.3120    0.0844      3.00      4.00      7.00     43.00      0.00       2.8020    0.0589      1.00      2.00      4.00     25.00      0.00       8.9650    0.0787      7.00     10.00     11.00     25.00      0.00
  2.0000   0.1400        6.3330    0.1029      3.00      5.00      8.00     29.00      0.00       3.5130    0.0762      1.00      2.00      4.00     28.00      0.00       8.8405    0.0775      7.00     10.00     11.00     23.00      0.00
  2.0000   0.1200        8.0570    0.1644      3.00      6.00     10.00     67.00      0.00       4.8670    0.1305      1.00      3.00      6.00     66.00      0.00       8.6100    0.0778      7.00     10.00     11.00     22.00      0.00
  2.0000   0.1000       10.8350    0.2580      4.00      8.00     13.00    150.00      0.00       7.1510    0.2239      2.00      4.00      9.00    150.00      0.00       8.4180    0.0786      6.00      9.00     11.00     19.00      0.00
  2.0000   0.0800       16.5470    0.4061      5.00     11.00     21.00    180.00      0.00      12.3015    0.3606      3.00      7.00     15.00    180.00      0.00       7.9265    0.0828      6.00      9.00     11.00     23.00      0.00
  2.0000   0.0600       33.8695    0.8176      9.00     21.00     47.00    291.00      0.00      27.7415    0.7439      5.00     16.00     38.00    289.00      0.00       6.9955    0.0910      4.00      8.00     10.00     18.00      0.00
  2.0000   0.0400       66.7980    1.5599     16.00     45.00     95.00    721.00      0.00      60.4110    1.4628     12.00     40.00     88.00    705.00      0.00       5.2680    0.0974      0.00      6.00      9.00     19.00      0.00
  2.0000   0.0200      133.9945    3.0539     38.00     91.00    183.00    956.00      0.00     128.9105    2.9511     36.00     88.00    176.00    956.00      0.00       2.3375    0.0797      0.00      0.00      5.00     18.00      0.00
  1.8000   0.2000        4.4575    0.0658      2.00      4.00      6.00     33.00      0.00       2.0295    0.0415      1.00      1.00      2.00     29.00      0.00       9.9480    0.0797      8.00     10.00     12.00     23.00      0.00
  1.8000   0.1800        5.0635    0.0819      3.00      4.00      6.00     34.00      0.00       2.3605    0.0503      1.00      1.00      3.00     26.00      0.00       9.6275    0.0800      8.00     10.00     12.00     23.00      0.00
  1.8000   0.1600        5.8240    0.1041      3.00      5.00      7.00     84.00      0.00       2.8245    0.0629      1.00      2.00      4.00     33.00      0.00       9.5710    0.0795      7.00     10.00     12.00     24.00      0.00
  1.8000   0.1400        6.7715    0.1276      3.00      5.00      8.00     88.00      0.00       3.5310    0.0852      1.00      2.00      5.00     55.00      0.00       9.1900    0.0810      7.00     10.00     11.00     22.00      0.00
  1.8000   0.1200        8.3800    0.1625      4.00      6.00     10.00     63.00      0.00       4.4570    0.1143      1.00      3.00      6.00     52.00      0.00       9.0750    0.0802      7.00     10.00     11.00     23.00      0.00
  1.8000   0.1000       11.8245    0.2784      5.00      8.00     15.00    152.00      0.00       7.2295    0.2210      2.00      4.00      9.00    152.00      0.00       8.8470    0.0796      7.00     10.00     11.00     21.00      0.00
  1.8000   0.0800       18.1340    0.4279      6.00     12.00     23.00    199.00      0.00      12.8025    0.3720      3.00      7.00     16.00    198.00      0.00       8.2455    0.0873      6.00      9.00     11.00     20.00      0.00
  1.8000   0.0600       33.4180    0.7721      9.00     22.00     46.00    333.00      0.00      26.5445    0.6867      5.00     16.00     37.00    332.00      0.00       7.4505    0.0963      5.00      8.00     11.00     21.00      0.00
  1.8000   0.0400       67.3265    1.6496     17.00     43.00     92.00    797.00      0.00      59.8885    1.4972     13.00     37.00     83.00    504.00      0.00       5.7400    0.1045      0.00      6.00     10.00     21.00      0.00
  1.8000   0.0200      135.1815    3.1460     35.00     90.00    194.00   1127.00      0.00     128.0350    2.9765     32.00     84.00    182.00   1125.00      0.00       2.7530    0.0906      0.00      0.00      6.00     18.00      0.00
  1.6000   0.2000        5.0815    0.0817      3.00      4.00      6.00     57.00      0.00       2.0850    0.0440      1.00      1.00      2.00     28.00      0.00      10.7675    0.0921      8.00     11.00     13.00     28.00      0.00
  1.6000   0.1800        5.5765    0.0899      3.00      4.00      7.00     55.00      0.00       2.2995    0.0477      1.00      1.00      3.00     24.00      0.00      10.7465    0.0872      9.00     11.00     13.00     26.00      0.00
  1.6000   0.1600        6.6680    0.1128      3.00      5.00      9.00     59.00      0.00       2.9235    0.0677      1.00      2.00      4.00     39.00      0.00      10.4145    0.0904      8.00     11.00     13.00     29.00      0.00
  1.6000   0.1400        7.7345    0.1446      4.00      6.00     10.00     82.00      0.00       3.4655    0.0805      1.00      2.00      5.00     45.00      0.00      10.0775    0.0906      8.00     10.00     12.00     28.00      0.00
  1.6000   0.1200        9.5905    0.1897      4.00      7.00     12.00     84.00      0.00       4.4670    0.1190      1.00      3.00      6.00     69.00      0.00       9.8215    0.0881      8.00     10.00     12.00     25.00      0.00
  1.6000   0.1000       13.4655    0.3239      5.00      9.00     17.00    203.00      0.00       7.3610    0.2437      2.00      4.00      9.00    201.00      0.00       9.5000    0.0873      7.00     10.00     12.00     22.00      0.00
  1.6000   0.0800       19.6450    0.4577      7.00     13.00     25.00    248.00      0.00      12.7375    0.3770      3.00      7.00     16.00    248.00      0.00       8.9915    0.0936      7.00     10.00     12.00     23.00      0.00
  1.6000   0.0600       36.1895    0.8523     10.00     23.00     48.00    344.00      0.00      27.5930    0.7662      5.00     15.00     37.00    344.00      0.00       8.2885    0.1063      6.00      9.00     11.00     24.00      0.00
  1.6000   0.0400       70.6820    1.6893     18.00     47.00     96.00    666.00      0.00      59.4940    1.4963     12.00     39.00     81.00    569.00      0.00       6.4325    0.1165      0.00      7.00     10.00     25.00      0.00
  1.6000   0.0200      136.1575    3.1084     38.00     95.00    184.00   1043.00      0.00     126.0520    2.9584     32.00     84.00    172.00   1043.00      0.00       2.8955    0.1016      0.00      0.00      6.00     22.00      0.00
  1.4000   0.2000        5.7850    0.0928      3.00      5.00      7.00     34.00      0.00       1.9895    0.0381      1.00      1.00      2.00     20.00      0.00      12.0035    0.1094      9.00     12.00     15.00     37.00      0.00
  1.4000   0.1800        6.5100    0.1059      3.00      5.00      8.00     41.00      0.00       2.3495    0.0474      1.00      2.00      3.00     22.00      0.00      11.8270    0.1041      9.00     12.00     14.00     39.00      0.00
  1.4000   0.1600        7.4680    0.1299      4.00      6.00     10.00     53.00      0.00       2.8530    0.0666      1.00      2.00      4.00     51.00      0.00      11.5060    0.1086      9.00     11.00     14.00     31.00      0.00
  1.4000   0.1400        8.6925    0.1674      4.00      7.00     11.00    116.00      0.00       3.5020    0.0936      1.00      2.00      4.00     79.00      0.00      11.3715    0.1039      9.00     11.00     14.00     33.00      0.00
  1.4000   0.1200       11.2790    0.2314      5.00      8.00     14.00    136.00      0.00       4.8175    0.1454      1.00      3.00      6.00    135.00      0.00      11.1770    0.1087      9.00     11.00     13.00     35.00      0.00
  1.4000   0.1000       14.4920    0.3103      6.00     10.00     18.00    171.00      0.00       6.7290    0.1839      2.00      4.00      9.00     97.00      0.00      10.8070    0.1098      8.00     11.00     13.00     40.00      0.00
  1.4000   0.0800       23.0300    0.5584      7.00     15.00     30.00    342.00      0.00      12.6095    0.3848      2.00      7.00     16.00    216.00      0.00      10.2165    0.1178      7.00     11.00     13.00     29.00      0.00
  1.4000   0.0600       39.0305    0.9338     11.00     25.00     52.00    366.00      0.00      26.4480    0.7164      5.00     14.00     36.00    297.00      0.00       8.9400    0.1255      6.00     10.00     12.00     32.00      0.00
  1.4000   0.0400       78.2080    1.7924     21.00     51.00    112.00    733.00      0.00      60.7410    1.5196     13.00     37.00     84.00    595.00      0.00       6.8335    0.1324      0.00      7.00     11.00     31.00      0.00
  1.4000   0.0200      143.0065    3.1678     40.00     99.00    198.00   1053.00      0.00     129.0415    2.9152     34.00     89.00    178.00    872.00      0.00       3.3290    0.1178      0.00      0.00      7.00     28.00      0.00
  1.2000   0.2000        6.9695    0.1147      4.00      6.00      9.00     52.00      0.00       2.0360    0.0382      1.00      1.00      3.00     16.00      0.00      14.2525    0.1412     10.00     13.00     18.00     51.00      0.00
  1.2000   0.1800        7.6695    0.1435      4.00      6.00     10.00     86.00      0.00       2.3430    0.0533      1.00      2.00      3.00     52.00      0.00      13.6515    0.1368     10.00     13.00     17.00     42.00      0.00
  1.2000   0.1600        8.8790    0.1495      4.00      7.00     12.00     58.00      0.00       2.8540    0.0636      1.00      2.00      4.00     39.00      0.00      13.3615    0.1325     10.00     13.00     17.00     40.00      0.00
  1.2000   0.1400       10.7520    0.1998      5.00      8.00     14.00     76.00      0.00       3.4845    0.0828      1.00      2.00      4.00     41.00      0.00      13.4520    0.1373     10.00     13.00     17.00     42.00      0.00
  1.2000   0.1200       13.8845    0.2867      6.00     10.00     18.00    123.00      0.00       4.7365    0.1226      1.00      3.00      6.00     53.00      0.00      12.6680    0.1325     10.00     12.00     16.00     36.00      0.00
  1.2000   0.1000       17.3750    0.3609      7.00     13.00     23.00    193.00      0.00       7.1385    0.2097      2.00      4.00      9.00    137.00      0.00      12.3985    0.1419      9.00     12.00     16.00     40.00      0.00
  1.2000   0.0800       26.7205    0.6322      8.00     17.00     35.00    276.00      0.00      12.5650    0.3742      3.00      7.00     16.00    150.00      0.00      11.6960    0.1453      8.00     12.00     15.00     38.00      0.00
  1.2000   0.0600       44.6005    1.0676     12.00     28.00     62.00    459.00      0.00      27.5300    0.7602      5.00     16.00     37.00    286.00      0.00      10.4695    0.1575      6.00     11.00     15.00     38.00      0.00
  1.2000   0.0400       83.5240    2.0383     22.00     55.00    109.00    954.00      0.00      59.8115    1.5103     12.00     38.00     84.00    577.00      0.00       7.8700    0.1630      0.00      8.00     13.00     39.00      0.00
  1.2000   0.0200      150.8510    3.5028     42.00    105.00    201.00   1773.00      0.00     130.9585    3.0184     33.00     91.00    183.00   1107.00      0.00       3.4205    0.1296      0.00      0.00      6.00     31.00      0.00
  1.0000   0.2000        8.5225    0.1342      4.00      7.00     11.00     55.00      0.00       2.1245    0.0424      1.00      1.00      3.00     15.00      0.00      17.2995    0.1844     12.00     16.00     22.00     64.00      0.00
  1.0000   0.1800        9.8005    0.1785      5.00      8.00     12.00     94.00      0.00       2.3670    0.0479      1.00      2.00      3.00     29.00      0.00      17.3575    0.1893     12.00     16.00     22.00     61.00      0.00
  1.0000   0.1600       11.2605    0.2161      5.00      9.00     14.00     91.00      0.00       2.7375    0.0593      1.00      2.00      3.00     25.00      0.00      16.8500    0.1903     11.00     16.00     22.00     54.00      0.00
  1.0000   0.1400       13.1605    0.2508      6.00     10.00     17.00    109.00      0.00       3.4035    0.0913      1.00      2.00      4.00     85.00      0.00      16.2125    0.1804     11.00     15.00     21.00     49.00      0.00
  1.0000   0.1200       16.8615    0.3450      7.00     12.00     23.00    169.00      0.00       4.6135    0.1091      1.00      3.00      6.00     51.00      0.00      15.9295    0.1933     11.00     15.00     21.00     58.00      0.00
  1.0000   0.1000       21.7485    0.4879      8.00     15.00     28.00    386.00      0.00       6.8510    0.1993      2.00      4.00      8.00    132.00      0.00      15.5350    0.1969     10.00     14.00     21.00     54.00      0.00
  1.0000   0.0800       32.3650    0.7331     11.00     23.00     42.00    324.00      0.00      12.6675    0.3732      3.00      7.00     15.00    178.00      0.00      14.4340    0.1928     10.00     14.00     19.00     54.00      0.00
  1.0000   0.0600       50.9655    1.0975     15.00     36.00     71.00    337.00      0.00      26.3040    0.6714      5.00     15.00     38.00    238.00      0.00      12.6440    0.2118      4.00     13.00     19.00     56.00      0.00
  1.0000   0.0400       87.6765    1.9079     26.00     61.00    121.00    551.00      0.00      57.6315    1.4371     13.00     37.00     79.00    498.00      0.00       9.4420    0.2133      0.00      9.00     16.00     50.00      0.00
  1.0000   0.0200      146.7635    3.2140     43.00    102.00    201.00   1060.00      0.00     122.2725    2.7692     32.00     87.00    171.00   1060.00      0.00       4.1825    0.1696      0.00      0.00      6.00     39.00      0.00
  0.8000   0.2000       11.5760    0.2026      6.00      9.00     15.00    101.00      0.00       2.0650    0.0400      1.00      1.00      3.00     18.00      0.00      23.7780    0.2806     15.00     22.00     31.00     97.00      0.00
  0.8000   0.1800       12.8645    0.2227      6.00     10.00     16.00     87.00      0.00       2.4235    0.0491      1.00      2.00      3.00     19.00      0.00      23.1600    0.2749     15.00     22.00     30.00     81.00      0.00
  0.8000   0.1600       15.2320    0.2737      7.00     12.00     20.00    109.00      0.00       2.7625    0.0610      1.00      2.00      3.00     36.00      0.00      23.0900    0.2845     14.00     21.00     30.00     80.00      0.00
  0.8000   0.1400       18.2440    0.3529      8.00     14.00     24.00    175.00      0.00       3.4410    0.0795      1.00      2.00      5.00     46.00      0.00      21.7500    0.2737     13.00     20.00     29.00     85.00      0.00
  0.8000   0.1200       23.0635    0.4972      9.00     17.00     29.00    210.00      0.00       4.7145    0.1335      1.00      3.00      6.00     91.00      0.00      21.7035    0.2853     13.00     20.00     29.00     84.00      0.00
  0.8000   0.1000       28.8480    0.6120     11.00     20.00     38.00    328.00      0.00       6.8010    0.1927      2.00      4.00      8.00     91.00      0.00      20.6665    0.2888     12.00     19.00     28.00    100.00      0.00
  0.8000   0.0800       42.2910    0.9028     15.00     30.00     57.00    344.00      0.00      12.9080    0.4008      3.00      7.00     16.00    191.00      0.00      18.9140    0.2872     10.00     18.00     27.00     69.00      0.00
  0.8000   0.0600       65.1540    1.5042     19.00     42.00     89.00    600.00      0.00      26.2735    0.7652      5.00     14.00     34.00    349.00      0.00      16.3040    0.2939      4.00     16.00     25.00     74.00      0.00
  0.8000   0.0400      101.9970    2.2921     30.00     71.00    139.00    858.00      0.00      57.8320    1.4479     13.00     37.00     80.00    523.00      0.00      12.1420    0.3074      0.00      7.00     21.00     74.00      0.00
  0.8000   0.0200      160.6645    3.4445     49.00    113.00    230.00   1058.00      0.00     127.0250    2.8402     35.00     86.00    176.00    927.00      0.00       4.7045    0.2247      0.00      0.00      3.00     80.00      0.00
  0.6000   0.2000       17.7490    0.3243      8.00     14.00     22.00    192.00      0.00       2.0365    0.0396      1.00      1.00      2.00     15.00      0.00      36.5445    0.4872     21.00     33.00     48.00    158.00      0.00
  0.6000   0.1800       19.9000    0.3698      9.00     16.00     26.00    153.00      0.00       2.3405    0.0499      1.00      1.00      3.00     33.00      0.00      34.5050    0.4731     20.00     32.00     47.00    152.00      0.00
  0.6000   0.1600       23.1430    0.4548     10.00     18.00     30.00    169.00      0.00       2.8765    0.0662      1.00      2.00      4.00     42.00      0.00      33.8350    0.4892     19.00     30.00     46.00    143.00      0.00
  0.6000   0.1400       28.1895    0.5548     11.00     21.00     36.00    234.00      0.00       3.4970    0.0818      1.00      2.00      5.00     46.00      0.00      32.9890    0.4738     18.00     30.00     45.00    130.00      0.00
  0.6000   0.1200       34.2835    0.6906     14.00     25.00     45.00    334.00      0.00       4.7655    0.1279      1.00      3.00      6.00    101.00      0.00      31.9670    0.4832     16.00     29.00     43.00    145.00      0.00
  0.6000   0.1000       42.5920    0.9006     15.00     30.00     57.00    349.00      0.00       6.9120    0.1937      2.00      4.00      8.00     98.00      0.00      29.9205    0.4777     14.00     26.00     42.00    152.00      0.00
  0.6000   0.0800       57.4520    1.2427     20.00     41.00     77.00    529.00      0.00      12.6580    0.3896      3.00      7.00     16.00    253.00      0.00      26.3740    0.4796      9.00     23.00     39.00    165.00      0.00
  0.6000   0.0600       85.0735    1.8829     27.00     62.00    116.00    858.00      0.00      26.6180    0.7144      5.00     16.00     37.00    319.00      0.00      22.0755    0.4686      3.00     18.00     36.00    123.00      0.00
  0.6000   0.0400      131.2770    2.9147     39.00     89.00    182.00   1138.00      0.00      60.9565    1.5366     13.00     39.00     83.00    563.00      0.00      14.6095    0.4347      0.00      4.00     25.00    129.00      0.00
  0.6000   0.0200      179.9760    4.0963     50.00    122.00    256.00   1323.00      0.00     127.2485    2.9593     35.00     83.00    178.00   1323.00      0.00       5.6975    0.3094      0.00      0.00      3.00    112.00      0.00
  0.4000   0.2000       34.5725    0.6505     15.00     27.00     46.00    350.00      0.00       2.0905    0.0423      1.00      1.00      2.00     17.00      0.00      69.0720    1.1467     32.00     59.00     95.00    430.00      0.00
  0.4000   0.1800       39.0605    0.7429     16.00     30.00     52.00    285.00      0.00       2.3710    0.0534      1.00      1.00      3.00     40.00      0.00      66.0735    1.1197     30.00     56.00     92.00    359.00      0.00
  0.4000   0.1600       44.3165    0.8731     18.00     32.00     59.00    365.00      0.00       2.9130    0.0816      1.00      2.00      4.00     73.00      0.00      63.1735    1.0775     27.00     53.00     88.00    319.00      0.00
  0.4000   0.1400       51.6005    1.0173     20.00     39.00     69.00    357.00      0.00       3.4810    0.0809      1.00      2.00      4.00     40.00      0.00      59.0080    1.0687     24.00     50.00     81.00    361.00      0.00
  0.4000   0.1200       64.2425    1.3574     23.00     49.00     86.00    578.00      0.00       4.6865    0.1280      1.00      3.00      6.00     87.00      0.00      56.6785    1.1043     20.00     47.00     80.00    493.00      0.00
  0.4000   0.1000       76.9410    1.6134     26.00     56.00    106.00    616.00      0.00       7.1005    0.2127      2.00      4.00      9.00    111.00      0.00      51.1550    1.0430     14.00     41.00     74.00    356.00      0.00
  0.4000   0.0800       97.7565    2.1074     31.00     70.00    131.00    954.00      0.00      12.3130    0.3516      3.00      7.00     16.00    201.00      0.00      41.6865    0.9264      7.00     31.00     63.00    250.00      0.00
  0.4000   0.0600      125.1620    2.7354     40.00     89.00    174.00   1029.00      0.00      26.8765    0.7572      5.00     14.00     35.00    369.00      0.00      31.9290    0.9041      2.00     16.00     48.00    422.00      0.00
  0.4000   0.0400      162.8745    3.8085     47.00    109.00    220.00   1502.00      0.00      57.2790    1.4684     12.00     36.00     78.00    637.00      0.00      17.8355    0.6721      0.00      4.00     22.00    273.00      0.00
  0.4000   0.0200      186.7230    3.9700     56.00    136.00    261.00   1195.00      0.00     127.1060    2.9160     34.00     86.00    182.00   1033.00      0.00       5.2755    0.3668      0.00      0.00      2.00    163.00      0.00
  0.2000   0.2000      116.6725    2.5765     36.00     82.00    160.00    984.00      0.00       2.0765    0.0422      1.00      1.00      2.00     22.00      0.00     172.2655    3.8528     51.00    120.00    245.00   1588.00      0.00
  0.2000   0.1800      125.5815    2.6632     39.00     92.00    170.00   1073.00      0.00       2.3025    0.0442      1.00      2.00      3.00     17.00      0.00     152.8215    3.2825     46.00    107.00    220.00   1043.00      0.00
  0.2000   0.1600      133.5685    2.9537     41.00     95.00    178.00   1216.00      0.00       2.8570    0.0610      1.00      2.00      4.00     30.00      0.00     133.7485    3.1322     33.00     92.00    185.00   1182.00      0.00
  0.2000   0.1400      137.5080    3.2094     38.00     95.00    190.00   1124.00      0.00       3.5255    0.0838      1.00      2.00      5.00     47.00      0.00     108.0150    2.7286     22.00     69.00    151.00    982.00      0.00
  0.2000   0.1200      160.6145    3.5429     50.00    111.00    220.00   1338.00      0.00       4.6725    0.1258      1.00      3.00      6.00     62.00      0.00      97.1120    2.4331     19.00     60.00    138.00   1169.00      0.00
  0.2000   0.1000      169.6495    3.7726     47.00    117.00    240.00   1108.00      0.00       6.7555    0.1877      2.00      4.00      8.00    100.00      0.00      74.0770    1.9964     11.00     42.00    105.00    643.00      0.00
  0.2000   0.0800      183.4615    4.4223     54.00    123.00    243.00   1950.00      0.00      13.0545    0.3892      3.00      7.00     16.00    172.00      0.00      50.0845    1.4734      6.00     24.00     68.00    560.00      0.00
  0.2000   0.0600      192.7225    4.3453     56.00    132.00    264.00   1750.00      0.00      27.0335    0.7052      5.00     16.00     38.00    271.00      0.00      30.9885    1.0636      2.00     11.00     39.00    380.00      0.00
  0.2000   0.0400      199.0255    4.4986     58.00    141.00    273.00   2000.00      0.00      61.0930    1.5374     13.00     39.00     85.00    519.00      0.00      15.3195    0.6924      0.00      3.00     15.00    352.00      0.00
  0.2000   0.0200      208.6095    4.7865     57.00    146.00    284.00   1759.00      0.00     128.3980    2.9565     34.00     89.00    181.00   1009.00      0.00       3.4365    0.2398      0.00      0.00      2.00    153.00      0.00
