Amp Radius  OC_Mean OC_Std OC_Q1 OC_Med OC_Q3 OC_Max OC_Min  Exp_Mean Exp_Std Exp_Q1 Exp_Med Exp_Q3 Exp_Max Exp_Min  Num_Mean Num_Std Num_Q1 Num_Med Num_Q3 Num_Max Num_Min
  2.0000   0.2000        6.9725    0.0872      4.00      7.00      9.00     24.00      0.00       1.3310    0.0148      1.00      1.00      2.00      7.00      0.00       8.3775    0.1096      5.00      8.00     11.00     31.00      0.00
  2.0000   0.1800        7.8325    0.1036      5.00      7.00     10.00     39.00      0.00       1.4295    0.0174      1.00      1.00      2.00      7.00      0.00       7.9770    0.1071      4.00      7.00     11.00     30.00      0.00
  2.0000   0.1600        8.6435    0.1119      5.00      8.00     11.00     35.00      0.00       1.6705    0.0210      1.00      1.00      2.00      6.00      0.00       7.1825    0.0940      4.00      7.00      9.00     30.00      0.00
  2.0000   0.1400        9.9685    0.1279      6.00      9.00     13.00     38.00      0.00       1.8755    0.0249      1.00      2.00      2.00     11.00      0.00       6.7390    0.0882      4.00      6.00      9.00     24.00      0.00
  2.0000   0.1200       11.4210    0.1502      6.00     11.00     15.00     60.00      0.00       2.2330    0.0305      1.00      2.00      3.00     10.00      0.00       5.9340    0.0770      3.00      6.00      8.00     26.00      0.00
  2.0000   0.1000       14.0350    0.1978      8.00     13.00     18.00    103.00      0.00       2.8595    0.0427      1.00      2.00      4.00     19.00      0.00       5.4365    0.0737      3.00      5.00      7.00     24.00      0.00
  2.0000   0.0800       17.1490    0.2466      9.00     15.00     23.00     88.00      0.00       3.9640    0.0623      2.00      3.00      5.00     25.00      0.00       4.6695    0.0659      3.00      4.00      6.00     23.00      0.00
  2.0000   0.0600       24.3960    0.3935     12.00     21.00     32.00    149.00      0.00       6.2365    0.1228      3.00      5.00      8.00     54.00      0.00       4.1885    0.0589      2.00      4.00      5.00     18.00      0.00
  2.0000   0.0400       40.1480    0.7553     18.00     30.00     53.00    281.00      0.00      15.5575    0.3523      5.00     10.00     21.00    148.00      0.00       3.6365    0.0574      2.00      3.00      5.00     20.00      0.00
  2.0000   0.0200       99.9295    2.1794     32.00     71.00    137.00    743.00      0.00      61.5915    1.4151     17.00     42.00     86.00    509.00      0.00       2.4650    0.0557      0.00      2.00      4.00     17.00      0.00
  1.8000   0.2000        8.7445    0.1142      5.00      8.00     12.00     32.00      0.00       1.3245    0.0139      1.00      1.00      2.00      6.00      0.00      10.5005    0.1397      6.00     10.00     14.00     39.00      0.00
  1.8000   0.1800        9.7300    0.1291      6.00      9.00     13.00     43.00      0.00       1.4815    0.0175      1.00      1.00      2.00      6.00      0.00       9.8040    0.1327      6.00      9.00     13.00     42.00      0.00
  1.8000   0.1600       10.9035    0.1409      7.00     10.00     14.00     55.00      0.00       1.6675    0.0208      1.00      1.00      2.00      8.00      0.00       9.1425    0.1214      5.00      8.00     12.00     42.00      0.00
  1.8000   0.1400       12.3870    0.1715      7.00     11.00     16.00     61.00      0.00       1.8395    0.0250      1.00      2.00      2.00      8.00      0.00       8.3025    0.1145      5.00      7.00     11.00     30.00      0.00
  1.8000   0.1200       14.1775    0.1978      8.00     13.00     19.00     65.00      0.00       2.2065    0.0305      1.00      2.00      3.00     10.00      0.00       7.3095    0.1041      4.00      7.00     10.00     33.00      0.00
  1.8000   0.1000       17.0425    0.2489      9.00     15.00     22.00    103.00      0.00       2.7565    0.0399      1.00      2.00      4.00     16.00      0.00       6.6125    0.0928      4.00      6.00      9.00     30.00      0.00
  1.8000   0.0800       21.8330    0.3453     11.00     18.00     29.00    133.00      0.00       3.9400    0.0658      2.00      3.00      5.00     34.00      0.00       5.8015    0.0885      3.00      5.00      8.00     35.00      0.00
  1.8000   0.0600       30.2275    0.5273     14.00     24.00     40.00    220.00      0.00       6.2025    0.1148      3.00      5.00      8.00     51.00      0.00       5.1000    0.0782      3.00      4.00      7.00     27.00      0.00
  1.8000   0.0400       50.3875    0.9397     21.00     38.00     66.00    313.00      0.00      16.1310    0.3557      5.00     11.00     22.00    133.00      0.00       4.3660    0.0705      2.00      4.00      6.00     25.00      0.00
  1.8000   0.0200      106.3145    2.3896     34.00     75.00    145.00   1143.00      0.00      61.2395    1.4509     16.00     42.00     84.00    598.00      0.00       2.6590    0.0622      0.00      2.00      4.00     19.00      0.00
  1.6000   0.2000       11.4125    0.1534      7.00     10.00     15.00     46.00      0.00       1.3445    0.0145      1.00      1.00      2.00      5.00      0.00      13.5635    0.1854      7.00     12.00     18.00     56.00      0.00
  1.6000   0.1800       12.3015    0.1661      7.00     11.00     16.00     51.00      0.00       1.4805    0.0173      1.00      1.00      2.00      6.00      0.00      12.3085    0.1693      7.00     11.00     17.00     48.00      0.00
  1.6000   0.1600       13.5845    0.1841      8.00     12.00     18.00     61.00      0.00       1.6045    0.0197      1.00      1.00      2.00      7.00      0.00      11.1995    0.1524      6.00     10.00     15.00     43.00      0.00
  1.6000   0.1400       15.7025    0.2180      9.00     14.00     21.00     74.00      0.00       1.8640    0.0248      1.00      2.00      2.00      9.00      0.00      10.3780    0.1423      6.00      9.00     14.00     38.00      0.00
  1.6000   0.1200       19.1010    0.2921     10.00     16.00     25.00    138.00      0.00       2.2530    0.0325      1.00      2.00      3.00     17.00      0.00       9.5970    0.1401      5.00      8.00     13.00     45.00      0.00
  1.6000   0.1000       22.4545    0.3518     11.00     19.00     29.00    179.00      0.00       2.7475    0.0388      1.00      2.00      4.00     13.00      0.00       8.6250    0.1333      4.00      7.00     12.00     51.00      0.00
  1.6000   0.0800       28.4065    0.4484     14.00     24.00     38.00    159.00      0.00       3.8580    0.0625      2.00      3.00      5.00     29.00      0.00       7.4930    0.1147      4.00      6.00     10.00     38.00      0.00
  1.6000   0.0600       40.8840    0.7394     18.00     33.00     53.00    272.00      0.00       6.2310    0.1150      3.00      5.00      8.00     48.00      0.00       6.5240    0.1062      3.00      5.00      9.00     34.00      0.00
  1.6000   0.0400       63.9300    1.2709     24.00     47.00     85.00    483.00      0.00      15.9775    0.3608      5.00     11.00     22.00    134.00      0.00       5.4305    0.1004      2.00      5.00      7.00     36.00      0.00
  1.6000   0.0200      126.2160    2.7364     39.00     88.00    179.00    891.00      0.00      61.1080    1.4214     16.00     42.00     84.00    465.00      0.00       3.0295    0.0740      0.00      2.00      5.00     21.00      0.00
  1.4000   0.2000       14.8660    0.2151      8.00     14.00     20.00    101.00      0.00       1.3500    0.0143      1.00      1.00      2.00      6.00      0.00      17.6010    0.2507      9.00     16.00     24.00     78.00      0.00
  1.4000   0.1800       16.6335    0.2542      9.00     14.00     22.00     87.00      0.00       1.4790    0.0171      1.00      1.00      2.00      5.00      0.00      16.3595    0.2376      9.00     14.00     22.00     67.00      0.00
  1.4000   0.1600       18.8555    0.2913     10.00     16.00     25.00    124.00      0.00       1.6300    0.0200      1.00      1.00      2.00      8.00      0.00      15.4320    0.2318      8.00     14.00     20.00     78.00      0.00
  1.4000   0.1400       21.9405    0.3536     11.00     19.00     29.00    173.00      0.00       1.9135    0.0261      1.00      2.00      2.00     13.00      0.00      14.1815    0.2222      7.00     12.00     19.00     65.00      0.00
  1.4000   0.1200       25.1120    0.4122     12.00     21.00     34.00    148.00      0.00       2.2500    0.0319      1.00      2.00      3.00     13.00      0.00      12.5980    0.1995      6.00     11.00     17.00     72.00      0.00
  1.4000   0.1000       31.0310    0.5203     15.00     26.00     41.00    247.00      0.00       2.7660    0.0403      1.00      2.00      4.00     16.00      0.00      11.4730    0.1859      6.00     10.00     16.00     61.00      0.00
  1.4000   0.0800       41.5405    0.7266     19.00     33.00     55.00    243.00      0.00       3.7915    0.0604      2.00      3.00      5.00     31.00      0.00      10.4235    0.1718      5.00      9.00     14.00     53.00      0.00
  1.4000   0.0600       55.0780    1.0660     22.00     42.00     74.00    392.00      0.00       6.2210    0.1157      3.00      5.00      8.00     70.00      0.00       8.4070    0.1563      4.00      7.00     11.00     48.00      0.00
  1.4000   0.0400       83.5570    1.7290     31.00     61.00    111.00    571.00      0.00      15.6595    0.3474      5.00     11.00     21.00    113.00      0.00       6.6230    0.1293      3.00      5.00      9.00     42.00      0.00
  1.4000   0.0200      145.5230    3.0501     46.00    107.00    200.00   1155.00      0.00      64.0560    1.4168     18.00     44.00     89.00    429.00      0.00       3.2565    0.0904      0.00      2.00      5.00     35.00      0.00
  1.2000   0.2000       21.7535    0.3399     11.00     18.00     29.00    125.00      0.00       1.3540    0.0144      1.00      1.00      2.00      5.00      0.00      25.2815    0.3902     13.00     22.00     34.00    136.00      0.00
  1.2000   0.1800       23.3480    0.3926     12.00     19.00     30.00    165.00      0.00       1.4480    0.0169      1.00      1.00      2.00      6.00      0.00      22.4865    0.3680     11.00     19.00     30.00    115.00      0.00
  1.2000   0.1600       26.3435    0.4308     13.00     22.00     35.00    171.00      0.00       1.6080    0.0205      1.00      1.00      2.00      6.00      0.00      21.0795    0.3420     10.00     18.00     28.00    102.00      0.00
  1.2000   0.1400       31.1040    0.5355     15.00     25.00     41.00    192.00      0.00       1.9075    0.0254      1.00      2.00      2.00     10.00      0.00      19.7890    0.3360      9.00     16.00     26.00    106.00      0.00
  1.2000   0.1200       36.8035    0.6346     17.00     30.00     50.00    207.00      0.00       2.2685    0.0323      1.00      2.00      3.00     19.00      0.00      18.1530    0.3128      8.00     15.00     25.00     99.00      0.00
  1.2000   0.1000       45.0270    0.8493     19.00     36.00     60.00    413.00      0.00       2.7585    0.0414      1.00      2.00      4.00     19.00      0.00      16.1125    0.3016      7.00     13.00     21.00    146.00      0.00
  1.2000   0.0800       58.5795    1.2000     22.00     43.00     78.00    529.00      0.00       3.7275    0.0642      2.00      3.00      5.00     47.00      0.00      14.1770    0.2731      6.00     11.00     19.00    120.00      0.00
  1.2000   0.0600       80.4390    1.6912     28.00     57.00    111.00    598.00      0.00       6.1165    0.1202      3.00      5.00      8.00     64.00      0.00      11.4555    0.2347      4.00      9.00     16.00     83.00      0.00
  1.2000   0.0400      115.2235    2.5081     36.00     78.00    161.00    746.00      0.00      16.0455    0.3716      5.00     10.00     21.00    188.00      0.00       8.3710    0.1847      2.00      6.00     11.00     69.00      0.00
  1.2000   0.0200      168.2290    3.7560     48.00    116.00    235.00   1380.00      0.00      60.1405    1.3766     16.00     41.00     84.00    496.00      0.00       3.4995    0.0981      0.00      2.00      5.00     30.00      0.00
  1.0000   0.2000       34.3590    0.6446     15.00     27.00     44.00    287.00      0.00       1.3560    0.0147      1.00      1.00      2.00      5.00      0.00      39.2685    0.7052     17.00     31.00     52.00    256.00      0.00
  1.0000   0.1800       38.3465    0.7276     16.00     30.00     52.00    450.00      0.00       1.4635    0.0175      1.00      1.00      2.00      6.00      0.00      36.1810    0.6637     15.00     29.00     49.00    326.00      0.00
  1.0000   0.1600       44.0250    0.8357     18.00     34.00     58.00    271.00      0.00       1.6315    0.0206      1.00      1.00      2.00      8.00      0.00      34.0790    0.6360     14.00     27.00     46.00    222.00      0.00
  1.0000   0.1400       49.9395    0.9837     19.00     37.00     68.00    410.00      0.00       1.8945    0.0244      1.00      2.00      2.00      9.00      0.00      30.9405    0.6061     12.00     23.00     42.00    260.00      0.00
  1.0000   0.1200       59.6415    1.2043     22.00     43.00     81.00    415.00      0.00       2.2010    0.0299      1.00      2.00      3.00     11.00      0.00      27.9380    0.5608     10.00     21.00     39.00    196.00      0.00
  1.0000   0.1000       77.2735    1.5573     28.00     56.00    105.00    516.00      0.00       2.8040    0.0404      1.00      2.00      4.00     15.00      0.00      25.7490    0.5065     10.00     19.00     35.00    179.00      0.00
  1.0000   0.0800       94.3355    1.9991     33.00     68.00    127.00    852.00      0.00       3.7770    0.0594      2.00      3.00      5.00     32.00      0.00      21.1480    0.4453      7.00     15.00     29.00    159.00      0.00
  1.0000   0.0600      118.4775    2.4892     36.00     87.00    164.00    847.00      0.00       6.3025    0.1277      3.00      5.00      8.00     79.00      0.00      15.3895    0.3187      5.00     11.00     21.00    109.00      0.00
  1.0000   0.0400      148.8430    3.3544     46.00    103.00    208.00   1096.00      0.00      15.9195    0.3535      5.00     10.00     22.00    136.00      0.00       9.5650    0.2248      3.00      7.00     13.00     91.00      0.00
  1.0000   0.0200      187.0205    4.1974     56.00    127.00    257.00   1432.00      0.00      61.3225    1.3878     17.00     42.00     84.00    432.00      0.00       3.3245    0.0979      0.00      2.00      5.00     34.00      0.00
  0.8000   0.2000       58.3740    1.1992     22.00     43.00     76.00    536.00      0.00       1.3640    0.0147      1.00      1.00      2.00      6.00      0.00      63.7680    1.2495     24.00     49.00     86.00    392.00      0.00
  0.8000   0.1800       64.5720    1.3317     23.00     48.00     85.00    418.00      0.00       1.4925    0.0180      1.00      1.00      2.00      9.00      0.00      58.9870    1.1863     22.00     44.00     80.00    412.00      0.00
  0.8000   0.1600       74.3845    1.5474     27.00     54.00    100.00    607.00      0.00       1.6635    0.0208      1.00      1.00      2.00      7.00      0.00      55.0450    1.1293     20.00     41.00     73.00    370.00      0.00
  0.8000   0.1400       86.3885    1.7799     29.00     61.00    119.00    604.00      0.00       1.8815    0.0246      1.00      2.00      2.00      9.00      0.00      50.8240    1.0500     17.00     37.00     72.00    316.00      0.00
  0.8000   0.1200       99.4450    2.2544     31.00     70.00    134.00   1012.00      0.00       2.2320    0.0311      1.00      2.00      3.00     15.00      0.00      44.3065    0.9938     14.00     30.00     61.00    461.00      0.00
  0.8000   0.1000      122.2135    2.7385     37.00     84.00    165.00   1153.00      0.00       2.8585    0.0416      1.00      3.00      4.00     32.00      0.00      38.8500    0.8591     12.00     26.00     54.00    309.00      0.00
  0.8000   0.0800      131.5690    2.8675     40.00     94.00    181.00   1036.00      0.00       3.7095    0.0575      2.00      3.00      5.00     23.00      0.00      27.8880    0.6070      8.00     20.00     38.00    222.00      0.00
  0.8000   0.0600      148.6525    3.3485     42.00    104.00    208.00   1355.00      0.00       6.1115    0.1225      3.00      5.00      8.00    100.00      0.00      18.1540    0.4015      5.00     13.00     25.00    119.00      0.00
  0.8000   0.0400      174.8690    4.0408     48.00    118.00    237.00   1475.00      0.00      15.3360    0.3534      5.00     10.00     20.00    134.00      0.00      10.3355    0.2490      3.00      7.00     14.00     96.00      0.00
  0.8000   0.0200      193.5055    4.4360     53.00    130.00    267.00   1439.00      0.00      60.4125    1.3732     17.00     42.00     84.00    483.00      0.00       2.9865    0.0866      0.00      2.00      4.00     28.00      0.00
  0.6000   0.2000      100.7415    2.1446     34.00     73.00    138.00    739.00      0.00       1.3505    0.0145      1.00      1.00      2.00      5.00      0.00     108.1315    2.2349     38.00     78.00    149.00    878.00      0.00
  0.6000   0.1800      110.5210    2.3494     36.00     80.00    150.00    920.00      0.00       1.4740    0.0172      1.00      1.00      2.00      5.00      0.00      99.8190    2.1567     31.00     72.00    136.00    798.00      0.00
  0.6000   0.1600      120.7555    2.7876     36.00     83.00    163.00   1566.00      0.00       1.6320    0.0206      1.00      1.00      2.00      8.00      0.00      87.5235    2.0710     26.00     59.00    117.00    900.00      0.00
  0.6000   0.1400      132.6210    3.0242     39.00     90.00    180.00   1032.00      0.00       1.8920    0.0249      1.00      2.00      2.00      7.00      0.00      75.1305    1.7349     21.00     51.00    102.00    688.00      0.00
  0.6000   0.1200      143.8075    3.2586     39.00     97.00    205.00   1259.00      0.00       2.1725    0.0300      1.00      2.00      3.00     12.00      0.00      61.2230    1.4127     17.00     40.00     87.00    603.00      0.00
  0.6000   0.1000      157.4750    3.5005     49.00    111.00    216.00   1704.00      0.00       2.7785    0.0394      1.00      2.00      4.00     11.00      0.00      47.5880    1.0531     14.00     34.00     65.00    386.00      0.00
  0.6000   0.0800      170.1445    3.7962     50.00    113.00    235.00   1314.00      0.00       3.9370    0.0632      2.00      3.00      5.00     27.00      0.00      33.8245    0.7704     10.00     23.00     47.00    288.00      0.00
  0.6000   0.0600      183.5780    4.0854     53.00    132.00    247.00   1448.00      0.00       6.2240    0.1125      3.00      5.00      8.00     66.00      0.00      21.1955    0.4852      6.00     15.00     28.00    169.00      0.00
  0.6000   0.0400      191.7690    4.1511     61.00    135.00    257.00   1877.00      0.00      15.8600    0.3476      5.00     11.00     21.00    118.00      0.00      10.2925    0.2351      3.00      7.00     14.00    116.00      0.00
  0.6000   0.0200      197.6715    4.5661     57.00    141.00    270.00   1720.00      0.00      61.8050    1.3819     17.00     42.00     87.00    502.00      0.00       2.7510    0.0818      0.00      1.00      4.00     32.00      0.00
  0.4000   0.2000      158.3595    3.5665     46.00    108.00    223.00   1322.00      0.00       1.3725    0.0153      1.00      1.00      2.00      6.00      0.00     166.6240    3.8722     46.00    112.00    227.00   1683.00      0.00
  0.4000   0.1800      161.2375    3.5836     45.00    114.00    221.00   1181.00      0.00       1.4480    0.0165      1.00      1.00      2.00      5.00      0.00     141.1870    3.2295     38.00     97.00    194.00   1167.00      0.00
  0.4000   0.1600      168.5290    3.7750     50.00    117.00    228.00   1278.00      0.00       1.6450    0.0212      1.00      1.00      2.00      8.00      0.00     119.6315    2.7256     34.00     85.00    159.00    892.00      0.00
  0.4000   0.1400      173.3495    3.8345     53.00    120.00    233.00   1189.00      0.00       1.8500    0.0238      1.00      2.00      2.00      8.00      0.00      97.3020    2.1949     29.00     68.00    131.00    743.00      0.00
  0.4000   0.1200      179.6900    3.9830     54.00    124.00    244.00   1434.00      0.00       2.2090    0.0315      1.00      2.00      3.00     12.00      0.00      74.7395    1.6721     21.00     51.00    102.00    480.00      0.00
  0.4000   0.1000      187.8860    4.1927     55.00    128.00    259.00   2000.00      0.00       2.8150    0.0424      1.00      2.00      4.00     21.00      0.00      55.3455    1.2597     15.00     37.00     77.00    638.00      0.00
  0.4000   0.0800      188.7810    4.2148     55.00    133.00    256.00   1584.00      0.00       3.8260    0.0624      2.00      3.00      5.00     36.00      0.00      36.4130    0.8384     10.00     24.00     49.00    301.00      0.00
  0.4000   0.0600      195.1210    4.5370     53.00    133.00    269.00   2000.00      0.00       6.4985    0.1339      3.00      5.00      8.00     78.00      0.00      21.3345    0.5004      5.00     14.00     30.00    197.00      0.00
  0.4000   0.0400      208.9485    4.7571     59.00    141.00    295.00   1832.00      0.00      15.7345    0.3635      5.00     11.00     21.00    141.00      0.00      10.5225    0.2476      3.00      7.00     15.00     73.00      0.00
  0.4000   0.0200      198.3075    4.4900     57.00    138.00    268.00   1675.00      0.00      60.6915    1.3669     15.00     41.00     87.00    439.00      0.00       2.6460    0.0750      0.00      1.00      4.00     26.00      0.00
  0.2000   0.2000      199.6800    4.5990     54.00    134.00    272.00   1641.00      0.00       1.3185    0.0138      1.00      1.00      2.00      5.00      0.00     210.4640    5.1781     57.00    134.00    276.00   1976.00      0.00
  0.2000   0.1800      184.8615    4.1364     49.00    132.00    259.00   2000.00      0.00       1.4690    0.0169      1.00      1.00      2.00      7.00      0.00     160.1990    3.7095     41.00    112.00    216.00   1554.00      0.00
  0.2000   0.1600      198.2480    4.3766     57.00    133.00    281.00   1481.00      0.00       1.6145    0.0198      1.00      1.00      2.00      6.00      0.00     139.9550    3.2490     40.00     91.00    193.00   1209.00      0.00
  0.2000   0.1400      198.1520    4.4618     56.00    138.00    274.00   1654.00      0.00       1.8590    0.0248      1.00      2.00      2.00     10.00      0.00     108.1120    2.5168     28.00     74.00    148.00    845.00      0.00
  0.2000   0.1200      206.8045    4.7953     57.00    140.00    285.00   1686.00      0.00       2.1870    0.0301      1.00      2.00      3.00     11.00      0.00      85.0565    2.0505     23.00     56.00    116.00    770.00      0.00
  0.2000   0.1000      203.0970    4.5806     58.00    137.00    282.00   2000.00      0.00       2.7070    0.0393      1.00      2.00      4.00     14.00      0.00      59.1225    1.3637     16.00     39.00     81.00    615.00      0.00
  0.2000   0.0800      202.2495    4.5294     57.00    137.00    288.00   2000.00      0.00       3.8610    0.0593      2.00      3.00      5.00     22.00      0.00      38.3815    0.8887     11.00     25.00     54.00    412.00      0.00
  0.2000   0.0600      205.1270    4.6591     53.00    140.00    292.00   1594.00      0.00       6.0775    0.1130      3.00      5.00      8.00     55.00      0.00      22.1690    0.5148      6.00     15.00     31.00    188.00      0.00
  0.2000   0.0400      205.2640    4.7294     57.00    141.00    274.00   1683.00      0.00      16.1185    0.3462      5.00     11.00     22.00    122.00      0.00      10.0795    0.2401      3.00      7.00     14.00     79.00      0.00
  0.2000   0.0200      199.7985    4.4666     55.00    139.00    286.00   2000.00      0.00      64.1955    1.5155     16.00     44.00     90.00    660.00      0.00       2.4610    0.0684      0.00      1.00      4.00     18.00      0.00
