Amp Radius  OC_Mean OC_Std OC_Q1 OC_Med OC_Q3 OC_Max OC_Min  Exp_Mean Exp_Std Exp_Q1 Exp_Med Exp_Q3 Exp_Max Exp_Min  Num_Mean Num_Std Num_Q1 Num_Med Num_Q3 Num_Max Num_Min
  2.0000   0.2000        6.0150    0.0738      4.00      6.00      8.00     27.00      0.00       1.2530    0.0119      1.00      1.00      1.00      5.00      0.00       7.2640    0.0891      4.00      7.00     10.00     28.00      0.00
  2.0000   0.1800        6.5190    0.0796      4.00      6.00      8.00     28.00      0.00       1.3480    0.0136      1.00      1.00      2.00      6.00      0.00       6.6860    0.0822      4.00      6.00      9.00     23.00      0.00
  2.0000   0.1600        7.1620    0.0852      4.00      7.00      9.00     25.00      0.00       1.4865    0.0166      1.00      1.00      2.00      6.00      0.00       6.1135    0.0753      4.00      6.00      8.00     20.00      0.00
  2.0000   0.1400        8.2365    0.1043      5.00      7.00     11.00     33.00      0.00       1.6840    0.0208      1.00      1.00      2.00      8.00      0.00       5.5880    0.0695      3.00      5.00      7.00     20.00      0.00
  2.0000   0.1200        9.4960    0.1259      6.00      8.00     12.00     49.00      0.00       2.1365    0.0302      1.00      2.00      3.00     16.00      0.00       5.0135    0.0639      3.00      4.00      7.00     19.00      0.00
  2.0000   0.1000       11.1210    0.1550      6.00     10.00     15.00     54.00      0.00       2.6730    0.0421      1.00      2.00      3.00     18.00      0.00       4.4185    0.0567      3.00      4.00      6.00     17.00      0.00
  2.0000   0.0800       14.2570    0.2250      8.00     12.00     18.00     89.00      0.00       4.1905    0.0897      2.00      3.00      5.00     47.00      0.00       4.0265    0.0508      2.00      4.00      5.00     16.00      0.00
  2.0000   0.0600       20.7480    0.3640     10.00     16.00     27.00    143.00      0.00       8.2020    0.1872      3.00      5.00     11.00     67.00      0.00       3.7885    0.0481      2.00      4.00      5.00     13.00      0.00
  2.0000   0.0400       37.3955    0.7468     14.00     27.00     49.00    290.00      0.00      20.0470    0.4769      5.00     13.00     27.00    180.00      0.00       3.4435    0.0512      2.00      3.00      5.00     17.00      0.00
  2.0000   0.0200       91.9770    1.9864     28.00     67.00    125.00    665.00      0.00      65.6460    1.4816     18.00     45.00     91.00    514.00      0.00       2.2730    0.0513      0.00      2.00      4.00     15.00      0.00
  1.8000   0.2000        7.1965    0.0875      4.00      7.00      9.00     30.00      0.00       1.2605    0.0117      1.00      1.00      1.00      6.00      0.00       8.7380    0.1068      5.00      8.00     12.00     32.00      0.00
  1.8000   0.1800        7.7845    0.0942      5.00      7.00     10.00     41.00      0.00       1.3540    0.0137      1.00      1.00      2.00      5.00      0.00       7.9255    0.0982      5.00      7.00     10.00     31.00      0.00
  1.8000   0.1600        8.6690    0.1143      5.00      8.00     11.00     37.00      0.00       1.4785    0.0171      1.00      1.00      2.00      7.00      0.00       7.2370    0.0937      4.00      7.00     10.00     25.00      0.00
  1.8000   0.1400       10.0425    0.1356      6.00      9.00     13.00     49.00      0.00       1.7355    0.0212      1.00      2.00      2.00     11.00      0.00       6.8070    0.0897      4.00      6.00      9.00     26.00      0.00
  1.8000   0.1200       11.2795    0.1554      6.00     10.00     15.00     60.00      0.00       2.0345    0.0287      1.00      2.00      3.00     12.00      0.00       5.9690    0.0788      3.00      5.00      8.00     28.00      0.00
  1.8000   0.1000       13.7715    0.2016      7.00     12.00     18.00     68.00      0.00       2.6685    0.0447      1.00      2.00      3.00     22.00      0.00       5.4515    0.0731      3.00      5.00      7.00     24.00      0.00
  1.8000   0.0800       17.6530    0.2615      9.00     15.00     23.00     81.00      0.00       4.1640    0.0793      2.00      3.00      5.00     31.00      0.00       4.9225    0.0658      3.00      4.00      6.00     21.00      0.00
  1.8000   0.0600       24.7160    0.4391     11.00     20.00     33.00    252.00      0.00       7.9460    0.1919      3.00      5.00     10.00    109.00      0.00       4.6745    0.0648      3.00      4.00      6.00     18.00      0.00
  1.8000   0.0400       45.4065    0.9105     18.00     34.00     61.00    445.00      0.00      20.0520    0.5086      6.00     13.00     27.00    345.00      0.00       4.2420    0.0660      2.00      4.00      6.00     19.00      0.00
  1.8000   0.0200       99.7805    2.1882     31.00     69.00    137.00    912.00      0.00      64.4105    1.4838     17.00     43.00     88.00    455.00      0.00       2.6360    0.0630      0.00      2.00      4.00     19.00      0.00
  1.6000   0.2000        9.1245    0.1158      5.00      8.00     12.00     36.00      0.00       1.2550    0.0117      1.00      1.00      1.00      4.00      0.00      11.1105    0.1429      6.00     10.00     15.00     49.00      0.00
  1.6000   0.1800        9.9955    0.1265      6.00      9.00     13.00     46.00      0.00       1.3460    0.0140      1.00      1.00      2.00      6.00      0.00      10.1250    0.1289      6.00      9.00     13.00     38.00      0.00
  1.6000   0.1600       10.9400    0.1454      6.00     10.00     14.00     55.00      0.00       1.4960    0.0169      1.00      1.00      2.00      9.00      0.00       9.1585    0.1198      5.00      8.00     12.00     32.00      0.00
  1.6000   0.1400       12.8265    0.1717      7.00     12.00     17.00     62.00      0.00       1.7155    0.0222      1.00      1.00      2.00     12.00      0.00       8.7040    0.1147      5.00      8.00     12.00     32.00      0.00
  1.6000   0.1200       14.3100    0.1993      8.00     13.00     19.00     73.00      0.00       2.1055    0.0302      1.00      2.00      3.00     19.00      0.00       7.4665    0.1033      4.00      7.00     10.00     35.00      0.00
  1.6000   0.1000       17.7175    0.2623     10.00     15.00     23.00    142.00      0.00       2.7085    0.0461      1.00      2.00      3.00     26.00      0.00       6.9715    0.0965      4.00      6.00      9.00     38.00      0.00
  1.6000   0.0800       22.9610    0.3804     11.00     19.00     30.00    159.00      0.00       4.0630    0.0823      2.00      3.00      5.00     33.00      0.00       6.3265    0.0911      3.00      5.00      8.00     29.00      0.00
  1.6000   0.0600       30.8825    0.5496     14.00     24.00     40.00    250.00      0.00       8.3060    0.2113      3.00      5.00     11.00    145.00      0.00       5.7250    0.0835      3.00      5.00      8.00     26.00      0.00
  1.6000   0.0400       53.4220    1.0762     20.00     38.00     72.00    469.00      0.00      19.5865    0.4611      5.00     13.00     28.00    168.00      0.00       4.8915    0.0839      2.00      4.00      7.00     31.00      0.00
  1.6000   0.0200      110.0155    2.4512     34.00     76.00    150.00    849.00      0.00      63.1900    1.4380     16.00     43.00     88.00    490.00      0.00       2.8445    0.0727      0.00      2.00      5.00     21.00      0.00
  1.4000   0.2000       11.7500    0.1574      7.00     11.00     15.00     56.00      0.00       1.2595    0.0120      1.00      1.00      1.00      6.00      0.00      13.9425    0.1880      8.00     13.00     19.00     77.00      0.00
  1.4000   0.1800       12.9485    0.1780      7.00     12.00     17.00     60.00      0.00       1.3510    0.0136      1.00      1.00      2.00      5.00      0.00      12.9320    0.1757      7.00     12.00     17.00     56.00      0.00
  1.4000   0.1600       14.4175    0.2081      8.00     13.00     19.00     83.00      0.00       1.4810    0.0165      1.00      1.00      2.00      6.00      0.00      11.9710    0.1672      7.00     11.00     16.00     61.00      0.00
  1.4000   0.1400       16.6610    0.2486      9.00     14.00     22.00     81.00      0.00       1.7135    0.0214      1.00      1.00      2.00      8.00      0.00      11.1435    0.1621      6.00     10.00     15.00     52.00      0.00
  1.4000   0.1200       19.1355    0.2999     10.00     16.00     24.00     99.00      0.00       2.1045    0.0311      1.00      2.00      3.00     19.00      0.00       9.7690    0.1474      5.00      8.00     13.00     48.00      0.00
  1.4000   0.1000       23.5300    0.3666     12.00     20.00     31.00    134.00      0.00       2.7235    0.0483      1.00      2.00      3.00     27.00      0.00       8.9730    0.1340      5.00      8.00     12.00     41.00      0.00
  1.4000   0.0800       30.1825    0.5051     15.00     25.00     40.00    194.00      0.00       4.0940    0.0861      2.00      3.00      5.00     67.00      0.00       8.1425    0.1296      4.00      7.00     11.00     52.00      0.00
  1.4000   0.0600       40.0770    0.7149     18.00     31.00     54.00    239.00      0.00       7.9490    0.1886      3.00      5.00     10.00    114.00      0.00       7.3530    0.1176      4.00      6.00     10.00     39.00      0.00
  1.4000   0.0400       67.8575    1.3416     25.00     52.00     92.00    535.00      0.00      20.6415    0.4742      6.00     14.00     28.00    176.00      0.00       6.3950    0.1156      3.00      5.00      9.00     32.00      0.00
  1.4000   0.0200      130.0770    2.8132     38.00     89.00    183.00    878.00      0.00      65.1365    1.4961     18.00     44.00     91.00    482.00      0.00       3.3395    0.0906      0.00      2.00      5.00     30.00      0.00
  1.2000   0.2000       16.1980    0.2401      9.00     14.00     21.00    117.00      0.00       1.2755    0.0118      1.00      1.00      2.00      4.00      0.00      18.9210    0.2711     10.00     17.00     25.00     80.00      0.00
  1.2000   0.1800       18.2170    0.2680     10.00     16.00     24.00    100.00      0.00       1.3735    0.0148      1.00      1.00      2.00      7.00      0.00      17.9830    0.2582     10.00     16.00     24.00     90.00      0.00
  1.2000   0.1600       20.2255    0.3085     10.00     17.00     27.00    123.00      0.00       1.4960    0.0163      1.00      1.00      2.00      7.00      0.00      16.3955    0.2446      8.00     14.00     22.00     93.00      0.00
  1.2000   0.1400       22.9220    0.3718     11.00     19.00     30.00    164.00      0.00       1.6930    0.0202      1.00      1.00      2.00      8.00      0.00      15.1170    0.2334      8.00     13.00     21.00     87.00      0.00
  1.2000   0.1200       27.1610    0.4593     13.00     22.00     36.00    233.00      0.00       2.0760    0.0307      1.00      2.00      3.00     15.00      0.00      13.6590    0.2240      6.00     11.00     18.00     75.00      0.00
  1.2000   0.1000       32.7880    0.5541     16.00     27.00     43.00    185.00      0.00       2.7290    0.0416      1.00      2.00      4.00     19.00      0.00      12.3050    0.2002      6.00     10.00     17.00     72.00      0.00
  1.2000   0.0800       42.5640    0.7791     19.00     33.00     56.00    292.00      0.00       4.2010    0.1024      2.00      3.00      5.00     96.00      0.00      11.0015    0.1876      5.00      9.00     15.00     88.00      0.00
  1.2000   0.0600       59.0150    1.1259     22.00     44.00     81.00    353.00      0.00       8.2475    0.1955      3.00      5.00     11.00     84.00      0.00      10.0575    0.1781      4.00      8.00     14.00     57.00      0.00
  1.2000   0.0400       88.4040    1.8897     29.00     64.00    121.00    822.00      0.00      19.9455    0.4795      5.00     13.00     28.00    253.00      0.00       7.6450    0.1624      3.00      6.00     11.00     54.00      0.00
  1.2000   0.0200      144.2255    3.1882     43.00    101.00    201.00   1302.00      0.00      63.9655    1.4310     18.00     46.00     88.00    510.00      0.00       3.4380    0.1083      0.00      1.00      5.00     41.00      0.00
  1.0000   0.2000       24.3005    0.4241     12.00     20.00     32.00    201.00      0.00       1.2610    0.0123      1.00      1.00      1.00      5.00      0.00      27.8685    0.4550     14.00     23.00     38.00    175.00      0.00
  1.0000   0.1800       26.7645    0.4541     12.00     22.00     36.00    172.00      0.00       1.3300    0.0138      1.00      1.00      2.00      5.00      0.00      25.9830    0.4326     12.00     21.00     36.00    134.00      0.00
  1.0000   0.1600       30.7965    0.5492     14.00     25.00     42.00    272.00      0.00       1.4925    0.0168      1.00      1.00      2.00      6.00      0.00      24.6310    0.4229     11.00     20.00     34.00    222.00      0.00
  1.0000   0.1400       35.7365    0.6438     16.00     28.00     47.00    284.00      0.00       1.7765    0.0258      1.00      2.00      2.00     22.00      0.00      22.5560    0.4000     10.00     18.00     30.00    138.00      0.00
  1.0000   0.1200       41.7830    0.7604     18.00     32.00     57.00    248.00      0.00       2.0545    0.0327      1.00      2.00      3.00     27.00      0.00      20.6190    0.3611      9.00     17.00     28.00    107.00      0.00
  1.0000   0.1000       52.2465    0.9815     20.00     40.00     72.00    313.00      0.00       2.7495    0.0496      1.00      2.00      3.00     29.00      0.00      18.5835    0.3457      8.00     14.00     25.00    110.00      0.00
  1.0000   0.0800       66.7250    1.2885     26.00     51.00     93.00    486.00      0.00       4.1340    0.0897      2.00      3.00      5.00     55.00      0.00      16.3745    0.3081      7.00     13.00     22.00    102.00      0.00
  1.0000   0.0600       88.2950    1.8551     30.00     65.00    116.00    647.00      0.00       8.1110    0.1917      3.00      5.00     10.00     68.00      0.00      13.8805    0.2902      5.00     10.00     19.00    106.00      0.00
  1.0000   0.0400      120.6630    2.5617     41.00     87.00    163.00   1167.00      0.00      20.4725    0.4732      6.00     14.00     28.00    164.00      0.00       9.4985    0.2109      3.00      7.00     13.00     73.00      0.00
  1.0000   0.0200      163.9105    3.6021     49.00    119.00    224.00   1396.00      0.00      65.7150    1.4492     18.00     47.00     93.00    617.00      0.00       3.4225    0.1075      0.00      2.00      5.00     37.00      0.00
  0.8000   0.2000       43.2500    0.8347     18.00     33.00     57.00    370.00      0.00       1.2500    0.0120      1.00      1.00      1.00      5.00      0.00      48.7225    0.8960     21.00     39.00     65.00    304.00      0.00
  0.8000   0.1800       45.3420    0.8696     18.00     34.00     60.00    304.00      0.00       1.3495    0.0135      1.00      1.00      2.00      5.00      0.00      42.5390    0.7966     18.00     33.00     57.00    269.00      0.00
  0.8000   0.1600       52.7890    1.0516     20.00     39.00     70.00    355.00      0.00       1.4865    0.0164      1.00      1.00      2.00      9.00      0.00      40.7675    0.7980     16.00     31.00     55.00    291.00      0.00
  0.8000   0.1400       63.7265    1.2857     24.00     47.00     86.00    594.00      0.00       1.7590    0.0252      1.00      2.00      2.00     21.00      0.00      38.5555    0.7485     15.00     29.00     53.00    255.00      0.00
  0.8000   0.1200       72.1540    1.4965     25.00     53.00     99.00    520.00      0.00       2.0620    0.0278      1.00      2.00      3.00     17.00      0.00      33.5565    0.6851     12.00     24.00     47.00    250.00      0.00
  0.8000   0.1000       85.9860    1.8293     30.00     61.00    116.00    949.00      0.00       2.7050    0.0494      1.00      2.00      3.00     37.00      0.00      28.6905    0.5975     10.00     20.00     40.00    203.00      0.00
  0.8000   0.0800      106.3670    2.2752     34.00     76.00    149.00    786.00      0.00       4.2000    0.0912      2.00      3.00      5.00     48.00      0.00      24.0625    0.5166      8.00     17.00     33.00    185.00      0.00
  0.8000   0.0600      127.9420    2.8270     40.00     88.00    175.00    892.00      0.00       8.0250    0.1925      3.00      5.00     10.00    131.00      0.00      17.7690    0.3944      5.00     13.00     24.00    146.00      0.00
  0.8000   0.0400      150.9070    3.3025     47.00    105.00    208.00   1265.00      0.00      19.8330    0.4588      5.00     13.00     27.00    245.00      0.00      10.3215    0.2416      3.00      7.00     14.00     78.00      0.00
  0.8000   0.0200      178.9050    4.2469     49.00    121.00    247.00   1919.00      0.00      61.2325    1.4367     16.00     42.00     84.00    511.00      0.00       3.1840    0.1066      0.00      1.00      4.00     37.00      0.00
  0.6000   0.2000       76.7020    1.5930     28.00     56.00    102.00    514.00      0.00       1.2590    0.0116      1.00      1.00      1.00      4.00      0.00      83.5730    1.7108     30.00     61.00    114.00    606.00      0.00
  0.6000   0.1800       81.4580    1.7232     26.00     58.00    112.00    591.00      0.00       1.3480    0.0144      1.00      1.00      2.00      7.00      0.00      74.6285    1.5702     25.00     55.00    104.00    568.00      0.00
  0.6000   0.1600       92.3105    1.9704     30.00     67.00    125.00    741.00      0.00       1.4995    0.0169      1.00      1.00      2.00      8.00      0.00      67.9055    1.4457     22.00     51.00     93.00    593.00      0.00
  0.6000   0.1400      110.2430    2.5021     33.00     78.00    149.00   1001.00      0.00       1.7040    0.0216      1.00      1.00      2.00     12.00      0.00      64.5810    1.5031     19.00     45.00     87.00    674.00      0.00
  0.6000   0.1200      119.4275    2.6037     35.00     86.00    167.00    825.00      0.00       2.0520    0.0308      1.00      2.00      3.00     19.00      0.00      52.3925    1.1523     15.00     37.00     73.00    351.00      0.00
  0.6000   0.1000      137.5845    3.0034     41.00     98.00    192.00   1086.00      0.00       2.7865    0.0497      1.00      2.00      3.00     30.00      0.00      43.3720    0.9636     13.00     30.00     59.00    353.00      0.00
  0.6000   0.0800      154.8950    3.3683     44.00    111.00    219.00   1285.00      0.00       4.2120    0.0906      2.00      3.00      5.00     38.00      0.00      32.3905    0.7166      9.00     23.00     45.00    289.00      0.00
  0.6000   0.0600      160.2270    3.4141     48.00    112.00    228.00   1181.00      0.00       8.2155    0.1868      3.00      5.00     11.00     67.00      0.00      19.8290    0.4378      6.00     14.00     28.00    143.00      0.00
  0.6000   0.0400      180.9585    4.0697     53.00    124.00    249.00   1403.00      0.00      20.4670    0.4970      5.00     13.00     28.00    188.00      0.00      10.5300    0.2545      2.00      7.00     15.00     86.00      0.00
  0.6000   0.0200      190.0635    4.2878     51.00    129.00    263.00   1788.00      0.00      64.4755    1.4914     17.00     43.00     89.00    447.00      0.00       2.7990    0.0883      0.00      1.00      4.00     28.00      0.00
  0.4000   0.2000      132.7705    3.0586     39.00     90.00    178.00    963.00      0.00       1.2475    0.0123      1.00      1.00      1.00      7.00      0.00     141.8775    3.3522     41.00     94.00    191.00   1184.00      0.00
  0.4000   0.1800      140.1295    3.1568     41.00     96.00    193.00   1190.00      0.00       1.3630    0.0146      1.00      1.00      2.00      9.00      0.00     123.1255    2.8100     36.00     84.00    173.00   1008.00      0.00
  0.4000   0.1600      149.1710    3.3631     41.00     99.00    210.00   1240.00      0.00       1.4840    0.0167      1.00      1.00      2.00      7.00      0.00     107.7195    2.4666     27.00     71.00    153.00    786.00      0.00
  0.4000   0.1400      153.0560    3.5130     42.00    106.00    212.00   1556.00      0.00       1.7130    0.0205      1.00      2.00      2.00     12.00      0.00      86.4480    2.0330     24.00     59.00    118.00    919.00      0.00
  0.4000   0.1200      167.3635    3.6239     48.00    116.00    241.00   1416.00      0.00       2.0505    0.0292      1.00      2.00      3.00     12.00      0.00      70.1955    1.5447     20.00     48.00     99.00    453.00      0.00
  0.4000   0.1000      166.7820    3.8453     48.00    113.00    233.00   1593.00      0.00       2.6755    0.0472      1.00      2.00      3.00     21.00      0.00      49.7845    1.1715     13.00     33.00     69.00    396.00      0.00
  0.4000   0.0800      180.3475    4.1400     50.00    119.00    247.00   1183.00      0.00       3.9090    0.0792      2.00      3.00      5.00     42.00      0.00      36.0940    0.8487     10.00     23.00     50.00    269.00      0.00
  0.4000   0.0600      183.7150    3.9682     56.00    129.00    258.00   1672.00      0.00       8.3640    0.1889      3.00      5.00     11.00     76.00      0.00      21.0175    0.4751      6.00     15.00     29.00    213.00      0.00
  0.4000   0.0400      193.7455    4.3604     53.00    133.00    271.00   1581.00      0.00      19.9540    0.4743      5.00     13.00     27.00    166.00      0.00      10.2250    0.2502      2.00      7.00     14.00     97.00      0.00
  0.4000   0.0200      196.6770    4.3695     60.00    138.00    266.00   1753.00      0.00      68.0955    1.5687     19.00     47.00     93.00    663.00      0.00       2.6570    0.0812      0.00      1.00      4.00     39.00      0.00
  0.2000   0.2000      179.5955    3.9760     53.00    127.00    246.00   1322.00      0.00       1.2450    0.0116      1.00      1.00      1.00      6.00      0.00     190.6510    4.4441     54.00    130.00    254.00   1652.00      0.00
  0.2000   0.1800      179.1940    3.9130     52.00    124.00    252.00   1222.00      0.00       1.3560    0.0139      1.00      1.00      2.00      5.00      0.00     156.3365    3.6029     42.00    104.00    222.00   1231.00      0.00
  0.2000   0.1600      174.9435    3.9288     51.00    123.00    248.00   1571.00      0.00       1.4855    0.0163      1.00      1.00      2.00      7.00      0.00     123.5765    2.9227     34.00     85.00    169.00   1256.00      0.00
  0.2000   0.1400      178.9545    4.0422     49.00    123.00    245.00   1237.00      0.00       1.6995    0.0207      1.00      1.00      2.00      8.00      0.00      97.7675    2.2975     26.00     66.00    133.00    740.00      0.00
  0.2000   0.1200      195.2605    4.2079     55.00    138.00    282.00   1215.00      0.00       2.0940    0.0309      1.00      2.00      3.00     17.00      0.00      79.4375    1.7603     23.00     55.00    113.00    552.00      0.00
  0.2000   0.1000      193.6985    4.5126     51.00    133.00    257.00   1549.00      0.00       2.7280    0.0456      1.00      2.00      3.00     21.00      0.00      56.6775    1.3495     14.00     37.00     76.00    402.00      0.00
  0.2000   0.0800      189.4050    4.4292     52.00    126.00    262.00   1703.00      0.00       4.0545    0.0811      2.00      3.00      5.00     40.00      0.00      36.0485    0.8678      9.00     23.00     50.00    269.00      0.00
  0.2000   0.0600      198.4180    4.5715     61.00    135.00    270.00   1566.00      0.00       8.1595    0.1927      3.00      5.00     10.00     87.00      0.00      21.5070    0.5182      6.00     14.00     29.00    176.00      0.00
  0.2000   0.0400      198.6430    4.3841     59.00    139.00    276.00   1348.00      0.00      20.9505    0.4876      5.00     13.00     30.00    174.00      0.00       9.7425    0.2296      2.00      6.00     14.00     74.00      0.00
  0.2000   0.0200      195.8725    4.4129     53.00    134.00    271.00   1468.00      0.00      64.9090    1.5476     17.00     42.00     89.00    709.00      0.00       2.4655    0.0713      0.00      1.00      3.00     21.00      0.00
