Amp Radius  OC_Mean OC_Std OC_Q1 OC_Med OC_Q3 OC_Max OC_Min  Exp_Mean Exp_Std Exp_Q1 Exp_Med Exp_Q3 Exp_Max Exp_Min  Num_Mean Num_Std Num_Q1 Num_Med Num_Q3 Num_Max Num_Min
  2.0000   0.2000        4.0850    0.0623      2.00      3.00      5.00     42.00      0.00       2.1485    0.0415      1.00      1.00      3.00     17.00      0.00       9.3160    0.0807      7.00     10.00     12.00     23.00      0.00
  2.0000   0.1800        4.7245    0.0734      2.00      4.00      6.00     26.00      0.00       2.4880    0.0523      1.00      2.00      3.00     20.00      0.00       9.1980    0.0770      7.00     10.00     11.00     19.00      0.00
  2.0000   0.1600        5.3595    0.0916      3.00      4.00      7.00     43.00      0.00       2.8435    0.0586      1.00      2.00      4.00     26.00      0.00       9.1070    0.0780      7.00     10.00     11.00     23.00      0.00
  2.0000   0.1400        6.1280    0.1056      3.00      5.00      8.00     46.00      0.00       3.3010    0.0717      1.00      2.00      4.00     43.00      0.00       8.9425    0.0765      7.00     10.00     11.00     21.00      0.00
  2.0000   0.1200        7.5135    0.1349      3.00      6.00     10.00     56.00      0.00       4.3740    0.0936      1.00      3.00      6.00     42.00      0.00       8.7145    0.0773      7.00     10.00     11.00     23.00      0.00
  2.0000   0.1000        9.8555    0.1744      4.00      8.00     13.00     84.00      0.00       6.1160    0.1297      2.00      5.00      9.00     72.00      0.00       8.4525    0.0808      6.00     10.00     11.00     21.00      0.00
  2.0000   0.0800       14.5245    0.3026      5.00     11.00     19.00    124.00      0.00       9.3635    0.2181      3.00      6.00     13.00    123.00      0.00       8.2020    0.0797      6.00      9.00     11.00     20.00      0.00
  2.0000   0.0600       24.6445    0.5445      8.00     17.00     33.00    215.00      0.00      18.1960    0.4480      5.00     12.00     24.00    214.00      0.00       7.4045    0.0880      5.00      8.00     10.00     21.00      0.00
  2.0000   0.0400       51.6585    1.2050     15.00     34.00     72.00    548.00      0.00      44.5060    1.1011     11.00     29.00     61.00    548.00      0.00       5.8215    0.0974      1.00      6.00     10.00     21.00      0.00
  2.0000   0.0200      118.0910    2.7814     33.00     79.00    164.00   1427.00      0.00     112.4745    2.6735     31.00     75.00    153.00   1427.00      0.00       2.8145    0.0854      0.00      0.00      6.00     17.00      0.00
  1.8000   0.2000        4.6750    0.0746      2.00      4.00      6.00     37.00      0.00       2.2205    0.0431      1.00      1.00      3.00     17.00      0.00       9.9895    0.0838      8.00     10.00     12.00     27.00      0.00
  1.8000   0.1800        5.2505    0.0828      3.00      4.00      7.00     33.00      0.00       2.5170    0.0503      1.00      2.00      3.00     17.00      0.00       9.6945    0.0839      7.00     10.00     12.00     24.00      0.00
  1.8000   0.1600        5.7935    0.0964      3.00      5.00      8.00     47.00      0.00       2.8030    0.0572      1.00      2.00      4.00     21.00      0.00       9.6970    0.0825      8.00     10.00     12.00     25.00      0.00
  1.8000   0.1400        6.8765    0.1105      3.00      6.00      9.00     46.00      0.00       3.6410    0.0729      1.00      3.00      5.00     24.00      0.00       9.3350    0.0821      7.00     10.00     11.00     24.00      0.00
  1.8000   0.1200        8.5965    0.1552      4.00      7.00     11.00     76.00      0.00       4.3300    0.0914      1.00      3.00      6.00     35.00      0.00       9.2370    0.0804      7.00     10.00     11.00     24.00      0.00
  1.8000   0.1000       11.0705    0.2378      5.00      8.00     14.00    137.00      0.00       5.8885    0.1402      2.00      4.00      8.00     95.00      0.00       8.9730    0.0818      7.00     10.00     11.00     23.00      0.00
  1.8000   0.0800       15.6155    0.3205      6.00     12.00     20.00    154.00      0.00       9.4290    0.2298      3.00      7.00     13.00    153.00      0.00       8.5050    0.0858      6.00     10.00     11.00     25.00      0.00
  1.8000   0.0600       26.7955    0.5733      9.00     19.00     37.00    217.00      0.00      18.8430    0.4416      5.00     13.00     25.00    185.00      0.00       7.9620    0.0902      6.00      9.00     11.00     22.00      0.00
  1.8000   0.0400       57.1655    1.3358     16.00     38.00     76.00    419.00      0.00      46.6800    1.1543     12.00     30.00     64.00    416.00      0.00       6.3180    0.1048      1.00      7.00     10.00     23.00      0.00
  1.8000   0.0200      125.1040    2.6472     38.00     89.00    179.00    882.00      0.00     114.0460    2.4419     34.00     79.00    161.00    667.00      0.00       3.0285    0.0921      0.00      0.00      7.00     19.00      0.00
  1.6000   0.2000        5.1560    0.0836      3.00      4.00      6.00     41.00      0.00       2.1250    0.0429      1.00      1.00      3.00     25.00      0.00      10.9350    0.0936      9.00     11.00     13.00     33.00      0.00
  1.6000   0.1800        5.5710    0.0888      3.00      4.00      7.00     35.00      0.00       2.3350    0.0465      1.00      2.00      3.00     18.00      0.00      10.6235    0.0929      8.00     11.00     13.00     28.00      0.00
  1.6000   0.1600        6.5445    0.1083      3.00      5.00      9.00     55.00      0.00       2.7915    0.0549      1.00      2.00      4.00     22.00      0.00      10.5610    0.0900      8.00     11.00     13.00     29.00      0.00
  1.6000   0.1400        7.8010    0.1373      4.00      6.00     10.00     60.00      0.00       3.4770    0.0726      1.00      2.00      5.00     27.00      0.00      10.1615    0.0909      8.00     11.00     12.00     27.00      0.00
  1.6000   0.1200        9.7315    0.1839      4.00      7.00     13.00     78.00      0.00       4.6285    0.1046      1.00      3.00      6.00     63.00      0.00       9.9875    0.0915      8.00     10.00     12.00     28.00      0.00
  1.6000   0.1000       12.6130    0.2516      5.00      9.00     17.00    100.00      0.00       5.9505    0.1334      2.00      4.00      8.00     53.00      0.00       9.6840    0.0938      7.00     10.00     12.00     26.00      0.00
  1.6000   0.0800       17.4320    0.3569      7.00     13.00     23.00    132.00      0.00       9.6240    0.2303      3.00      7.00     13.00    131.00      0.00       9.2880    0.0979      7.00     10.00     12.00     24.00      0.00
  1.6000   0.0600       30.3185    0.6613     10.00     21.00     41.00    251.00      0.00      19.5745    0.4975      5.00     12.00     25.00    250.00      0.00       8.6285    0.1052      6.00     10.00     11.00     27.00      0.00
  1.6000   0.0400       58.1165    1.3301     16.00     40.00     80.00    463.00      0.00      42.9325    1.0190     10.00     29.00     61.00    351.00      0.00       6.8815    0.1149      1.00      8.00     11.00     26.00      0.00
  1.6000   0.0200      119.8415    2.7250     32.00     83.00    172.00   1161.00      0.00     107.3115    2.4805     28.00     74.00    154.00   1075.00      0.00       3.2540    0.1027      0.00      0.00      7.00     21.00      0.00
  1.4000   0.2000        5.9010    0.0945      3.00      5.00      7.00     47.00      0.00       2.1260    0.0406      1.00      1.00      3.00     17.00      0.00      12.2095    0.1122     10.00     12.00     15.00     39.00      0.00
  1.4000   0.1800        6.6465    0.1117      3.00      5.00      9.00     39.00      0.00       2.4215    0.0476      1.00      2.00      3.00     21.00      0.00      11.9020    0.1114      9.00     12.00     15.00     34.00      0.00
  1.4000   0.1600        7.6430    0.1353      4.00      6.00     10.00     90.00      0.00       2.8985    0.0580      1.00      2.00      4.00     22.00      0.00      11.6350    0.1053      9.00     11.00     14.00     34.00      0.00
  1.4000   0.1400        9.2010    0.1695      4.00      7.00     12.00     85.00      0.00       3.3280    0.0687      1.00      2.00      4.00     27.00      0.00      11.4330    0.1062      9.00     11.00     14.00     32.00      0.00
  1.4000   0.1200       10.9780    0.2007      5.00      8.00     15.00     62.00      0.00       4.2950    0.0877      1.00      3.00      6.00     32.00      0.00      11.0095    0.1051      9.00     11.00     13.00     33.00      0.00
  1.4000   0.1000       14.4650    0.2903      6.00     11.00     19.00    162.00      0.00       6.3015    0.1406      2.00      4.00      9.00     86.00      0.00      10.8520    0.1097      8.00     11.00     13.00     32.00      0.00
  1.4000   0.0800       20.3190    0.4234      7.00     14.00     27.00    178.00      0.00       9.7895    0.2387      3.00      6.00     13.00    121.00      0.00      10.4075    0.1147      8.00     11.00     13.00     31.00      0.00
  1.4000   0.0600       31.4850    0.6980     10.00     21.00     42.00    282.00      0.00      17.4620    0.4454      5.00     12.00     23.00    228.00      0.00       9.5125    0.1168      7.00     10.00     12.00     28.00      0.00
  1.4000   0.0400       67.5765    1.4894     20.00     47.00     92.00    477.00      0.00      47.2930    1.1599     12.00     31.00     65.00    416.00      0.00       7.4895    0.1330      1.00      8.00     12.00     39.00      0.00
  1.4000   0.0200      131.5830    2.9196     41.00     91.00    180.00   1345.00      0.00     112.2080    2.5119     33.00     78.00    155.00    893.00      0.00       3.6415    0.1207      0.00      0.00      7.00     31.00      0.00
  1.2000   0.2000        6.9555    0.1214      3.00      6.00      9.00     62.00      0.00       2.0750    0.0398      1.00      1.00      2.00     20.00      0.00      14.1825    0.1386     10.00     14.00     18.00     40.00      0.00
  1.2000   0.1800        8.1720    0.1454      4.00      6.00     10.00     64.00      0.00       2.4895    0.0509      1.00      2.00      3.00     26.00      0.00      13.9895    0.1382     10.00     13.00     17.00     40.00      0.00
  1.2000   0.1600        8.8735    0.1507      4.00      7.00     12.00     60.00      0.00       2.7385    0.0538      1.00      2.00      4.00     26.00      0.00      13.5755    0.1361     10.00     13.00     17.00     39.00      0.00
  1.2000   0.1400       11.0105    0.2060      5.00      8.00     14.00     69.00      0.00       3.4310    0.0713      1.00      2.00      5.00     39.00      0.00      13.6305    0.1397     10.00     13.00     17.00     42.00      0.00
  1.2000   0.1200       13.5455    0.2739      5.00     10.00     17.00    151.00      0.00       4.3320    0.0913      1.00      3.00      6.00     39.00      0.00      12.9390    0.1401     10.00     12.00     16.00     48.00      0.00
  1.2000   0.1000       17.0785    0.3255      7.00     13.00     23.00    138.00      0.00       6.0090    0.1407      2.00      4.00      8.00     73.00      0.00      12.7020    0.1399     10.00     12.00     16.00     40.00      0.00
  1.2000   0.0800       25.0280    0.5717      9.00     18.00     32.00    415.00      0.00       9.3160    0.2210      3.00      7.00     12.00     90.00      0.00      12.0040    0.1457      9.00     12.00     16.00     44.00      0.00
  1.2000   0.0600       37.6710    0.7940     13.00     26.00     51.00    293.00      0.00      17.6360    0.4339      4.00     12.00     24.00    227.00      0.00      10.8585    0.1565      6.00     11.00     15.00     40.00      0.00
  1.2000   0.0400       73.7965    1.6365     21.00     51.00    102.00    605.00      0.00      45.6435    1.1218     11.00     29.00     63.00    605.00      0.00       8.9220    0.1682      1.00      9.00     14.00     38.00      0.00
  1.2000   0.0200      137.2220    3.0716     38.00     95.00    195.00   1041.00      0.00     112.6940    2.6734     28.00     77.00    154.00    967.00      0.00       4.2240    0.1445      0.00      0.00      8.00     40.00      0.00
  1.0000   0.2000        8.6705    0.1486      4.00      7.00     11.00     69.00      0.00       2.1165    0.0406      1.00      1.00      3.00     19.00      0.00      17.7050    0.1923     12.00     16.00     23.00     55.00      0.00
  1.0000   0.1800       10.2535    0.1781      5.00      8.00     13.00     79.00      0.00       2.4545    0.0492      1.00      2.00      3.00     21.00      0.00      17.2545    0.1851     12.00     16.00     22.00     56.00      0.00
  1.0000   0.1600       11.1540    0.1973      5.00      9.00     14.00     71.00      0.00       2.8150    0.0572      1.00      2.00      4.00     27.00      0.00      16.7760    0.1848     11.00     16.00     22.00     60.00      0.00
  1.0000   0.1400       13.9305    0.2739      6.00     10.00     18.00    118.00      0.00       3.5760    0.0784      1.00      2.00      5.00     36.00      0.00      16.7360    0.1947     11.00     15.00     22.00     55.00      0.00
  1.0000   0.1200       16.2435    0.3053      7.00     12.00     22.00    113.00      0.00       4.2465    0.0867      1.00      3.00      6.00     32.00      0.00      16.1015    0.1879     11.00     15.00     21.00     71.00      0.00
  1.0000   0.1000       21.7945    0.4558      8.00     16.00     29.00    231.00      0.00       6.0430    0.1416      2.00      4.00      8.00     81.00      0.00      15.5940    0.1923     11.00     15.00     21.00     61.00      0.00
  1.0000   0.0800       29.8725    0.6041     11.00     22.00     40.00    282.00      0.00       9.3480    0.2153      3.00      7.00     13.00     94.00      0.00      14.6270    0.1954     10.00     14.00     20.00     49.00      0.00
  1.0000   0.0600       46.9015    0.9818     15.00     34.00     67.00    346.00      0.00      18.1050    0.4616      4.00     11.00     24.00    172.00      0.00      13.2305    0.2025      7.00     13.00     19.00     54.00      0.00
  1.0000   0.0400       83.8190    1.8123     26.00     59.00    117.00    725.00      0.00      44.2275    1.0689     11.00     28.00     61.00    367.00      0.00      10.2645    0.2122      1.00     10.00     17.00     51.00      0.00
  1.0000   0.0200      145.8570    3.3042     41.00    100.00    195.00   1273.00      0.00     110.0345    2.5511     29.00     76.00    156.00    906.00      0.00       4.5715    0.1767      0.00      0.00      6.00     45.00      0.00
  0.8000   0.2000       11.9830    0.2053      6.00     10.00     16.00     84.00      0.00       2.1255    0.0408      1.00      1.00      3.00     13.00      0.00      24.0070    0.2833     15.00     23.00     31.00     91.00      0.00
  0.8000   0.1800       13.5635    0.2428      6.00     10.00     18.00    101.00      0.00       2.4375    0.0478      1.00      2.00      3.00     22.00      0.00      23.5740    0.2826     15.00     22.00     30.00     87.00      0.00
  0.8000   0.1600       15.2535    0.2685      7.00     12.00     20.00     89.00      0.00       2.8910    0.0597      1.00      2.00      4.00     23.00      0.00      22.6040    0.2788     14.00     21.00     30.00     82.00      0.00
  0.8000   0.1400       18.4615    0.3637      8.00     14.00     24.00    226.00      0.00       3.4410    0.0713      1.00      2.00      4.00     28.00      0.00      22.4520    0.2847     13.00     21.00     30.00     93.00      0.00
  0.8000   0.1200       23.2365    0.4588      9.00     17.00     31.00    161.00      0.00       4.3660    0.0936      1.00      3.00      6.00     59.00      0.00      22.0435    0.2898     13.00     20.00     29.00     93.00      0.00
  0.8000   0.1000       28.8880    0.5746     11.00     21.00     39.00    199.00      0.00       6.0465    0.1352      2.00      4.00      8.00     57.00      0.00      20.4860    0.2877     12.00     19.00     28.00     91.00      0.00
  0.8000   0.0800       41.7900    0.8717     15.00     30.00     56.00    324.00      0.00       9.4750    0.2328      3.00      7.00     13.00     97.00      0.00      19.3905    0.2946     10.00     18.00     28.00     85.00      0.00
  0.8000   0.0600       58.1560    1.2552     19.00     41.00     78.00    468.00      0.00      17.8650    0.4489      4.00     12.00     24.00    198.00      0.00      16.3550    0.2892      5.00     15.00     24.00    106.00      0.00
  0.8000   0.0400       98.0765    2.1556     28.00     67.00    138.00    651.00      0.00      44.6220    1.0925     10.00     29.00     61.00    414.00      0.00      12.2360    0.2961      1.00      9.00     21.00     83.00      0.00
  0.8000   0.0200      158.0675    3.5294     44.00    105.00    219.00   1109.00      0.00     113.0900    2.6338     29.00     75.00    155.00    946.00      0.00       5.0130    0.2207      0.00      0.00      4.00     88.00      0.00
  0.6000   0.2000       18.1090    0.3189      8.00     14.00     24.00    129.00      0.00       2.0920    0.0419      1.00      1.00      2.00     17.00      0.00      35.9960    0.4966     20.00     32.00     48.00    152.00      0.00
  0.6000   0.1800       20.6295    0.3898      9.00     16.00     26.00    155.00      0.00       2.3890    0.0475      1.00      2.00      3.00     18.00      0.00      36.2875    0.4975     20.00     34.00     49.00    158.00      0.00
  0.6000   0.1600       23.8385    0.4426     10.00     18.00     32.00    160.00      0.00       2.9220    0.0598      1.00      2.00      4.00     28.00      0.00      34.4835    0.4854     19.00     31.00     46.00    156.00      0.00
  0.6000   0.1400       27.7035    0.5440     10.00     21.00     37.00    252.00      0.00       3.3985    0.0720      1.00      2.00      5.00     27.00      0.00      33.3025    0.5003     18.00     30.00     45.00    172.00      0.00
  0.6000   0.1200       33.7810    0.6933     12.00     25.00     44.00    275.00      0.00       4.5215    0.1009      1.00      3.00      6.00     46.00      0.00      32.1540    0.5049     16.00     29.00     44.00    171.00      0.00
  0.6000   0.1000       45.3340    0.9505     16.00     32.00     62.00    355.00      0.00       5.8795    0.1201      2.00      4.00      8.00     42.00      0.00      30.5840    0.4986     14.00     28.00     42.00    140.00      0.00
  0.6000   0.0800       60.3725    1.3012     20.00     43.00     81.00    447.00      0.00       9.5345    0.2372      3.00      6.00     12.00    116.00      0.00      27.2070    0.4897     10.00     24.00     40.00    151.00      0.00
  0.6000   0.0600       83.6760    1.8035     28.00     58.00    113.00    630.00      0.00      18.3655    0.4605      5.00     12.00     25.00    163.00      0.00      23.2220    0.4810      4.00     19.00     36.00    131.00      0.00
  0.6000   0.0400      121.9375    2.7334     36.00     84.00    166.00   1016.00      0.00      44.7175    1.0582     11.00     30.00     62.00    373.00      0.00      14.7365    0.4324      1.00      5.00     24.00    132.00      0.00
  0.6000   0.0200      172.2815    3.7532     47.00    121.00    247.00   1411.00      0.00     112.5530    2.5717     29.00     76.00    162.00    780.00      0.00       5.2170    0.2969      0.00      0.00      2.00    136.00      0.00
  0.4000   0.2000       35.0310    0.6630     15.00     27.00     46.00    267.00      0.00       2.1430    0.0416      1.00      1.00      3.00     16.00      0.00      68.6630    1.1505     31.00     58.00     96.00    508.00      0.00
  0.4000   0.1800       40.5790    0.8015     16.00     31.00     54.00    355.00      0.00       2.3940    0.0454      1.00      2.00      3.00     18.00      0.00      66.5360    1.1644     29.00     56.00     90.00    357.00      0.00
  0.4000   0.1600       45.4600    0.8812     18.00     33.00     61.00    309.00      0.00       2.9005    0.0605      1.00      2.00      4.00     29.00      0.00      63.4000    1.1077     26.00     53.00     88.00    322.00      0.00
  0.4000   0.1400       53.2635    1.0924     20.00     40.00     71.00    550.00      0.00       3.5410    0.0748      1.00      2.00      5.00     31.00      0.00      60.5295    1.0801     24.00     51.00     83.00    316.00      0.00
  0.4000   0.1200       65.8020    1.3927     23.00     47.00     89.00    494.00      0.00       4.4500    0.0904      1.00      3.00      6.00     38.00      0.00      54.7095    1.0160     19.00     46.00     78.00    328.00      0.00
  0.4000   0.1000       74.6430    1.5925     26.00     53.00     99.00    538.00      0.00       6.1415    0.1409      2.00      4.00      8.00     81.00      0.00      48.9385    0.9993     13.00     39.00     71.00    325.00      0.00
  0.4000   0.0800       97.7150    2.0993     32.00     69.00    134.00    832.00      0.00       9.1425    0.2207      3.00      6.00     12.00    102.00      0.00      42.9995    0.9761      8.00     31.00     64.00    362.00      0.00
  0.4000   0.0600      126.1675    2.7015     38.00     90.00    174.00    831.00      0.00      17.7490    0.4584      5.00     12.00     23.00    315.00      0.00      32.1630    0.8850      3.00     16.00     50.00    264.00      0.00
  0.4000   0.0400      156.0765    3.4730     44.00    107.00    220.00   1105.00      0.00      44.3355    1.1057     10.00     29.00     61.00    641.00      0.00      17.5865    0.6587      1.00      4.00     21.00    198.00      0.00
  0.4000   0.0200      192.5175    4.3731     57.00    137.00    261.00   1684.00      0.00     110.7820    2.5445     29.00     76.00    156.00   1071.00      0.00       5.2205    0.3588      0.00      0.00      3.00    208.00      0.00
  0.2000   0.2000      111.8875    2.4027     37.00     78.00    152.00    737.00      0.00       2.1060    0.0407      1.00      1.00      3.00     18.00      0.00     163.6955    3.7171     48.00    115.00    218.00   1307.00      0.00
  0.2000   0.1800      122.3325    2.6226     37.00     88.00    167.00    952.00      0.00       2.5535    0.0521      1.00      2.00      3.00     19.00      0.00     148.5415    3.3974     40.00    100.00    207.00   1159.00      0.00
  0.2000   0.1600      129.6905    2.9238     38.00     88.00    176.00   1053.00      0.00       2.8235    0.0556      1.00      2.00      4.00     24.00      0.00     129.9665    3.0210     32.00     86.00    183.00   1000.00      0.00
  0.2000   0.1400      142.8995    3.0985     45.00     99.00    198.00   1325.00      0.00       3.4615    0.0721      1.00      2.00      5.00     29.00      0.00     112.2880    2.5650     26.00     79.00    162.00    897.00      0.00
  0.2000   0.1200      150.1740    3.2667     46.00    107.00    207.00    999.00      0.00       4.2055    0.0880      1.00      3.00      6.00     47.00      0.00      89.2095    2.2130     18.00     58.00    124.00    785.00      0.00
  0.2000   0.1000      166.2575    3.6296     49.00    118.00    229.00   1525.00      0.00       6.1535    0.1355      2.00      4.00      8.00     53.00      0.00      69.3990    1.8245     11.00     42.00     98.00    606.00      0.00
  0.2000   0.0800      173.5165    3.9023     50.00    120.00    242.00   1457.00      0.00       9.2695    0.2239      3.00      6.00     12.00    134.00      0.00      46.1555    1.3484      6.00     24.00     62.00    577.00      0.00
  0.2000   0.0600      186.2705    4.2026     52.00    131.00    256.00   1341.00      0.00      17.8390    0.4217      5.00     12.00     24.00    188.00      0.00      29.2245    1.0268      3.00     12.00     35.00    580.00      0.00
  0.2000   0.0400      190.6735    4.2346     57.00    130.00    263.00   1567.00      0.00      45.0825    1.0543     11.00     31.00     62.00    396.00      0.00      12.9485    0.5664      1.00      4.00     13.00    252.00      0.00
  0.2000   0.0200      202.5095    4.4581     56.00    142.00    285.00   1394.00      0.00     112.5825    2.6260     30.00     75.00    157.00   1075.00      0.00       3.4235    0.2462      0.00      0.00      2.00    171.00      0.00
