Amp Radius  OC_Mean OC_Std OC_Q1 OC_Med OC_Q3 OC_Max OC_Min  Exp_Mean Exp_Std Exp_Q1 Exp_Med Exp_Q3 Exp_Max Exp_Min  Num_Mean Num_Std Num_Q1 Num_Med Num_Q3 Num_Max Num_Min
  2.0000   0.2000        4.0170    0.0736      2.00      3.00      5.00     58.00      0.00       1.7310    0.0577      1.00      1.00      2.00     56.00      0.00       8.5850    0.0817      6.00      9.00     11.00     29.00      0.00
  2.0000   0.1800        4.5535    0.0933      3.00      4.00      5.00    101.00      0.00       2.1710    0.0816      1.00      1.00      2.00     98.00      0.00       8.2830    0.0799      6.00      9.00     11.00     21.00      0.00
  2.0000   0.1600        5.5035    0.1340      3.00      4.00      6.00     84.00      0.00       2.8745    0.1214      1.00      1.00      2.00     81.00      0.00       8.1895    0.0777      6.00      8.00     11.00     19.00      0.00
  2.0000   0.1400        6.9980    0.1917      3.00      4.00      7.00    100.00      0.00       4.1525    0.1782      1.00      2.00      3.00     92.00      0.00       7.8855    0.0786      6.00      8.00     11.00     17.00      0.00
  2.0000   0.1200       10.6605    0.3408      3.00      6.00     11.00    170.00      0.00       7.7385    0.3317      1.00      2.00      7.00    167.00      0.00       7.6990    0.0786      6.00      8.00     10.00     17.00      0.00
  2.0000   0.1000       17.3570    0.5219      4.00      8.00     21.00    213.00      0.00      14.3165    0.5087      1.00      5.00     18.00    210.00      0.00       7.4365    0.0797      5.00      8.00     10.00     18.00      0.00
  2.0000   0.0800       29.8905    0.8613      6.00     16.00     39.00    467.00      0.00      25.7350    0.8193      3.00     12.00     34.00    467.00      0.00       6.7325    0.0893      4.00      7.00     10.00     17.00      0.00
  2.0000   0.0600       48.6290    1.2270     10.00     31.00     69.00    599.00      0.00      44.5585    1.2039      7.00     27.00     62.00    599.00      0.00       5.9035    0.0968      1.00      6.00      9.00     17.00      0.00
  2.0000   0.0400       82.6820    1.9431     19.00     56.00    115.00    632.00      0.00      78.2660    1.8992     17.00     51.00    110.00    627.00      0.00       4.3810    0.0973      0.00      4.00      8.00     15.00      0.00
  2.0000   0.0200      148.9575    3.3507     44.00    106.00    205.00   1093.00      0.00     145.0345    3.2611     42.00    102.00    201.00   1093.00      0.00       1.9850    0.0759      0.00      0.00      4.00     16.00      0.00
  1.8000   0.2000        4.4125    0.0714      3.00      4.00      5.00     49.00      0.00       1.7345    0.0528      1.00      1.00      2.00     48.00      0.00       9.1640    0.0848      7.00      9.00     12.00     24.00      0.00
  1.8000   0.1800        4.9920    0.0950      3.00      4.00      6.00     64.00      0.00       2.0475    0.0722      1.00      1.00      2.00     54.00      0.00       9.0725    0.0827      7.00      9.00     11.00     22.00      0.00
  1.8000   0.1600        6.2760    0.1639      3.00      4.00      7.00     93.00      0.00       3.0650    0.1314      1.00      1.00      3.00     77.00      0.00       8.6670    0.0833      6.00      9.00     11.00     24.00      0.00
  1.8000   0.1400        7.8305    0.2285      3.00      5.00      8.00    156.00      0.00       4.5035    0.2127      1.00      2.00      3.00    156.00      0.00       8.4545    0.0811      6.00      9.00     11.00     22.00      0.00
  1.8000   0.1200       11.6150    0.3442      4.00      6.00     13.00    230.00      0.00       7.8505    0.3151      1.00      2.00      8.00    224.00      0.00       8.2350    0.0846      6.00      9.00     11.00     24.00      0.00
  1.8000   0.1000       17.8005    0.5080      5.00      9.00     23.00    238.00      0.00      13.3435    0.4684      2.00      5.00     17.00    238.00      0.00       7.8405    0.0899      6.00      8.00     11.00     20.00      0.00
  1.8000   0.0800       28.9175    0.7741      6.00     16.00     40.00    296.00      0.00      24.3815    0.7516      2.00     11.00     35.00    296.00      0.00       7.3650    0.0950      5.00      8.00     11.00     22.00      0.00
  1.8000   0.0600       49.6565    1.2703     10.00     29.00     68.00    460.00      0.00      43.2985    1.1791      6.00     25.00     60.00    460.00      0.00       6.3005    0.1013      1.00      7.00     10.00     19.00      0.00
  1.8000   0.0400       83.9735    1.9668     20.00     57.00    117.00    792.00      0.00      77.3060    1.8376     17.00     51.00    109.00    573.00      0.00       4.7520    0.1030      0.00      5.00      9.00     19.00      0.00
  1.8000   0.0200      144.4940    3.3194     40.00     98.00    200.00   1631.00      0.00     137.8230    3.1331     37.00     94.00    191.00    990.00      0.00       2.1260    0.0813      0.00      0.00      4.00     17.00      0.00
  1.6000   0.2000        5.0970    0.0841      3.00      4.00      6.00     56.00      0.00       1.7225    0.0493      1.00      1.00      2.00     37.00      0.00      10.2890    0.0949      8.00     10.00     13.00     27.00      0.00
  1.6000   0.1800        5.8285    0.1256      3.00      4.00      7.00     73.00      0.00       2.2950    0.1028      1.00      1.00      2.00     67.00      0.00       9.9270    0.0946      7.00     10.00     13.00     30.00      0.00
  1.6000   0.1600        6.7085    0.1439      3.00      5.00      8.00     71.00      0.00       2.8275    0.1150      1.00      1.00      2.00     70.00      0.00       9.7885    0.0904      7.00     10.00     12.00     25.00      0.00
  1.6000   0.1400        8.1870    0.2049      4.00      6.00      9.00    130.00      0.00       4.1870    0.1840      1.00      2.00      4.00    128.00      0.00       9.3360    0.0902      7.00     10.00     12.00     24.00      0.00
  1.6000   0.1200       11.9165    0.3425      4.00      7.00     13.00    183.00      0.00       6.9840    0.2917      1.00      2.00      7.00    166.00      0.00       9.0575    0.0905      7.00     10.00     12.00     22.00      0.00
  1.6000   0.1000       18.7665    0.5329      5.00     10.00     23.00    273.00      0.00      13.1135    0.4717      1.00      4.00     16.00    273.00      0.00       8.6440    0.0940      6.00      9.00     11.00     24.00      0.00
  1.6000   0.0800       33.7320    0.8899      7.00     18.00     47.00    382.00      0.00      26.3960    0.7910      2.00     12.00     37.00    382.00      0.00       8.0785    0.1044      5.00      9.00     11.00     24.00      0.00
  1.6000   0.0600       50.9340    1.2665     10.00     31.00     73.00    472.00      0.00      43.7135    1.1626      6.00     25.00     62.00    410.00      0.00       6.8650    0.1137      1.00      8.00     11.00     26.00      0.00
  1.6000   0.0400       86.7555    2.0050     22.00     60.00    120.00    900.00      0.00      78.3880    1.8575     17.00     52.00    110.00    647.00      0.00       5.2385    0.1170      0.00      5.00     10.00     22.00      0.00
  1.6000   0.0200      146.7395    3.5733     38.00     97.00    198.00   1364.00      0.00     138.8980    3.3992     36.00     90.00    189.00   1205.00      0.00       2.3880    0.0936      0.00      0.00      4.00     21.00      0.00
  1.4000   0.2000        5.9210    0.0959      3.00      5.00      7.00     61.00      0.00       1.7375    0.0558      1.00      1.00      2.00     58.00      0.00      11.6505    0.1118      9.00     11.00     15.00     33.00      0.00
  1.4000   0.1800        6.3905    0.1168      4.00      5.00      8.00     76.00      0.00       2.1005    0.0849      1.00      1.00      2.00     71.00      0.00      11.3390    0.1076      8.00     11.00     14.00     29.00      0.00
  1.4000   0.1600        7.6205    0.1773      4.00      6.00      9.00    163.00      0.00       2.8555    0.1237      1.00      1.00      2.00     77.00      0.00      10.7630    0.1018      8.00     11.00     13.00     34.00      0.00
  1.4000   0.1400        9.8845    0.2504      4.00      7.00     11.00    118.00      0.00       4.7780    0.2205      1.00      2.00      4.00    114.00      0.00      10.6035    0.1010      8.00     11.00     13.00     32.00      0.00
  1.4000   0.1200       13.1085    0.3570      5.00      8.00     14.00    167.00      0.00       7.0410    0.2970      1.00      2.00      7.00    150.00      0.00      10.3705    0.1045      8.00     11.00     13.00     27.00      0.00
  1.4000   0.1000       21.0665    0.5802      6.00     11.00     26.00    298.00      0.00      13.6500    0.4722      1.00      4.00     18.00    183.00      0.00       9.8810    0.1078      7.00     10.00     13.00     30.00      0.00
  1.4000   0.0800       35.2525    0.9681      8.00     20.00     46.00    419.00      0.00      25.5760    0.8153      2.00     12.00     34.00    360.00      0.00       9.1180    0.1197      6.00     10.00     13.00     27.00      0.00
  1.4000   0.0600       53.1200    1.3254     11.00     33.00     73.00    513.00      0.00      42.7475    1.1706      6.00     25.00     60.00    477.00      0.00       7.6165    0.1282      1.00      9.00     12.00     26.00      0.00
  1.4000   0.0400       88.2095    1.9620     23.00     62.00    126.00    668.00      0.00      75.6640    1.7487     17.00     53.00    107.00    660.00      0.00       5.9475    0.1326      0.00      6.00     11.00     31.00      0.00
  1.4000   0.0200      146.6130    3.2339     40.00    104.00    204.00    929.00      0.00     134.7830    2.9784     35.00     97.00    192.00    929.00      0.00       2.5505    0.1033      0.00      0.00      3.00     24.00      0.00
  1.2000   0.2000        6.9365    0.1146      4.00      6.00      9.00     72.00      0.00       1.7220    0.0565      1.00      1.00      2.00     49.00      0.00      13.5420    0.1336     10.00     13.00     17.00     39.00      0.00
  1.2000   0.1800        7.7650    0.1385      4.00      6.00      9.00     72.00      0.00       2.1770    0.0869      1.00      1.00      2.00     67.00      0.00      13.2520    0.1345     10.00     13.00     17.00     47.00      0.00
  1.2000   0.1600        8.8995    0.1567      4.00      7.00     11.00     79.00      0.00       2.7550    0.1011      1.00      1.00      3.00     65.00      0.00      12.9735    0.1296      9.00     13.00     16.00     35.00      0.00
  1.2000   0.1400       10.8250    0.2360      5.00      8.00     13.00    125.00      0.00       3.9520    0.1756      1.00      2.00      3.00    115.00      0.00      12.3030    0.1254      9.00     12.00     15.00     47.00      0.00
  1.2000   0.1200       15.3050    0.3985      6.00     10.00     17.00    187.00      0.00       6.9720    0.2749      1.00      2.00      7.00    114.00      0.00      12.1015    0.1279      9.00     12.00     15.00     38.00      0.00
  1.2000   0.1000       23.0355    0.5813      7.00     14.00     29.00    231.00      0.00      13.8595    0.4987      1.00      5.00     17.00    225.00      0.00      11.5615    0.1352      8.00     12.00     15.00     32.00      0.00
  1.2000   0.0800       35.1525    0.8842      9.00     20.00     48.00    344.00      0.00      24.1090    0.7452      2.00     10.00     33.00    295.00      0.00      10.6165    0.1471      6.00     11.00     15.00     37.00      0.00
  1.2000   0.0600       60.1950    1.4590     14.00     37.00     84.00    565.00      0.00      44.8865    1.2379      6.00     26.00     64.00    548.00      0.00       9.3395    0.1609      1.00     10.00     14.00     40.00      0.00
  1.2000   0.0400       93.6650    2.1567     25.00     64.00    129.00    934.00      0.00      75.5975    1.7923     17.00     51.00    108.00    728.00      0.00       6.5755    0.1595      0.00      5.00     12.00     39.00      0.00
  1.2000   0.0200      152.1040    3.2948     46.00    109.00    212.00   1321.00      0.00     138.4095    3.0274     40.00    100.00    194.00   1318.00      0.00       3.2160    0.1290      0.00      0.00      5.00     38.00      0.00
  1.0000   0.2000        8.4615    0.1253      5.00      7.00     11.00     58.00      0.00       1.6910    0.0512      1.00      1.00      2.00     31.00      0.00      17.1550    0.1842     12.00     16.00     21.00     59.00      0.00
  1.0000   0.1800       10.0585    0.1815      5.00      8.00     12.00    115.00      0.00       2.1860    0.0802      1.00      1.00      2.00     54.00      0.00      16.3570    0.1785     11.00     15.00     21.00     49.00      0.00
  1.0000   0.1600       11.7505    0.2387      5.00      9.00     14.00    177.00      0.00       2.9615    0.1321      1.00      1.00      3.00     92.00      0.00      16.0865    0.1703     11.00     15.00     21.00     59.00      0.00
  1.0000   0.1400       14.0045    0.3264      6.00     10.00     16.00    263.00      0.00       4.5585    0.2328      1.00      2.00      4.00    261.00      0.00      15.2255    0.1638     11.00     15.00     20.00     44.00      0.00
  1.0000   0.1200       18.9860    0.4679      7.00     12.00     23.00    234.00      0.00       7.2700    0.2819      1.00      2.00      7.00    132.00      0.00      15.0540    0.1765     10.00     14.00     20.00     52.00      0.00
  1.0000   0.1000       26.7750    0.6429      9.00     16.00     35.00    243.00      0.00      13.3990    0.4747      1.00      4.00     16.00    196.00      0.00      13.7825    0.1863      9.00     13.00     19.00     49.00      0.00
  1.0000   0.0800       41.6470    1.0311     12.00     25.00     55.00    641.00      0.00      25.4270    0.7455      3.00     12.00     37.00    321.00      0.00      12.7505    0.1898      7.00     13.00     18.00     48.00      0.00
  1.0000   0.0600       67.9725    1.5642     18.00     46.00     94.00    527.00      0.00      45.9940    1.2237      7.00     27.00     64.00    515.00      0.00      10.7110    0.2034      1.00     11.00     17.00     47.00      0.00
  1.0000   0.0400      100.7500    2.3504     25.00     67.00    136.00    812.00      0.00      77.2130    1.8879     17.00     51.00    110.00    799.00      0.00       7.9545    0.2005      0.00      4.00     15.00     44.00      0.00
  1.0000   0.0200      154.1865    3.4321     44.00    109.00    214.00   1048.00      0.00     137.3535    3.1351     38.00     95.00    188.00    995.00      0.00       3.7770    0.1649      0.00      0.00      3.00     56.00      0.00
  0.8000   0.2000       11.7890    0.2179      6.00     10.00     15.00    191.00      0.00       1.7975    0.0724      1.00      1.00      2.00     98.00      0.00      22.7965    0.2816     14.00     21.00     30.00    107.00      0.00
  0.8000   0.1800       13.2965    0.2248      7.00     11.00     17.00    125.00      0.00       2.0600    0.0707      1.00      1.00      2.00     67.00      0.00      22.1515    0.2605     14.00     21.00     28.00     83.00      0.00
  0.8000   0.1600       15.6330    0.3000      8.00     12.00     19.00    139.00      0.00       2.9970    0.1323      1.00      1.00      3.00    112.00      0.00      21.3800    0.2668     13.00     20.00     28.00     82.00      0.00
  0.8000   0.1400       19.0465    0.3810      9.00     14.00     24.00    164.00      0.00       4.4990    0.1869      1.00      2.00      4.00     84.00      0.00      20.9485    0.2603     13.00     20.00     27.00     79.00      0.00
  0.8000   0.1200       24.3045    0.5617     10.00     17.00     30.00    303.00      0.00       6.6020    0.2848      1.00      2.00      6.00    298.00      0.00      19.9575    0.2665     12.00     19.00     27.00     86.00      0.00
  0.8000   0.1000       35.4540    0.8364     12.00     22.00     46.00    335.00      0.00      14.1170    0.4947      1.00      4.00     18.00    191.00      0.00      18.5680    0.2640     11.00     18.00     25.00     77.00      0.00
  0.8000   0.0800       51.8740    1.2124     15.00     34.00     70.00    539.00      0.00      25.1810    0.7966      2.00     11.00     35.00    437.00      0.00      17.1155    0.2796      8.00     16.00     24.00     92.00      0.00
  0.8000   0.0600       75.8160    1.7103     21.00     52.00    104.00    774.00      0.00      45.6915    1.2205      7.00     26.00     64.00    546.00      0.00      14.3095    0.2956      1.00     13.00     22.00     82.00      0.00
  0.8000   0.0400      111.2895    2.4419     32.00     79.00    153.00    868.00      0.00      77.7390    1.8997     17.00     51.00    110.00    657.00      0.00      10.2200    0.2795      0.00      4.00     18.00     63.00      0.00
  0.8000   0.0200      160.3845    3.6242     48.00    111.00    218.00   1507.00      0.00     133.1335    3.0155     37.00     91.00    182.00   1102.00      0.00       4.2075    0.2078      0.00      0.00      2.00     65.00      0.00
  0.6000   0.2000       18.8195    0.3364      9.00     15.00     24.00    197.00      0.00       1.7340    0.0569      1.00      1.00      2.00     40.00      0.00      35.1745    0.4902     20.00     31.00     46.00    151.00      0.00
  0.6000   0.1800       20.8805    0.3795     10.00     17.00     27.00    265.00      0.00       2.1500    0.0811      1.00      1.00      2.00     53.00      0.00      34.3535    0.4755     19.00     31.00     45.00    157.00      0.00
  0.6000   0.1600       23.7950    0.4389     11.00     18.00     30.00    179.00      0.00       2.9235    0.1435      1.00      1.00      2.00    127.00      0.00      32.8860    0.4619     19.00     30.00     43.00    170.00      0.00
  0.6000   0.1400       29.3175    0.5561     13.00     22.00     39.00    229.00      0.00       4.5395    0.2160      1.00      2.00      3.00    145.00      0.00      32.1780    0.4721     18.00     29.00     44.00    142.00      0.00
  0.6000   0.1200       36.0585    0.7474     14.00     26.00     49.00    429.00      0.00       7.4570    0.2920      1.00      2.00      7.00    174.00      0.00      29.6885    0.4629     15.00     27.00     41.00    132.00      0.00
  0.6000   0.1000       48.0515    1.0115     17.00     34.00     64.00    377.00      0.00      13.1040    0.4445      1.00      4.00     17.00    161.00      0.00      28.1605    0.4884     13.00     25.00     38.00    147.00      0.00
  0.6000   0.0800       67.0485    1.4676     22.00     46.00     90.00    570.00      0.00      25.0860    0.7421      2.00     12.00     35.00    287.00      0.00      24.7800    0.4779      6.00     22.00     37.00    138.00      0.00
  0.6000   0.0600       94.5235    2.0624     29.00     65.00    131.00    929.00      0.00      44.9535    1.2102      7.00     27.00     65.00    686.00      0.00      19.4425    0.4729      1.00     14.00     31.00    144.00      0.00
  0.6000   0.0400      128.5575    2.8485     35.00     88.00    180.00   1111.00      0.00      78.1195    1.9264     16.00     51.00    108.00    690.00      0.00      13.1875    0.4251      0.00      2.00     22.00    129.00      0.00
  0.6000   0.0200      173.8115    3.8891     51.00    119.00    240.00   1264.00      0.00     136.1610    3.0668     37.00     93.00    189.00    980.00      0.00       5.0320    0.2952      0.00      0.00      1.00    124.00      0.00
  0.4000   0.2000       40.5015    0.7788     17.00     31.00     54.00    262.00      0.00       1.6935    0.0523      1.00      1.00      2.00     36.00      0.00      69.2300    1.2401     31.00     55.00     93.00    385.00      0.00
  0.4000   0.1800       45.5790    0.8644     17.00     34.00     63.00    391.00      0.00       2.2315    0.0855      1.00      1.00      2.00     78.00      0.00      66.9165    1.2197     29.00     54.00     91.00    449.00      0.00
  0.4000   0.1600       50.7090    0.9815     19.00     38.00     68.00    310.00      0.00       3.2400    0.1603      1.00      1.00      3.00     96.00      0.00      61.8115    1.1091     26.00     50.00     86.00    339.00      0.00
  0.4000   0.1400       58.1450    1.1745     22.00     43.00     77.00    390.00      0.00       4.4405    0.2050      1.00      2.00      3.00     94.00      0.00      58.4735    1.0642     24.00     48.00     81.00    338.00      0.00
  0.4000   0.1200       71.2565    1.5374     25.00     52.00     95.00    871.00      0.00       7.5115    0.2839      1.00      2.00      8.00    150.00      0.00      54.6425    1.0816     19.00     44.00     76.00    397.00      0.00
  0.4000   0.1000       87.7645    1.8595     31.00     63.00    118.00    711.00      0.00      13.1700    0.4590      1.00      4.00     15.00    169.00      0.00      47.7780    1.0020     13.00     37.00     69.00    395.00      0.00
  0.4000   0.0800      106.8475    2.3289     36.00     76.00    145.00   1121.00      0.00      26.3380    0.7819      3.00     13.00     36.00    334.00      0.00      39.9255    0.9619      6.00     28.00     60.00    318.00      0.00
  0.4000   0.0600      136.7335    3.0251     44.00     95.00    186.00   1145.00      0.00      42.4490    1.1262      6.00     23.00     59.00    372.00      0.00      28.6470    0.8564      1.00     12.00     43.00    323.00      0.00
  0.4000   0.0400      163.0010    3.4164     48.00    115.00    229.00    962.00      0.00      78.5370    1.9596     16.00     51.00    110.00    652.00      0.00      16.1975    0.6582      0.00      2.00     19.00    281.00      0.00
  0.4000   0.0200      190.3430    4.2778     53.00    130.00    263.00   1281.00      0.00     136.5195    3.1515     37.00     92.00    189.00    952.00      0.00       4.5925    0.3291      0.00      0.00      2.00    211.00      0.00
  0.2000   0.2000      129.3895    2.7594     40.00     93.00    181.00    967.00      0.00       1.7420    0.0583      1.00      1.00      2.00     38.00      0.00     169.1065    3.7248     51.00    122.00    231.00   1427.00      0.00
  0.2000   0.1800      133.8840    2.9709     39.00     96.00    186.00    949.00      0.00       2.1225    0.0824      1.00      1.00      2.00     61.00      0.00     146.3765    3.3659     38.00     99.00    209.00   1318.00      0.00
  0.2000   0.1600      143.7295    3.1681     42.00     99.00    200.00   1128.00      0.00       2.7920    0.1307      1.00      1.00      2.00    102.00      0.00     126.9875    2.9726     34.00     86.00    179.00   1164.00      0.00
  0.2000   0.1400      157.6990    3.5086     46.00    107.00    220.00   1234.00      0.00       4.6780    0.2225      1.00      2.00      3.00    162.00      0.00     108.2275    2.5518     28.00     72.00    151.00   1028.00      0.00
  0.2000   0.1200      162.9570    3.6517     46.00    115.00    226.00   1387.00      0.00       7.5535    0.3020      1.00      2.00      7.00    148.00      0.00      87.1785    2.1530     18.00     57.00    122.00    622.00      0.00
  0.2000   0.1000      176.8175    3.9110     50.00    125.00    247.00   1188.00      0.00      13.6320    0.4701      1.00      5.00     17.00    165.00      0.00      70.8910    1.8339     11.00     44.00    101.00    574.00      0.00
  0.2000   0.0800      178.8820    3.9438     53.00    128.00    247.00   1881.00      0.00      24.9110    0.7434      2.00     12.00     35.00    347.00      0.00      44.8915    1.3205      4.00     22.00     62.00    436.00      0.00
  0.2000   0.0600      195.8920    4.5130     55.00    134.00    267.00   1727.00      0.00      42.1785    1.1237      5.00     24.00     60.00    493.00      0.00      29.0670    1.0054      1.00      9.00     39.00    377.00      0.00
  0.2000   0.0400      193.5835    4.2219     58.00    140.00    265.00   1321.00      0.00      79.3090    1.8876     17.00     54.00    112.00    623.00      0.00      12.6755    0.5894      0.00      2.00     13.00    302.00      0.00
  0.2000   0.0200      200.7810    4.5328     57.00    138.00    280.00   1829.00      0.00     134.8520    3.0143     38.00     94.00    190.00    968.00      0.00       3.6465    0.2505      0.00      0.00      2.00    127.00      0.00
