Amp Radius  OC_Mean OC_Std OC_Q1 OC_Med OC_Q3 OC_Max OC_Min  Exp_Mean Exp_Std Exp_Q1 Exp_Med Exp_Q3 Exp_Max Exp_Min  Num_Mean Num_Std Num_Q1 Num_Med Num_Q3 Num_Max Num_Min
  2.0000   0.2000        4.9210    0.0901      2.00      4.00      6.00     53.00      0.00       2.7970    0.0666      1.00      2.00      3.00     34.00      0.00       9.0080    0.0789      7.00     10.00     11.00     23.00      0.00
  2.0000   0.1800        5.4805    0.1013      3.00      4.00      7.00     43.00      0.00       3.1895    0.0780      1.00      2.00      4.00     42.00      0.00       8.9870    0.0766      7.00     10.00     11.00     23.00      0.00
  2.0000   0.1600        6.3870    0.1340      3.00      5.00      8.00     59.00      0.00       3.8235    0.1021      1.00      2.00      5.00     53.00      0.00       8.6900    0.0737      7.00      9.00     11.00     21.00      0.00
  2.0000   0.1400        7.7425    0.1686      3.00      5.00     10.00     95.00      0.00       4.9875    0.1417      1.00      3.00      6.00     81.00      0.00       8.5020    0.0754      6.00     10.00     11.00     20.00      0.00
  2.0000   0.1200       10.0940    0.2502      4.00      7.00     13.00    176.00      0.00       7.0895    0.2197      2.00      4.00      9.00    166.00      0.00       8.4620    0.0771      7.00     10.00     11.00     22.00      0.00
  2.0000   0.1000       15.3505    0.4105      4.00      9.00     19.00    250.00      0.00      11.5805    0.3620      2.00      6.00     14.00    240.00      0.00       8.0805    0.0822      6.00      9.00     11.00     22.00      0.00
  2.0000   0.0800       25.1655    0.6733      6.00     15.00     33.00    347.00      0.00      21.3265    0.6434      3.00     11.00     28.00    347.00      0.00       7.4780    0.0867      6.00      8.00     10.00     20.00      0.00
  2.0000   0.0600       45.7520    1.1218     11.00     30.00     62.00    375.00      0.00      40.6440    1.0401      8.00     25.00     55.00    361.00      0.00       6.4000    0.0952      2.00      7.00     10.00     20.00      0.00
  2.0000   0.0400       79.6800    1.9797     19.00     52.00    108.00   1010.00      0.00      73.8785    1.8423     16.00     47.00    102.00    749.00      0.00       4.6790    0.0992      0.00      5.00      9.00     17.00      0.00
  2.0000   0.0200      139.0310    3.1487     38.00     93.00    198.00    920.00      0.00     134.6495    3.0803     36.00     91.00    191.00    920.00      0.00       2.1260    0.0798      0.00      0.00      5.00     18.00      0.00
  1.8000   0.2000        5.2085    0.0956      2.00      4.00      7.00     56.00      0.00       2.7225    0.0659      1.00      2.00      3.00     31.00      0.00       9.6610    0.0836      7.00     10.00     12.00     30.00      0.00
  1.8000   0.1800        5.8120    0.1159      3.00      4.00      7.00     71.00      0.00       3.1965    0.0857      1.00      2.00      4.00     68.00      0.00       9.2805    0.0825      7.00     10.00     11.00     23.00      0.00
  1.8000   0.1600        7.0185    0.1440      3.00      5.00      9.00     99.00      0.00       3.8875    0.1069      1.00      2.00      5.00     98.00      0.00       9.1890    0.0824      7.00     10.00     11.00     23.00      0.00
  1.8000   0.1400        8.6545    0.1867      3.00      6.00     11.00     89.00      0.00       5.1460    0.1478      1.00      3.00      7.00     87.00      0.00       9.0465    0.0811      7.00     10.00     11.00     24.00      0.00
  1.8000   0.1200       11.7880    0.2991      4.00      7.00     15.00    154.00      0.00       7.6720    0.2592      1.00      4.00      9.00    151.00      0.00       8.8555    0.0852      7.00     10.00     11.00     24.00      0.00
  1.8000   0.1000       15.5475    0.4199      5.00     10.00     19.00    275.00      0.00      11.1815    0.3698      2.00      6.00     13.00    274.00      0.00       8.5600    0.0850      6.00     10.00     11.00     21.00      0.00
  1.8000   0.0800       26.6180    0.6664      7.00     17.00     34.00    231.00      0.00      21.1980    0.5964      4.00     12.00     28.00    230.00      0.00       7.7890    0.0927      6.00      9.00     11.00     25.00      0.00
  1.8000   0.0600       45.3650    1.1487     10.00     28.00     64.00    460.00      0.00      39.3190    1.0417      7.00     23.00     56.00    342.00      0.00       6.7185    0.0996      3.00      7.00     10.00     21.00      0.00
  1.8000   0.0400       83.3780    1.9419     21.00     57.00    118.00    855.00      0.00      75.0650    1.7877     17.00     50.00    107.00    781.00      0.00       5.1140    0.1072      0.00      6.00      9.00     26.00      0.00
  1.8000   0.0200      149.0055    3.2820     40.00    105.00    210.00   1023.00      0.00     144.2575    3.2211     39.00     99.00    206.00   1023.00      0.00       2.0040    0.0820      0.00      0.00      3.00     18.00      0.00
  1.6000   0.2000        5.9025    0.1153      3.00      4.00      7.00     66.00      0.00       2.8140    0.0753      1.00      2.00      3.00     55.00      0.00      10.3725    0.0889      8.00     10.00     12.00     27.00      0.00
  1.6000   0.1800        6.6465    0.1342      3.00      5.00      8.00     60.00      0.00       3.1740    0.0798      1.00      2.00      4.00     39.00      0.00      10.2720    0.0912      8.00     10.00     12.00     27.00      0.00
  1.6000   0.1600        7.8075    0.1597      3.00      6.00     10.00     72.00      0.00       4.0190    0.1121      1.00      2.00      5.00     58.00      0.00      10.0555    0.0922      8.00     10.00     12.00     29.00      0.00
  1.6000   0.1400        9.3550    0.2087      4.00      6.00     12.00    115.00      0.00       4.9350    0.1374      1.00      3.00      6.00     76.00      0.00       9.8650    0.0929      8.00     10.00     12.00     26.00      0.00
  1.6000   0.1200       12.2860    0.2956      4.00      8.00     15.00    140.00      0.00       7.3210    0.2188      2.00      4.00      9.00    109.00      0.00       9.6365    0.0937      7.00     10.00     12.00     24.00      0.00
  1.6000   0.1000       17.7585    0.4308      5.00     11.00     23.00    205.00      0.00      11.3320    0.3427      2.00      6.00     14.00    202.00      0.00       9.2895    0.0975      7.00     10.00     12.00     26.00      0.00
  1.6000   0.0800       28.5655    0.7516      8.00     17.00     39.00    566.00      0.00      21.1535    0.6673      3.00     11.00     28.00    552.00      0.00       8.5495    0.1049      6.00      9.00     11.00     27.00      0.00
  1.6000   0.0600       51.0410    1.2464     12.00     32.00     69.00    466.00      0.00      40.5730    1.0703      7.00     24.00     56.00    329.00      0.00       7.4045    0.1159      1.00      8.00     11.00     24.00      0.00
  1.6000   0.0400       85.3590    1.9195     21.00     60.00    119.00    572.00      0.00      74.7585    1.7137     16.00     53.00    107.00    477.00      0.00       5.5210    0.1200      0.00      6.00     10.00     25.00      0.00
  1.6000   0.0200      150.0400    3.4420     40.00    100.00    209.00   1171.00      0.00     139.7880    3.2233     37.00     94.00    198.00   1171.00      0.00       2.3910    0.0941      0.00      0.00      5.00     21.00      0.00
  1.4000   0.2000        6.4820    0.1312      3.00      5.00      8.00     77.00      0.00       2.7125    0.0725      1.00      1.00      3.00     47.00      0.00      11.6520    0.1123      9.00     11.00     14.00     40.00      0.00
  1.4000   0.1800        7.3920    0.1425      3.00      6.00      9.00     76.00      0.00       3.2545    0.0852      1.00      2.00      4.00     56.00      0.00      11.5085    0.1086      9.00     11.00     14.00     35.00      0.00
  1.4000   0.1600        9.0570    0.1887      4.00      7.00     12.00     87.00      0.00       4.0750    0.1141      1.00      2.00      5.00     58.00      0.00      11.0455    0.1036      9.00     11.00     13.00     30.00      0.00
  1.4000   0.1400       10.7685    0.2337      4.00      8.00     14.00    101.00      0.00       5.0885    0.1374      1.00      3.00      7.00     71.00      0.00      11.0845    0.1052      9.00     11.00     13.00     30.00      0.00
  1.4000   0.1200       13.8135    0.3112      5.00     10.00     18.00    144.00      0.00       7.1615    0.2032      2.00      4.00      9.00     95.00      0.00      10.5980    0.1105      8.00     11.00     13.00     30.00      0.00
  1.4000   0.1000       20.3850    0.5359      6.00     13.00     25.00    262.00      0.00      11.5490    0.3977      2.00      6.00     13.00    226.00      0.00      10.4575    0.1173      8.00     11.00     13.00     33.00      0.00
  1.4000   0.0800       30.8450    0.7672      9.00     19.00     41.00    297.00      0.00      20.5700    0.6112      4.00     11.00     27.00    272.00      0.00       9.5460    0.1199      7.00     10.00     13.00     27.00      0.00
  1.4000   0.0600       54.6595    1.3080     13.00     36.00     76.00    545.00      0.00      42.2845    1.1207      8.00     25.00     60.00    545.00      0.00       8.2520    0.1325      2.00      9.00     12.00     31.00      0.00
  1.4000   0.0400       91.3785    2.1355     24.00     63.00    122.00    642.00      0.00      78.7295    1.8875     18.00     52.00    107.00    614.00      0.00       5.6480    0.1365      0.00      4.00     10.00     30.00      0.00
  1.4000   0.0200      147.9700    3.3373     41.00    102.00    202.00   1068.00      0.00     139.1885    3.1441     38.00     97.00    190.00    961.00      0.00       2.5950    0.1082      0.00      0.00      3.00     26.00      0.00
  1.2000   0.2000        7.8595    0.1469      4.00      6.00     10.00     60.00      0.00       2.7375    0.0657      1.00      2.00      3.00     28.00      0.00      13.8610    0.1372     10.00     13.00     17.00     40.00      0.00
  1.2000   0.1800        8.6370    0.1639      4.00      6.00     11.00     69.00      0.00       3.1595    0.0822      1.00      2.00      4.00     67.00      0.00      13.4680    0.1372     10.00     13.00     17.00     57.00      0.00
  1.2000   0.1600       10.6365    0.2257      4.00      7.00     13.00    100.00      0.00       4.1380    0.1100      1.00      2.00      5.00     58.00      0.00      13.1055    0.1362     10.00     12.00     17.00     55.00      0.00
  1.2000   0.1400       12.8950    0.2756      5.00      9.00     16.00    116.00      0.00       5.0640    0.1400      1.00      3.00      6.00     80.00      0.00      13.3335    0.1413     10.00     13.00     17.00     42.00      0.00
  1.2000   0.1200       16.4825    0.3756      6.00     11.00     21.00    153.00      0.00       7.1505    0.2155      1.00      4.00      9.00    100.00      0.00      12.6195    0.1369      9.00     12.00     16.00     34.00      0.00
  1.2000   0.1000       22.5515    0.5676      7.00     15.00     29.00    477.00      0.00      12.0495    0.3902      2.00      6.00     15.00    249.00      0.00      11.8020    0.1448      8.00     11.00     16.00     33.00      0.00
  1.2000   0.0800       36.2265    0.8777      9.00     23.00     50.00    352.00      0.00      21.3155    0.6317      4.00     11.00     28.00    325.00      0.00      11.3575    0.1581      7.00     11.00     16.00     47.00      0.00
  1.2000   0.0600       57.0445    1.3362     14.00     37.00     81.00    496.00      0.00      39.9990    1.0173      8.00     24.00     57.00    344.00      0.00       9.5480    0.1634      1.00     10.00     14.00     35.00      0.00
  1.2000   0.0400       98.6735    2.3403     27.00     71.00    135.00   1605.00      0.00      78.2275    1.9582     17.00     51.00    109.00    864.00      0.00       6.9890    0.1707      0.00      5.00     12.00     36.00      0.00
  1.2000   0.0200      150.3640    3.3204     42.00    109.00    212.00   1075.00      0.00     136.8005    3.0751     35.00     98.00    190.00    895.00      0.00       3.1500    0.1333      0.00      0.00      3.00     34.00      0.00
  1.0000   0.2000        9.5270    0.1890      4.00      7.00     12.00     88.00      0.00       2.8350    0.0733      1.00      2.00      3.00     61.00      0.00      17.3300    0.1922     11.00     16.00     22.00     63.00      0.00
  1.0000   0.1800       10.8330    0.2105      5.00      8.00     14.00     72.00      0.00       3.1660    0.0769      1.00      2.00      4.00     38.00      0.00      16.9425    0.1863     11.00     16.00     22.00     53.00      0.00
  1.0000   0.1600       13.5225    0.2844      5.00     10.00     17.00    137.00      0.00       4.2190    0.1257      1.00      2.00      5.00     78.00      0.00      16.5625    0.1858     11.00     16.00     21.00     54.00      0.00
  1.0000   0.1400       16.3265    0.3591      6.00     11.00     20.00    160.00      0.00       5.5140    0.1868      1.00      3.00      7.00    126.00      0.00      15.7165    0.1892     11.00     15.00     21.00     63.00      0.00
  1.0000   0.1200       20.3600    0.4540      7.00     14.00     26.00    188.00      0.00       7.5315    0.2338      2.00      4.00      9.00    141.00      0.00      15.4770    0.1913     10.00     15.00     21.00     54.00      0.00
  1.0000   0.1000       27.1005    0.6443      9.00     18.00     35.00    405.00      0.00      11.5060    0.3846      2.00      6.00     14.00    357.00      0.00      14.7650    0.1995     10.00     14.00     20.00     55.00      0.00
  1.0000   0.0800       41.3320    0.9332     12.00     27.00     57.00    305.00      0.00      20.8765    0.6101      4.00     11.00     28.00    226.00      0.00      13.4755    0.2092      7.00     13.00     19.00     58.00      0.00
  1.0000   0.0600       64.3825    1.5069     17.00     42.00     88.00    649.00      0.00      39.1395    1.0526      7.00     23.00     55.00    421.00      0.00      11.1865    0.2118      1.00     11.00     18.00     48.00      0.00
  1.0000   0.0400      106.7235    2.5147     27.00     71.00    148.00    816.00      0.00      76.2740    1.9054     16.00     48.00    104.00    612.00      0.00       8.1045    0.2137      0.00      3.00     15.00     48.00      0.00
  1.0000   0.0200      162.2230    3.6225     45.00    109.00    230.00   1467.00      0.00     140.0390    3.0811     39.00     94.00    200.00    910.00      0.00       3.7330    0.1680      0.00      0.00      2.00     51.00      0.00
  0.8000   0.2000       12.8825    0.2611      6.00     10.00     16.00    165.00      0.00       2.7355    0.0662      1.00      1.00      3.00     31.00      0.00      23.0480    0.2832     15.00     21.00     30.00     93.00      0.00
  0.8000   0.1800       15.1210    0.3180      6.00     11.00     19.00    145.00      0.00       3.3485    0.0891      1.00      2.00      4.00     48.00      0.00      22.3625    0.2757     14.00     21.00     29.00     95.00      0.00
  0.8000   0.1600       17.0725    0.3503      7.00     12.00     22.00    144.00      0.00       4.1225    0.1065      1.00      2.00      5.00     60.00      0.00      22.2340    0.2776     14.00     21.00     29.00    101.00      0.00
  0.8000   0.1400       20.9775    0.4253      8.00     15.00     28.00    185.00      0.00       5.2085    0.1454      1.00      3.00      7.00     77.00      0.00      22.0395    0.2761     13.00     21.00     30.00     73.00      0.00
  0.8000   0.1200       25.7070    0.5627      9.00     18.00     33.00    243.00      0.00       7.3460    0.2309      2.00      4.00      9.00    140.00      0.00      20.9475    0.2791     12.00     20.00     28.00     74.00      0.00
  0.8000   0.1000       34.3530    0.7605     11.00     24.00     45.00    303.00      0.00      11.1255    0.3478      2.00      6.00     14.00    187.00      0.00      20.0430    0.2943     11.00     19.00     28.00     79.00      0.00
  0.8000   0.0800       52.5375    1.2140     15.00     34.00     72.00    473.00      0.00      20.7040    0.6703      4.00     10.00     26.00    384.00      0.00      18.1505    0.2971      8.00     18.00     27.00     75.00      0.00
  0.8000   0.0600       76.7530    1.7570     21.00     54.00    105.00    772.00      0.00      39.7740    1.0734      7.00     23.00     55.00    507.00      0.00      15.2465    0.3075      1.00     14.00     24.00     67.00      0.00
  0.8000   0.0400      118.4930    2.7176     32.00     80.00    160.00    886.00      0.00      79.8230    1.8997     19.00     52.00    113.00    727.00      0.00       9.8235    0.2862      0.00      2.00     18.00     62.00      0.00
  0.8000   0.0200      163.1405    3.6456     45.00    114.00    225.00   1275.00      0.00     135.5770    3.0809     36.00     95.00    191.00   1005.00      0.00       4.4525    0.2221      0.00      0.00      2.00     65.00      0.00
  0.6000   0.2000       17.5610    0.3360      8.00     13.00     22.00    185.00      0.00       2.6895    0.0637      1.00      1.00      3.00     27.00      0.00      35.1695    0.4837     20.00     32.00     47.00    136.00      0.00
  0.6000   0.1800       20.6070    0.4200      9.00     15.00     27.00    153.00      0.00       3.1675    0.0771      1.00      2.00      4.00     34.00      0.00      34.5630    0.4769     20.00     32.00     47.00    154.00      0.00
  0.6000   0.1600       23.8165    0.4890     10.00     18.00     31.00    284.00      0.00       3.9695    0.1182      1.00      2.00      5.00     89.00      0.00      33.3790    0.4834     18.00     31.00     46.00    130.00      0.00
  0.6000   0.1400       30.5500    0.6492     11.00     22.00     41.00    315.00      0.00       5.1355    0.1560      1.00      3.00      6.00     94.00      0.00      33.1960    0.4876     18.00     30.00     45.00    152.00      0.00
  0.6000   0.1200       36.0750    0.7343     13.00     26.00     48.00    220.00      0.00       7.3945    0.2177      2.00      4.00      9.00     91.00      0.00      31.7825    0.5059     15.00     29.00     45.00    168.00      0.00
  0.6000   0.1000       48.0665    1.0063     16.00     35.00     64.00    389.00      0.00      10.8550    0.3270      2.00      6.00     14.00    197.00      0.00      29.5505    0.5077     11.00     27.00     43.00    169.00      0.00
  0.6000   0.0800       64.9435    1.5099     18.00     42.00     87.00    500.00      0.00      19.5465    0.5578      3.00     10.00     26.00    209.00      0.00      24.8250    0.4903      4.00     21.00     39.00    128.00      0.00
  0.6000   0.0600       96.1145    2.1991     28.00     69.00    130.00    836.00      0.00      39.8415    1.0460      8.00     24.00     55.00    397.00      0.00      20.5040    0.4850      1.00     15.00     34.00    160.00      0.00
  0.6000   0.0400      132.1070    2.9259     40.00     90.00    183.00    959.00      0.00      76.9345    1.8294     18.00     50.00    107.00    576.00      0.00      13.8580    0.4522      0.00      2.00     24.00    113.00      0.00
  0.6000   0.0200      174.2085    3.8837     47.00    125.00    243.00   1555.00      0.00     141.6995    3.2580     36.00     98.00    197.00   1085.00      0.00       5.0550    0.3039      0.00      0.00      1.00    142.00      0.00
  0.4000   0.2000       33.0480    0.6079     14.00     26.00     44.00    223.00      0.00       2.6995    0.0656      1.00      1.00      3.00     33.00      0.00      64.7155    1.0924     29.00     54.00     88.00    308.00      0.00
  0.4000   0.1800       36.2800    0.6860     15.00     28.00     48.00    240.00      0.00       3.2950    0.0869      1.00      2.00      4.00     52.00      0.00      62.9420    1.0561     28.00     54.00     88.00    364.00      0.00
  0.4000   0.1600       44.5740    0.9274     17.00     32.00     59.00    469.00      0.00       3.9570    0.1060      1.00      2.00      5.00     53.00      0.00      62.9320    1.1435     25.00     54.00     87.00    403.00      0.00
  0.4000   0.1400       50.0140    1.0312     19.00     36.00     67.00    392.00      0.00       5.1230    0.1377      1.00      3.00      7.00     67.00      0.00      58.7140    1.0902     22.00     48.00     84.00    353.00      0.00
  0.4000   0.1200       63.5615    1.3235     23.00     46.00     86.00    544.00      0.00       7.2315    0.2184      2.00      4.00      9.00    108.00      0.00      54.3480    1.0729     16.00     45.00     78.00    365.00      0.00
  0.4000   0.1000       75.2645    1.5939     26.00     54.00    100.00    564.00      0.00      10.8675    0.3288      2.00      6.00     13.00    171.00      0.00      47.7340    1.0254     10.00     37.00     70.00    293.00      0.00
  0.4000   0.0800      100.3610    2.2526     32.00     70.00    134.00   1041.00      0.00      21.2785    0.6506      3.00     11.00     28.00    500.00      0.00      39.2750    0.9732      4.00     26.00     60.00    307.00      0.00
  0.4000   0.0600      129.0235    2.7896     38.00     90.00    177.00    846.00      0.00      39.5905    1.0312      7.00     24.00     55.00    390.00      0.00      31.3375    0.9259      1.00     12.00     49.00    287.00      0.00
  0.4000   0.0400      161.0030    3.6068     50.00    111.00    218.00   1348.00      0.00      77.7655    1.8154     18.00     53.00    112.00    579.00      0.00      17.3840    0.7198      0.00      2.00     20.00    269.00      0.00
  0.4000   0.0200      191.1655    4.1257     56.00    134.00    266.00   1322.00      0.00     137.7165    3.1031     39.00     96.00    192.00   1045.00      0.00       5.6255    0.4052      0.00      0.00      1.00    175.00      0.00
  0.2000   0.2000      101.4635    2.1441     33.00     72.00    138.00    626.00      0.00       2.6390    0.0602      1.00      1.00      3.00     24.00      0.00     163.1035    3.6698     48.00    114.00    223.00   1131.00      0.00
  0.2000   0.1800      109.8660    2.2767     36.00     79.00    152.00    736.00      0.00       3.1785    0.0786      1.00      2.00      4.00     43.00      0.00     147.9200    3.3636     37.00    105.00    209.00   1267.00      0.00
  0.2000   0.1600      119.9240    2.5487     37.00     86.00    169.00    838.00      0.00       4.1120    0.1175      1.00      2.00      5.00     83.00      0.00     131.3925    3.2347     29.00     87.00    183.00   1203.00      0.00
  0.2000   0.1400      129.7920    2.8519     40.00     88.00    182.00    917.00      0.00       4.8375    0.1299      1.00      3.00      6.00     60.00      0.00     112.4840    2.7960     21.00     73.00    159.00   1087.00      0.00
  0.2000   0.1200      150.9690    3.2745     47.00    108.00    207.00   1436.00      0.00       7.8525    0.2561      2.00      4.00      9.00    147.00      0.00      98.0080    2.4960     17.00     61.00    141.00    850.00      0.00
  0.2000   0.1000      158.2835    3.5697     46.00    109.00    216.00   1244.00      0.00      11.5805    0.3592      2.00      6.00     14.00    180.00      0.00      74.9130    2.1068      7.00     38.00    107.00    664.00      0.00
  0.2000   0.0800      169.4655    3.6572     49.00    118.00    237.00   1006.00      0.00      20.9990    0.5913      4.00     12.00     28.00    216.00      0.00      52.6500    1.8021      4.00     18.00     70.00    823.00      0.00
  0.2000   0.0600      183.9540    4.1713     55.00    124.00    250.00   1366.00      0.00      41.5010    1.0701      8.00     24.00     59.00    371.00      0.00      31.5580    1.2404      1.00      8.00     38.00    515.00      0.00
  0.2000   0.0400      189.5095    4.0920     56.00    133.00    259.00   1306.00      0.00      78.9125    1.8707     19.00     52.00    110.00    684.00      0.00      14.5425    0.8510      0.00      2.00     10.00    592.00      0.00
  0.2000   0.0200      199.6760    4.4981     54.00    138.00    284.00   1909.00      0.00     139.4585    3.2924     37.00     95.00    192.00   1909.00      0.00       3.8230    0.3721      0.00      0.00      1.00    308.00      0.00
