Amp num_point  OC_Mean OC_Std OC_Q1 OC_Med OC_Q3 OC_Max OC_Min  Exp_Mean Exp_Std Exp_Q1 Exp_Med Exp_Q3 Exp_Max Exp_Min  Num_Mean Num_Std Num_Q1 Num_Med Num_Q3 Num_Max Num_Min
 50.0000   3.0000       10.0920    0.0356      8.00     10.00     12.00     25.00      4.00       1.0000    0.0000      1.00      1.00      1.00      1.00      1.00     107.5646    0.4196     85.00    103.00    126.00    262.00     32.00
 20.0000   3.0000       23.8862    0.0772     20.00     23.00     27.00     49.00     10.00       1.0000    0.0000      1.00      1.00      1.00      1.00      1.00     257.3894    0.9321    210.00    249.00    298.00    572.00    107.00
 10.0000   3.0000       48.3550    0.1582     40.00     47.00     55.00    107.00     15.00       1.0000    0.0000      1.00      1.00      1.00      1.00      1.00     526.0136    1.8638    431.00    513.00    609.00   1227.00    160.00
  5.0000   3.0000      109.1468    0.4495     86.00    106.00    129.00    266.00     26.00       1.0000    0.0000      1.00      1.00      1.00      1.00      1.00    1199.9988    5.0855    945.00   1162.00   1418.00   2808.00    315.00
  2.0000   3.0000      295.5936    1.3180    229.00    291.00    358.00    603.00     59.00       1.0000    0.0000      1.00      1.00      1.00      1.00      1.00    3207.1332   14.3917   2474.00   3160.00   3889.00   6603.00    586.00
  1.0000   3.0000      356.6210    1.4672    282.00    355.00    427.00    782.00     53.00       1.0000    0.0000      1.00      1.00      1.00      1.00      1.00    3811.7418   15.8506   3008.00   3804.00   4578.00   8237.00    604.00
 50.0000   2.0000       14.6972    0.0503     12.00     14.00     17.00     30.00      5.00       1.0000    0.0000      1.00      1.00      1.00      1.00      1.00     157.5798    0.6008    126.00    153.00    183.00    357.00     47.00
 20.0000   2.0000       35.6392    0.1117     30.00     35.00     40.00     69.00     14.00       1.0000    0.0000      1.00      1.00      1.00      1.00      1.00     387.7092    1.3526    318.00    379.00    446.00    863.00    160.00
 10.0000   2.0000       76.1530    0.2780     62.00     74.00     88.00    180.00     24.00       1.0000    0.0000      1.00      1.00      1.00      1.00      1.00     835.9212    3.2500    672.00    813.00    971.00   2049.00    234.00
  5.0000   2.0000      183.1466    0.8699    138.00    175.00    221.00    448.00     44.00       1.0000    0.0000      1.00      1.00      1.00      1.00      1.00    2010.7966    9.6525   1512.00   1918.00   2428.00   4924.00    488.00
  2.0000   2.0000      342.8884    1.4311    270.00    340.00    410.00    695.00     51.00       1.0000    0.0000      1.00      1.00      1.00      1.00      1.00    3676.4040   15.5130   2896.00   3641.00   4404.00   7559.00    642.00
  1.0000   2.0000      368.2822    1.5052    292.00    371.00    439.00    814.00     53.00       1.0000    0.0000      1.00      1.00      1.00      1.00      1.00    3915.5974   16.2357   3091.00   3922.00   4694.00   8321.00    485.00
 50.0000   1.0000       28.6394    0.0918     24.00     28.00     33.00     66.00     10.00       1.0000    0.0000      1.00      1.00      1.00      1.00      1.00     310.1580    1.0948    253.00    303.00    358.00    682.00    129.00
 20.0000   1.0000       76.1192    0.2734     62.00     75.00     88.00    163.00     21.00       1.0000    0.0000      1.00      1.00      1.00      1.00      1.00     835.4348    3.1835    672.00    810.00    981.00   1816.00    220.00
 10.0000   1.0000      182.8528    0.8661    138.00    177.00    221.00    456.00     46.00       1.0000    0.0000      1.00      1.00      1.00      1.00      1.00    2005.8010    9.6075   1512.00   1942.00   2431.00   5158.00    410.00
  5.0000   1.0000      322.4532    1.3836    254.00    318.00    389.00    676.00     52.00       1.0000    0.0000      1.00      1.00      1.00      1.00      1.00    3479.3686   15.0323   2737.00   3441.00   4192.00   7045.00    538.00
  2.0000   1.0000      363.9062    1.4929    288.00    361.00    435.00    807.00     49.00       1.0000    0.0000      1.00      1.00      1.00      1.00      1.00    3872.2418   16.0863   3055.00   3854.00   4634.00   8247.00    439.00
  1.0000   1.0000      370.8352    1.5167    297.00    367.00    444.00    717.00     48.00       1.0000    0.0000      1.00      1.00      1.00      1.00      1.00    3930.3970   16.2600   3113.00   3902.00   4696.00   7629.00    445.00
