Amp Radius  OC_Mean OC_Std OC_Q1 OC_Med OC_Q3 OC_Max OC_Min  Exp_Mean Exp_Std Exp_Q1 Exp_Med Exp_Q3 Exp_Max Exp_Min  Num_Mean Num_Std Num_Q1 Num_Med Num_Q3 Num_Max Num_Min
  0.5000   0.0200      190.8628    2.6509     60.00    136.00    265.00   1954.00      0.00      26.6812    0.3164     10.00     22.00     38.00    239.00      0.00      43.7326    0.6679      4.00     29.00     70.00    347.00      0.00
  1.0000   0.0200       89.6242    1.2615     28.00     61.00    121.00    850.00      0.00      27.0462    0.3145     10.00     23.00     39.00    208.00      0.00      19.2484    0.1894      8.00     19.00     28.00     91.00      0.00
  1.5000   0.0200       57.0210    0.7733     19.00     41.00     77.00    576.00      0.00      26.9376    0.3165     10.00     22.00     38.00    220.00      0.00      11.3692    0.0948      7.00     11.00     16.00     39.00      0.00
  2.0000   0.0200       42.1290    0.5639     15.00     31.00     56.00    619.00      0.00      27.0376    0.3236     10.00     22.00     38.00    366.00      0.00       8.1946    0.0619      6.00      8.00     11.00     28.00      0.00
  2.5000   0.0200       34.5594    0.4261     13.00     27.00     47.00    429.00      0.00      27.4576    0.3186     11.00     23.00     39.00    233.00      0.00       6.6180    0.0455      5.00      7.00      9.00     19.00      0.00
  3.0000   0.0200       31.3126    0.3665     12.00     26.00     43.00    251.00      0.00      28.0220    0.3228     10.00     23.00     39.00    182.00      0.00       5.9446    0.0417      5.00      6.00      8.00     19.00      0.00
  0.5000   0.0300      122.4696    1.6652     41.00     87.00    169.00   1284.00      0.00      14.2152    0.1602      5.00     12.00     21.00     95.00      0.00      62.3418    0.7404     16.00     55.00     93.00    363.00      0.00
  1.0000   0.0300       50.6520    0.6759     18.00     36.00     69.00    428.00      0.00      14.2412    0.1599      5.00     12.00     21.00     97.00      0.00      23.1712    0.1996     14.00     22.00     31.00     89.00      0.00
  1.5000   0.0300       30.7008    0.4078     11.00     22.00     41.00    237.00      0.00      14.0956    0.1569      5.00     12.00     20.00     97.00      0.00      13.0982    0.0993      9.00     12.00     18.00     51.00      0.00
  2.0000   0.0300       22.3432    0.2784      8.00     18.00     30.00    249.00      0.00      14.1014    0.1569      5.00     12.00     21.00    103.00      0.00       9.3426    0.0627      7.00      9.00     11.00     31.00      0.00
  2.5000   0.0300       18.1994    0.2081      7.00     15.00     25.00    151.00      0.00      14.2404    0.1578      5.00     12.00     21.00     75.00      0.00       7.6954    0.0478      6.00      8.00     10.00     26.00      0.00
  3.0000   0.0300       16.4020    0.1836      6.00     13.00     24.00    159.00      0.00      14.1548    0.1597      5.00     12.00     21.00     89.00      0.00       7.1846    0.0446      6.00      7.00     10.00     24.00      0.00
  0.5000   0.0400       81.2546    1.0895     29.00     59.00    107.00    784.00      0.00       9.1750    0.1061      3.00      7.00     14.00     55.00      0.00      72.4784    0.7584     32.00     67.00    102.00    411.00      0.00
  1.0000   0.0400       32.6332    0.4249     11.00     24.00     44.00    433.00      0.00       9.1728    0.1064      3.00      7.00     13.00     52.00      0.00      25.2566    0.2020     15.00     24.00     33.00     94.00      0.00
  1.5000   0.0400       20.0318    0.2485      7.00     15.00     28.00    205.00      0.00       9.2394    0.1080      3.00      7.00     13.00     73.00      0.00      14.3292    0.1040     10.00     13.00     19.00     53.00      0.00
  2.0000   0.0400       14.7782    0.1737      6.00     11.00     20.00    102.00      0.00       9.4966    0.1084      3.00      8.00     14.00     69.00      0.00       9.8748    0.0652      7.00     10.00     11.00     35.00      0.00
  2.5000   0.0400       11.9836    0.1352      5.00     10.00     17.00     92.00      0.00       9.1166    0.1069      3.00      7.00     13.00     59.00      0.00       8.4860    0.0515      6.00      9.00     10.00     35.00      0.00
  3.0000   0.0400       10.7528    0.1177      4.00      9.00     15.00     66.00      0.00       9.1596    0.1087      3.00      7.00     13.00     65.00      0.00       7.7576    0.0482      6.00      9.00     10.00     31.00      0.00
  0.5000   0.0500       58.7052    0.7693     22.00     42.00     78.00    512.00      0.00       6.6162    0.0786      2.00      5.00      9.00     40.00      0.00      78.9354    0.7611     41.00     72.00    108.00    485.00      0.00
  1.0000   0.0500       23.6522    0.2978      9.00     17.00     32.00    206.00      0.00       6.7906    0.0803      2.00      5.00     10.00     43.00      0.00      26.2678    0.2056     17.00     25.00     34.00    108.00      0.00
  1.5000   0.0500       14.2894    0.1739      5.00     11.00     19.00    123.00      0.00       6.6788    0.0796      2.00      5.00     10.00     39.00      0.00      14.5410    0.1055     10.00     12.00     19.00     53.00      0.00
  2.0000   0.0500       10.5176    0.1233      4.00      8.00     14.00    100.00      0.00       6.5318    0.0782      2.00      5.00      9.00     35.00      0.00      10.4012    0.0679      8.00     10.00     11.00     42.00      0.00
  2.5000   0.0500        8.7316    0.0988      3.00      7.00     12.00     51.00      0.00       6.5072    0.0794      2.00      5.00      9.00     38.00      0.00       9.1378    0.0550      7.00     10.00     10.00     33.00      0.00
  3.0000   0.0500        8.1020    0.0888      3.00      6.00     11.00     47.00      0.00       6.6310    0.0803      2.00      5.00      9.00     45.00      0.00       8.3420    0.0554      6.00      9.00     10.00     28.00      0.00
