Amp Radius  OC_Mean OC_Std OC_Q1 OC_Med OC_Q3 OC_Max OC_Min  Exp_Mean Exp_Std Exp_Q1 Exp_Med Exp_Q3 Exp_Max Exp_Min  Num_Mean Num_Std Num_Q1 Num_Med Num_Q3 Num_Max Num_Min
  0.5000   0.0200      219.6998    3.0875     66.00    157.00    296.00   2000.00      0.00     110.3708    1.5994     32.00     78.00    154.00   1339.00      0.00      35.6214    0.6693      0.00      7.00     64.00    328.00      0.00
  1.0000   0.0200      153.2310    2.1391     45.00    109.00    209.00   1288.00      0.00     107.0454    1.5036     30.00     76.00    152.00    860.00      0.00      14.3604    0.2035      0.00     13.00     25.00     73.00      0.00
  1.5000   0.0200      134.9128    1.9606     37.00     93.00    185.00   1333.00      0.00     110.5976    1.6115     30.00     77.00    152.00    969.00      0.00       8.5378    0.1077      0.00      9.00     15.00     43.00      0.00
  2.0000   0.0200      122.5550    1.7810     35.00     83.00    171.00   1121.00      0.00     110.8030    1.6255     31.00     75.00    154.00   1063.00      0.00       6.1172    0.0732      0.00      6.00      9.00     27.00      0.00
  2.5000   0.0200      112.5668    1.6400     32.00     77.00    155.00   1233.00      0.00     108.3046    1.5965     30.00     74.00    149.00   1231.00      0.00       4.8144    0.0552      0.00      5.00      7.00     21.00      0.00
  3.0000   0.0200      110.4748    1.5692     32.00     77.00    153.00   1320.00      0.00     108.2488    1.5518     30.00     75.00    150.00   1320.00      0.00       4.1332    0.0483      0.00      5.00      7.00     18.00      0.00
  0.5000   0.0300      163.1360    2.3504     46.00    113.00    226.00   2000.00      0.00      64.4232    0.9191     18.00     46.00     91.00    837.00      0.00      52.8900    0.8015      1.00     40.00     89.00    348.00      0.00
  1.0000   0.0300      110.6448    1.6044     32.00     76.00    154.00   1193.00      0.00      66.0584    0.9485     18.00     48.00     92.00    628.00      0.00      19.2560    0.2244      2.00     19.00     29.00     84.00      0.00
  1.5000   0.0300       86.7576    1.2526     25.00     60.00    119.00    668.00      0.00      65.4944    0.9437     18.00     47.00     91.00    588.00      0.00      10.7912    0.1163      4.00     10.00     16.00     54.00      0.00
  2.0000   0.0300       75.2954    1.0709     22.00     53.00    104.00    736.00      0.00      65.4366    0.9448     18.00     46.00     89.00    736.00      0.00       7.4476    0.0747      4.00      7.00     10.00     30.00      0.00
  2.5000   0.0300       70.4314    0.9910     20.00     51.00     96.00    551.00      0.00      65.4644    0.9335     18.00     48.00     90.00    550.00      0.00       6.1592    0.0565      4.00      6.00      9.00     34.00      0.00
  3.0000   0.0300       66.9916    0.9504     19.00     48.00     93.00    543.00      0.00      65.0156    0.9354     18.00     46.00     90.00    542.00      0.00       5.4916    0.0529      2.00      6.00      8.00     37.00      0.00
  0.5000   0.0400      122.3490    1.7047     37.00     84.00    169.00   1031.00      0.00      40.4534    0.5411     12.00     31.00     58.00    380.00      0.00      63.3276    0.8405      5.00     55.00     99.00    429.00      0.00
  1.0000   0.0400       77.9544    1.1313     21.00     54.00    107.00    870.00      0.00      39.7112    0.5491     11.00     30.00     57.00    435.00      0.00      22.0212    0.2324     10.00     22.00     31.00    114.00      0.00
  1.5000   0.0400       59.6380    0.8750     17.00     43.00     82.00    943.00      0.00      40.2162    0.5515     11.00     31.00     57.00    524.00      0.00      12.3910    0.1167      7.00     11.00     18.00     48.00      0.00
  2.0000   0.0400       49.9754    0.6926     14.00     37.00     69.00    557.00      0.00      40.7082    0.5424     12.00     32.00     59.00    277.00      0.00       8.5658    0.0752      6.00      9.00     10.00     39.00      0.00
  2.5000   0.0400       44.5088    0.6142     13.00     34.00     62.00    527.00      0.00      40.5832    0.5657     11.00     31.00     58.00    527.00      0.00       7.2620    0.0583      5.00      7.00     10.00     34.00      0.00
  3.0000   0.0400       42.7312    0.5772     13.00     32.00     60.00    405.00      0.00      40.6474    0.5554     12.00     31.00     58.00    405.00      0.00       6.5162    0.0544      4.00      7.00     10.00     41.00      0.00
  0.5000   0.0500       93.9300    1.3707     29.00     64.00    127.00   1199.00      0.00      27.8592    0.3747      7.00     22.00     41.00    298.00      0.00      71.1814    0.8602     16.00     64.00    108.00    375.00      0.00
  1.0000   0.0500       57.1382    0.8324     16.00     41.00     79.00    650.00      0.00      28.0820    0.3811      7.00     22.00     41.00    375.00      0.00      24.0550    0.2381     11.00     23.00     33.00    112.00      0.00
  1.5000   0.0500       43.5134    0.6053     13.00     32.00     60.00    407.00      0.00      28.8934    0.3870      8.00     23.00     42.00    361.00      0.00      13.1928    0.1183      8.00     11.00     19.00     57.00      0.00
  2.0000   0.0500       35.7116    0.4851     10.00     27.00     50.00    273.00      0.00      28.1698    0.3675      7.00     22.00     42.00    239.00      0.00       9.2870    0.0746      7.00     10.00     11.00     53.00      0.00
  2.5000   0.0500       31.5046    0.4228      9.00     24.00     46.00    310.00      0.00      28.1426    0.3799      7.00     22.00     42.00    276.00      0.00       7.9422    0.0568      6.00      9.00     10.00     40.00      0.00
  3.0000   0.0500       30.2218    0.3963      9.00     24.00     44.00    355.00      0.00      28.4752    0.3829      8.00     22.00     42.00    355.00      0.00       7.2440    0.0559      5.00      8.00     10.00     46.00      0.00
