Amp Radius  OC_Mean OC_Std OC_Q1 OC_Med OC_Q3 OC_Max OC_Min  Exp_Mean Exp_Std Exp_Q1 Exp_Med Exp_Q3 Exp_Max Exp_Min  Num_Mean Num_Std Num_Q1 Num_Med Num_Q3 Num_Max Num_Min
  0.5000   0.0200      217.1712    2.9912     66.00    151.00    301.00   1777.00      0.00      16.7256    0.1945      6.00     14.00     23.00    146.00      0.00      38.6830    0.5933      6.00     23.00     60.00    310.00      0.00
  1.0000   0.0200       86.3746    1.1536     29.00     61.00    117.00    650.00      0.00      16.8152    0.1912      7.00     14.00     24.00    189.00      0.00      19.0262    0.1795      9.00     19.00     27.00     75.00      0.00
  1.5000   0.0200       46.9892    0.6576     16.00     33.00     63.00    615.00      0.00      16.6328    0.1848      6.00     14.00     24.00    103.00      0.00      11.3104    0.0877      7.00     11.00     15.00     38.00      0.00
  2.0000   0.0200       32.2192    0.4139     12.00     24.00     43.00    285.00      0.00      16.6136    0.1888      7.00     14.00     23.00    137.00      0.00       8.2050    0.0570      6.00      8.00     11.00     24.00      0.00
  2.5000   0.0200       23.4602    0.2823      9.00     18.00     32.00    212.00      0.00      16.4486    0.1856      7.00     14.00     23.00    119.00      0.00       6.7690    0.0424      5.00      7.00      9.00     18.00      0.00
  3.0000   0.0200       20.3410    0.2412      8.00     16.00     27.00    198.00      0.00      16.9240    0.1921      7.00     14.00     24.00    144.00      0.00       6.0660    0.0404      5.00      6.00      8.00     16.00      0.00
  0.5000   0.0300      133.2674    1.8496     44.00     93.00    179.00   1415.00      0.00       8.6398    0.0921      3.00      7.00     12.00     78.00      0.00      56.6016    0.6801     16.00     48.00     84.00    357.00      0.00
  1.0000   0.0300       46.9946    0.6119     16.00     34.00     64.00    402.00      0.00       8.5292    0.0908      3.00      7.00     12.00     49.00      0.00      22.3052    0.1762     14.00     22.00     30.00     76.00      0.00
  1.5000   0.0300       24.2442    0.3155      9.00     18.00     32.00    295.00      0.00       8.4880    0.1011      3.00      7.00     12.00    236.00      0.00      12.7920    0.0875      9.00     12.00     17.00     39.00      0.00
  2.0000   0.0300       16.5176    0.1972      7.00     12.00     22.00    115.00      0.00       8.4126    0.0898      3.00      7.00     12.00     55.00      0.00       9.2062    0.0579      7.00      9.00     11.00     28.00      0.00
  2.5000   0.0300       12.3476    0.1348      5.00     10.00     17.00     85.00      0.00       8.4498    0.0899      3.00      7.00     12.00     46.00      0.00       7.8162    0.0453      6.00      8.00     10.00     24.00      0.00
  3.0000   0.0300       10.6418    0.1103      5.00      9.00     15.00    132.00      0.00       8.4790    0.0889      3.00      7.00     12.00     47.00      0.00       7.1988    0.0440      6.00      7.00     10.00     22.00      0.00
  0.5000   0.0400       92.5396    1.2345     32.00     66.00    124.00    954.00      0.00       5.5426    0.0602      2.00      4.00      8.00     30.00      0.00      68.3206    0.7015     31.00     62.00     96.00    330.00      0.00
  1.0000   0.0400       29.6648    0.3834     11.00     22.00     40.00    460.00      0.00       5.5070    0.0591      2.00      4.00      8.00     29.00      0.00      24.1522    0.1808     15.00     23.00     32.00     84.00      0.00
  1.5000   0.0400       15.8376    0.1923      6.00     12.00     21.00    136.00      0.00       5.5564    0.0596      2.00      5.00      8.00     34.00      0.00      13.7562    0.0923     10.00     13.00     18.00     55.00      0.00
  2.0000   0.0400       10.6090    0.1213      4.00      8.00     14.00     92.00      0.00       5.5054    0.0592      2.00      4.00      8.00     31.00      0.00      10.0088    0.0606      7.00     10.00     12.00     37.00      0.00
  2.5000   0.0400        8.2360    0.0865      4.00      7.00     11.00     63.00      0.00       5.5056    0.0600      2.00      4.00      8.00     32.00      0.00       8.3702    0.0499      6.00      9.00     10.00     29.00      0.00
  3.0000   0.0400        7.2768    0.0735      3.00      6.00     10.00     54.00      0.00       5.5786    0.0617      2.00      4.00      8.00     53.00      0.00       7.7474    0.0503      6.00      8.00     10.00     27.00      0.00
  0.5000   0.0500       68.2132    0.9066     25.00     49.00     89.00    696.00      0.00       4.0166    0.0444      1.00      3.00      6.00     21.00      0.00      75.0296    0.7107     38.00     68.00    104.00    322.00      0.00
  1.0000   0.0500       21.0354    0.2543      9.00     15.00     28.00    167.00      0.00       4.0508    0.0450      2.00      3.00      6.00     23.00      0.00      25.3526    0.1841     17.00     24.00     33.00     96.00      0.00
  1.5000   0.0500       11.4864    0.1296      5.00      9.00     15.00     87.00      0.00       4.0316    0.0439      2.00      3.00      6.00     23.00      0.00      14.5218    0.0980     10.00     13.00     19.00     56.00      0.00
  2.0000   0.0500        7.8342    0.0847      4.00      6.00     10.00     66.00      0.00       4.0214    0.0446      2.00      3.00      6.00     26.00      0.00      10.5484    0.0657      8.00     10.00     12.00     42.00      0.00
  2.5000   0.0500        6.2340    0.0594      3.00      5.00      8.00     32.00      0.00       4.0840    0.0448      2.00      3.00      6.00     22.00      0.00       9.1414    0.0562      7.00     10.00     10.00     34.00      0.00
  3.0000   0.0500        5.3670    0.0504      3.00      4.00      7.00     33.00      0.00       4.0138    0.0441      2.00      3.00      6.00     29.00      0.00       8.3854    0.0556      6.00      9.00     10.00     30.00      0.00
