Amp Radius  OC_Mean OC_Std OC_Q1 OC_Med OC_Q3 OC_Max OC_Min  Exp_Mean Exp_Std Exp_Q1 Exp_Med Exp_Q3 Exp_Max Exp_Min  Num_Mean Num_Std Num_Q1 Num_Med Num_Q3 Num_Max Num_Min
  0.5000   0.0200      201.4434    2.8118     61.00    144.00    278.00   1747.00      0.00      20.7220    0.2420      8.00     17.00     30.00    253.00      0.00      41.2598    0.6228      5.00     26.00     66.00    293.00      0.00
  1.0000   0.0200       84.8632    1.1694     27.00     60.00    117.00   1206.00      0.00      20.5588    0.2359      8.00     17.00     29.00    324.00      0.00      19.0520    0.1848      8.00     19.00     28.00     76.00      0.00
  1.5000   0.0200       51.6442    0.6989     17.00     37.00     71.00    510.00      0.00      20.8212    0.2390      8.00     17.00     30.00    181.00      0.00      11.5686    0.0906      7.00     11.00     16.00     38.00      0.00
  2.0000   0.0200       35.3628    0.4575     13.00     26.00     47.00    316.00      0.00      21.0238    0.2385      8.00     18.00     30.00    154.00      0.00       8.2360    0.0595      6.00      8.00     10.00     25.00      0.00
  2.5000   0.0200       27.8266    0.3455     10.00     21.00     37.00    190.00      0.00      20.5062    0.2313      8.00     17.00     29.00    172.00      0.00       6.6830    0.0447      5.00      7.00      9.00     20.00      0.00
  3.0000   0.0200       23.9706    0.2766      9.00     20.00     34.00    212.00      0.00      20.6480    0.2365      8.00     17.00     30.00    210.00      0.00       6.0630    0.0406      5.00      6.00      8.00     19.00      0.00
  0.5000   0.0300      129.9888    1.7559     44.00     94.00    174.00   1000.00      0.00      11.0632    0.1220      4.00      9.00     16.00     57.00      0.00      59.0554    0.6929     16.00     52.00     88.00    329.00      0.00
  1.0000   0.0300       47.2740    0.6333     16.00     34.00     64.00    429.00      0.00      10.9056    0.1232      4.00      9.00     16.00    101.00      0.00      23.2066    0.1859     14.00     22.00     31.00     89.00      0.00
  1.5000   0.0300       28.1278    0.3625     10.00     21.00     38.00    249.00      0.00      10.9846    0.1196      4.00      9.00     16.00     63.00      0.00      13.0928    0.0957      9.00     12.00     17.00     47.00      0.00
  2.0000   0.0300       18.9704    0.2256      7.00     15.00     27.00    138.00      0.00      10.8888    0.1206      4.00      9.00     15.00     61.00      0.00       9.3248    0.0598      7.00      9.00     11.00     31.00      0.00
  2.5000   0.0300       15.2308    0.1721      6.00     12.00     20.00     95.00      0.00      11.1222    0.1194      4.00      9.00     16.00     62.00      0.00       7.8990    0.0456      6.00      8.00     10.00     27.00      0.00
  3.0000   0.0300       13.2192    0.1430      6.00     11.00     18.00    109.00      0.00      11.0240    0.1217      4.00      9.00     16.00     63.00      0.00       7.1916    0.0434      6.00      7.00     10.00     22.00      0.00
  0.5000   0.0400       86.3116    1.1477     30.00     63.00    115.00    870.00      0.00       7.2194    0.0812      3.00      6.00     11.00     43.00      0.00      69.9426    0.7244     31.00     63.00    100.00    366.00      0.00
  1.0000   0.0400       30.1726    0.3882     11.00     22.00     41.00    244.00      0.00       7.1328    0.0811      3.00      6.00     10.00     45.00      0.00      24.9108    0.1949     15.00     24.00     33.00     98.00      0.00
  1.5000   0.0400       17.7326    0.2190      7.00     14.00     24.00    184.00      0.00       7.1424    0.0815      3.00      6.00     10.00     49.00      0.00      14.0650    0.0980     10.00     13.00     18.00     52.00      0.00
  2.0000   0.0400       12.4984    0.1446      5.00     10.00     17.00    108.00      0.00       7.2374    0.0839      3.00      6.00     10.00     51.00      0.00      10.0122    0.0626      7.00     10.00     11.00     42.00      0.00
  2.5000   0.0400        9.9170    0.1089      4.00      8.00     14.00     63.00      0.00       7.2420    0.0825      3.00      6.00     10.00     47.00      0.00       8.6112    0.0503      7.00      9.00     10.00     29.00      0.00
  3.0000   0.0400        8.8164    0.0927      4.00      7.00     12.00     49.00      0.00       7.1916    0.0816      3.00      6.00     10.00     42.00      0.00       7.9832    0.0497      6.00      9.00     10.00     27.00      0.00
  0.5000   0.0500       60.7156    0.7756     22.00     44.00     80.00    461.00      0.00       5.1478    0.0597      2.00      4.00      7.00     31.00      0.00      76.9680    0.7401     40.00     69.00    106.00    369.00      0.00
  1.0000   0.0500       21.0932    0.2595      8.00     16.00     28.00    146.00      0.00       5.1044    0.0593      2.00      4.00      7.00     32.00      0.00      26.0312    0.1980     16.00     25.00     34.00    102.00      0.00
  1.5000   0.0500       12.6614    0.1518      5.00     10.00     17.00    115.00      0.00       5.1772    0.0604      2.00      4.00      7.00     33.00      0.00      14.5932    0.1020     10.00     13.00     19.00     55.00      0.00
  2.0000   0.0500        8.8638    0.1008      4.00      7.00     12.00     71.00      0.00       5.0586    0.0584      2.00      4.00      7.00     28.00      0.00      10.4448    0.0666      8.00     10.00     12.00     44.00      0.00
  2.5000   0.0500        7.3884    0.0766      3.00      6.00     10.00     54.00      0.00       5.2132    0.0593      2.00      4.00      8.00     30.00      0.00       9.1060    0.0554      7.00     10.00     10.00     36.00      0.00
  3.0000   0.0500        6.5234    0.0650      3.00      5.00      9.00     32.00      0.00       5.1790    0.0585      2.00      4.00      7.00     31.00      0.00       8.3982    0.0551      6.00      9.00     10.00     32.00      0.00
