Amp Radius  OC_Mean OC_Std OC_Q1 OC_Med OC_Q3 OC_Max OC_Min  Exp_Mean Exp_Std Exp_Q1 Exp_Med Exp_Q3 Exp_Max Exp_Min  Num_Mean Num_Std Num_Q1 Num_Med Num_Q3 Num_Max Num_Min
  0.5000   0.0200      215.5878    3.0021     66.00    148.00    299.00   2000.00      0.00      17.9786    0.2244      7.00     14.00     25.00    220.00      0.00      41.9852    0.6274      6.00     27.00     67.00    295.00      0.00
  1.0000   0.0200       81.4428    1.0887     28.00     58.00    109.00    706.00      0.00      18.8898    0.2382      7.00     15.00     26.00    198.00      0.00      19.2040    0.1751     10.00     19.00     27.00     69.00      0.00
  1.5000   0.0200       47.0674    0.6330     16.00     33.00     64.00    413.00      0.00      18.2608    0.2285      7.00     15.00     25.00    164.00      0.00      11.2896    0.0869      7.00     11.00     15.00     36.00      0.00
  2.0000   0.0200       31.4390    0.4151     12.00     23.00     42.00    318.00      0.00      18.3882    0.2330      7.00     14.00     25.00    199.00      0.00       8.0642    0.0563      6.00      8.00     10.00     24.00      0.00
  2.5000   0.0200       25.1526    0.3224      9.00     19.00     33.00    207.00      0.00      18.4024    0.2318      7.00     15.00     25.00    188.00      0.00       6.6480    0.0425      5.00      7.00      9.00     22.00      0.00
  3.0000   0.0200       21.2614    0.2560      8.00     17.00     28.00    168.00      0.00      18.3136    0.2263      7.00     15.00     25.00    167.00      0.00       6.0230    0.0390      5.00      6.00      8.00     15.00      0.00
  0.5000   0.0300      130.0420    1.7379     44.00     93.00    177.00   1170.00      0.00       8.5024    0.0935      3.00      7.00     12.00     57.00      0.00      58.0292    0.6908     17.00     48.00     87.00    379.00      0.00
  1.0000   0.0300       43.2614    0.5825     15.00     31.00     57.00    466.00      0.00       8.5366    0.0929      3.00      7.00     12.00     68.00      0.00      21.8728    0.1734     14.00     21.00     29.00     82.00      0.00
  1.5000   0.0300       23.9332    0.2949      9.00     18.00     32.00    156.00      0.00       8.5840    0.0942      3.00      7.00     12.00     65.00      0.00      12.7512    0.0885      9.00     12.00     16.00     43.00      0.00
  2.0000   0.0300       16.3138    0.1882      7.00     13.00     22.00    118.00      0.00       8.6580    0.0936      4.00      7.00     12.00    105.00      0.00       8.9638    0.0547      7.00      9.00     11.00     29.00      0.00
  2.5000   0.0300       12.5038    0.1381      5.00     10.00     17.00    104.00      0.00       8.6542    0.0935      3.00      7.00     12.00     62.00      0.00       7.7200    0.0440      6.00      8.00     10.00     23.00      0.00
  3.0000   0.0300       10.7530    0.1177      5.00      9.00     15.00    102.00      0.00       8.6074    0.0977      3.00      7.00     12.00    101.00      0.00       7.0636    0.0431      6.00      7.00     10.00     24.00      0.00
  0.5000   0.0400       86.7496    1.1583     31.00     62.00    116.00    708.00      0.00       5.4406    0.0586      2.00      4.00      8.00     34.00      0.00      67.8990    0.6975     30.00     61.00     96.00    346.00      0.00
  1.0000   0.0400       28.0918    0.3455     11.00     21.00     37.00    220.00      0.00       5.3824    0.0585      2.00      4.00      8.00     30.00      0.00      23.6204    0.1761     15.00     23.00     31.00     92.00      0.00
  1.5000   0.0400       15.1940    0.1815      6.00     12.00     20.00    138.00      0.00       5.3134    0.0574      2.00      4.00      8.00     40.00      0.00      13.2512    0.0880      9.00     12.00     17.00     56.00      0.00
  2.0000   0.0400       10.1344    0.1115      4.00      8.00     13.00     74.00      0.00       5.3662    0.0576      2.00      4.00      8.00     30.00      0.00       9.6164    0.0580      7.00     10.00     11.00     34.00      0.00
  2.5000   0.0400        8.0268    0.0839      4.00      7.00     11.00     76.00      0.00       5.2990    0.0598      2.00      4.00      8.00     75.00      0.00       8.3978    0.0480      6.00      9.00     10.00     26.00      0.00
  3.0000   0.0400        7.0624    0.0688      3.00      6.00     10.00     42.00      0.00       5.4456    0.0591      2.00      4.00      8.00     41.00      0.00       7.7632    0.0469      6.00      8.00     10.00     26.00      0.00
  0.5000   0.0500       64.0282    0.8132     24.00     47.00     86.00    492.00      0.00       3.8828    0.0420      2.00      3.00      5.00     21.00      0.00      73.9442    0.7095     37.00     67.00    102.00    378.00      0.00
  1.0000   0.0500       20.2880    0.2398      9.00     15.00     27.00    181.00      0.00       3.9788    0.0433      2.00      3.00      6.00     22.00      0.00      24.8248    0.1787     16.00     23.00     32.00    104.00      0.00
  1.5000   0.0500       10.9234    0.1227      5.00      8.00     14.00     81.00      0.00       3.9176    0.0429      1.00      3.00      5.00     23.00      0.00      13.7712    0.0905     10.00     13.00     17.00     54.00      0.00
  2.0000   0.0500        7.4726    0.0750      4.00      6.00     10.00     41.00      0.00       3.9218    0.0426      2.00      3.00      5.00     25.00      0.00      10.2146    0.0624      7.00     10.00     12.00     35.00      0.00
  2.5000   0.0500        5.9442    0.0575      3.00      5.00      8.00     36.00      0.00       3.8216    0.0421      1.00      3.00      5.00     21.00      0.00       8.8034    0.0525      6.00      9.00     10.00     29.00      0.00
  3.0000   0.0500        5.2670    0.0485      3.00      4.00      7.00     24.00      0.00       3.8548    0.0418      1.00      3.00      5.00     18.00      0.00       8.2886    0.0536      6.00      9.00     10.00     33.00      0.00
