Amp Radius  OC_Mean OC_Std OC_Q1 OC_Med OC_Q3 OC_Max OC_Min  Exp_Mean Exp_Std Exp_Q1 Exp_Med Exp_Q3 Exp_Max Exp_Min  Num_Mean Num_Std Num_Q1 Num_Med Num_Q3 Num_Max Num_Min
  0.5000   0.0200      211.6150    2.9327     61.00    148.00    293.00   1545.00      0.00     103.1546    1.4609     29.00     74.00    144.00    874.00      0.00      35.4862    0.6672      0.00      6.00     64.00    291.00      0.00
  1.0000   0.0200      152.1726    2.2029     43.00    105.00    208.00   1766.00      0.00     101.6040    1.4781     29.00     73.00    139.00   1766.00      0.00      14.9916    0.2060      0.00     14.00     26.00     73.00      0.00
  1.5000   0.0200      124.9030    1.7847     37.00     86.00    170.00   1266.00      0.00      99.8706    1.4068     30.00     72.00    138.00    805.00      0.00       8.7928    0.1091      0.00      9.00     15.00     50.00      0.00
  2.0000   0.0200      113.9464    1.5730     34.00     82.00    157.00   1121.00      0.00     102.0848    1.4238     29.00     74.00    140.00   1120.00      0.00       6.2698    0.0745      0.00      6.00     10.00     26.00      0.00
  2.5000   0.0200      107.1554    1.4941     31.00     77.00    149.00   1234.00      0.00     102.2212    1.4387     29.00     73.00    142.00   1234.00      0.00       4.9978    0.0555      0.00      6.00      7.00     22.00      0.00
  3.0000   0.0200      102.9262    1.4662     30.00     73.00    142.00   1017.00      0.00     100.8264    1.4519     29.00     72.00    140.00   1016.00      0.00       4.2800    0.0479      0.00      5.00      7.00     19.00      0.00
  0.5000   0.0300      154.4144    2.1710     47.00    107.00    211.00   1241.00      0.00      59.6694    0.7852     18.00     46.00     84.00    436.00      0.00      54.0812    0.8195      1.00     41.00     91.00    409.00      0.00
  1.0000   0.0300      104.3954    1.4653     30.00     74.00    145.00   1084.00      0.00      60.8064    0.8364     17.00     46.00     85.00    620.00      0.00      19.2122    0.2272      2.00     19.00     30.00     94.00      0.00
  1.5000   0.0300       84.3740    1.1889     26.00     61.00    117.00   1167.00      0.00      60.7802    0.8338     18.00     47.00     85.00    598.00      0.00      11.0882    0.1155      6.00     10.00     17.00     53.00      0.00
  2.0000   0.0300       71.3456    0.9578     22.00     53.00     99.00    550.00      0.00      61.2794    0.8161     19.00     47.00     86.00    543.00      0.00       7.7110    0.0758      5.00      8.00     10.00     32.00      0.00
  2.5000   0.0300       66.1884    0.8960     20.00     49.00     93.00    613.00      0.00      61.1732    0.8277     18.00     46.00     86.00    613.00      0.00       6.3770    0.0573      4.00      7.00      9.00     26.00      0.00
  3.0000   0.0300       62.5790    0.8261     19.00     48.00     88.00    647.00      0.00      60.8568    0.8111     18.00     47.00     86.00    646.00      0.00       5.5818    0.0522      2.00      6.00      9.00     25.00      0.00
  0.5000   0.0400      115.5398    1.6077     35.00     81.00    158.00   1010.00      0.00      38.1444    0.4794     12.00     31.00     56.00    311.00      0.00      67.0360    0.8727      5.00     59.00    106.00    449.00      0.00
  1.0000   0.0400       76.7928    1.1011     21.00     54.00    104.00    731.00      0.00      39.2668    0.5075     11.00     31.00     58.00    340.00      0.00      21.9220    0.2306     10.00     21.00     32.00    103.00      0.00
  1.5000   0.0400       56.9600    0.8164     16.00     42.00     77.00    578.00      0.00      37.7716    0.4897     11.00     30.00     56.00    404.00      0.00      12.2936    0.1171      7.00     11.00     18.00     52.00      0.00
  2.0000   0.0400       47.4606    0.6356     14.00     37.00     67.00    491.00      0.00      38.8378    0.4937     11.00     31.00     58.00    370.00      0.00       8.6032    0.0747      6.00      9.00     10.00     38.00      0.00
  2.5000   0.0400       42.9318    0.5563     13.00     34.00     62.00    369.00      0.00      38.5996    0.4947     11.00     31.00     56.00    303.00      0.00       7.3178    0.0571      6.00      8.00     10.00     38.00      0.00
  3.0000   0.0400       40.8904    0.5455     12.00     32.00     59.00    409.00      0.00      38.6506    0.5167     11.00     31.00     56.00    387.00      0.00       6.6080    0.0529      5.00      7.00     10.00     30.00      0.00
  0.5000   0.0500       96.1012    1.3566     28.00     68.00    130.00   1238.00      0.00      28.3422    0.3719      7.00     22.00     43.00    299.00      0.00      73.8648    0.8830     18.00     67.00    110.00    468.00      0.00
  1.0000   0.0500       57.0792    0.8024     16.00     41.00     79.00    453.00      0.00      28.0516    0.3639      7.00     22.00     42.00    215.00      0.00      24.3114    0.2317     13.00     24.00     33.00    147.00      0.00
  1.5000   0.0500       42.7720    0.5994     12.00     32.00     60.00    448.00      0.00      27.8678    0.3598      7.00     22.00     42.00    224.00      0.00      13.3456    0.1159      9.00     11.00     18.00     61.00      0.00
  2.0000   0.0500       34.7912    0.4702     10.00     27.00     50.00    418.00      0.00      27.9880    0.3632      7.00     22.00     42.00    226.00      0.00       9.4676    0.0762      7.00     10.00     11.00     43.00      0.00
  2.5000   0.0500       31.9762    0.4113      9.00     25.00     46.00    265.00      0.00      28.3956    0.3660      7.00     23.00     42.00    264.00      0.00       7.9502    0.0581      6.00      9.00     10.00     45.00      0.00
  3.0000   0.0500       29.5950    0.3853      8.00     23.00     44.00    395.00      0.00      27.8906    0.3681      7.00     22.00     42.00    394.00      0.00       7.2772    0.0546      6.00      8.00     10.00     39.00      0.00
