Amp Radius  OC_Mean OC_Std OC_Q1 OC_Med OC_Q3 OC_Max OC_Min  Exp_Mean Exp_Std Exp_Q1 Exp_Med Exp_Q3 Exp_Max Exp_Min  Num_Mean Num_Std Num_Q1 Num_Med Num_Q3 Num_Max Num_Min
  0.5000   0.0200      284.8292    4.0178     83.00    198.00    387.00   2000.00      0.00      13.1546    0.1364      6.00     11.00     19.00     81.00      0.00      32.6436    0.5129      7.00     20.00     46.00    288.00      0.00
  1.0000   0.0200       99.3126    1.3726     31.00     69.00    134.00    976.00      0.00      12.8810    0.1324      5.00     11.00     18.00     83.00      0.00      18.4610    0.1766      9.00     18.00     26.00     69.00      0.00
  1.5000   0.0200       49.5520    0.6644     17.00     35.00     66.00    442.00      0.00      13.0308    0.1329      6.00     11.00     18.00     76.00      0.00      11.2798    0.0852      7.00     11.00     15.00     39.00      0.00
  2.0000   0.0200       29.4378    0.3702     11.00     21.00     40.00    228.00      0.00      12.8322    0.1364      5.00     11.00     18.00     95.00      0.00       8.0610    0.0534      6.00      8.00     10.00     26.00      0.00
  2.5000   0.0200       21.2402    0.2573      8.00     16.00     29.00    168.00      0.00      12.8956    0.1343      5.00     11.00     18.00     83.00      0.00       6.6434    0.0413      5.00      7.00      9.00     18.00      0.00
  3.0000   0.0200       16.9330    0.1871      7.00     14.00     23.00    122.00      0.00      12.8422    0.1279      6.00     11.00     18.00     69.00      0.00       6.1034    0.0397      5.00      6.00      8.00     15.00      0.00
  0.5000   0.0300      198.5968    2.7957     62.00    138.00    273.00   1964.00      0.00       7.0542    0.0736      3.00      6.00     10.00     42.00      0.00      54.5346    0.6826     16.00     42.00     80.00    352.00      0.00
  1.0000   0.0300       54.2260    0.7012     20.00     40.00     71.00    469.00      0.00       7.0990    0.0720      3.00      6.00     10.00     39.00      0.00      22.3348    0.1782     14.00     21.00     30.00     90.00      0.00
  1.5000   0.0300       25.6004    0.3167     10.00     19.00     35.00    257.00      0.00       7.1106    0.0726      3.00      6.00     10.00     39.00      0.00      12.7202    0.0858      9.00     12.00     16.00     41.00      0.00
  2.0000   0.0300       15.5498    0.1807      6.00     12.00     21.00    178.00      0.00       7.1186    0.0739      3.00      6.00     10.00     46.00      0.00       9.1652    0.0560      7.00      9.00     11.00     30.00      0.00
  2.5000   0.0300       11.1956    0.1194      5.00      9.00     15.00     79.00      0.00       7.1468    0.0746      3.00      6.00     10.00     44.00      0.00       7.6784    0.0457      6.00      8.00     10.00     23.00      0.00
  3.0000   0.0300        9.3852    0.0944      4.00      8.00     13.00     58.00      0.00       7.1542    0.0731      3.00      6.00     10.00     47.00      0.00       7.0908    0.0461      5.00      7.00     10.00     20.00      0.00
  0.5000   0.0400      142.1868    1.9460     46.00    101.00    193.00   1664.00      0.00       4.7394    0.0512      2.00      4.00      7.00     23.00      0.00      69.4288    0.7973     27.00     58.00     98.00    519.00      0.00
  1.0000   0.0400       33.2428    0.4198     13.00     25.00     44.00    329.00      0.00       4.6730    0.0500      2.00      4.00      7.00     28.00      0.00      23.9140    0.1755     15.00     23.00     31.00    101.00      0.00
  1.5000   0.0400       16.0362    0.1860      7.00     13.00     21.00    127.00      0.00       4.7018    0.0500      2.00      4.00      7.00     24.00      0.00      13.3900    0.0852     10.00     12.00     17.00     48.00      0.00
  2.0000   0.0400       10.0820    0.1105      4.00      8.00     14.00    134.00      0.00       4.7090    0.0499      2.00      4.00      7.00     22.00      0.00       9.8016    0.0576      7.00     10.00     12.00     37.00      0.00
  2.5000   0.0400        7.6048    0.0774      4.00      6.00     10.00     65.00      0.00       4.7208    0.0503      2.00      4.00      7.00     29.00      0.00       8.5092    0.0523      6.00      9.00     10.00     31.00      0.00
  3.0000   0.0400        6.4410    0.0627      3.00      5.00      9.00     43.00      0.00       4.7502    0.0516      2.00      4.00      7.00     30.00      0.00       7.8258    0.0545      6.00      8.00     10.00     28.00      0.00
  0.5000   0.0500      104.1826    1.3889     36.00     76.00    139.00    969.00      0.00       3.4534    0.0372      1.00      3.00      5.00     18.00      0.00      79.5772    0.8422     37.00     67.00    109.00    589.00      0.00
  1.0000   0.0500       23.9236    0.2789     10.00     18.00     32.00    215.00      0.00       3.4120    0.0365      1.00      3.00      5.00     20.00      0.00      25.3336    0.1800     17.00     24.00     33.00     88.00      0.00
  1.5000   0.0500       11.4568    0.1239      5.00      9.00     15.00     73.00      0.00       3.4434    0.0371      1.00      3.00      5.00     18.00      0.00      14.1138    0.0914     10.00     13.00     18.00     52.00      0.00
  2.0000   0.0500        7.5038    0.0743      4.00      6.00     10.00     49.00      0.00       3.5600    0.0379      1.00      3.00      5.00     19.00      0.00      10.5520    0.0630      8.00     10.00     12.00     44.00      0.00
  2.5000   0.0500        5.6706    0.0542      3.00      5.00      7.00     37.00      0.00       3.4454    0.0375      1.00      3.00      5.00     18.00      0.00       9.1262    0.0585      7.00      9.00     11.00     32.00      0.00
  3.0000   0.0500        4.8840    0.0441      3.00      4.00      6.00     26.00      0.00       3.4398    0.0363      1.00      3.00      5.00     20.00      0.00       8.4276    0.0606      6.00      9.00     10.00     35.00      0.00
