Amp Radius  OC_Mean OC_Std OC_Q1 OC_Med OC_Q3 OC_Max OC_Min  Exp_Mean Exp_Std Exp_Q1 Exp_Med Exp_Q3 Exp_Max Exp_Min  Num_Mean Num_Std Num_Q1 Num_Med Num_Q3 Num_Max Num_Min
  0.5000   0.0200      193.0416    2.6522     59.00    134.00    267.00   1606.00      0.00      24.8532    0.3198      9.00     19.00     34.00    239.00      0.00      42.5370    0.6343      4.00     28.00     69.00    291.00      0.00
  1.0000   0.0200       88.1162    1.2184     27.00     62.00    120.00    867.00      0.00      24.4054    0.3176      8.00     19.00     33.00    231.00      0.00      19.3362    0.1852      9.00     19.00     28.00     69.00      0.00
  1.5000   0.0200       53.1634    0.7320     17.00     37.00     71.00    600.00      0.00      24.9438    0.3286      9.00     20.00     33.00    398.00      0.00      11.2744    0.0912      7.00     11.00     16.00     39.00      0.00
  2.0000   0.0200       37.9732    0.5075     13.00     27.00     51.00    395.00      0.00      24.7676    0.3262      8.00     19.00     34.00    259.00      0.00       7.9730    0.0578      6.00      8.00     10.00     26.00      0.00
  2.5000   0.0200       30.7554    0.3928     11.00     23.00     42.00    226.00      0.00      24.8688    0.3279      9.00     19.00     34.00    199.00      0.00       6.5200    0.0438      5.00      6.00      9.00     20.00      0.00
  3.0000   0.0200       26.8664    0.3561     10.00     20.00     36.00    301.00      0.00      23.9806    0.3236      8.00     18.00     32.00    300.00      0.00       5.8266    0.0406      5.00      6.00      7.00     18.00      0.00
  0.5000   0.0300      116.6198    1.5579     38.00     83.00    160.00   1010.00      0.00      11.2920    0.1288      4.00      9.00     17.00     95.00      0.00      59.8012    0.7030     17.00     52.00     90.00    398.00      0.00
  1.0000   0.0300       46.0462    0.6159     15.00     33.00     62.00    338.00      0.00      11.0004    0.1276      4.00      9.00     16.00     98.00      0.00      22.1556    0.1815     13.00     22.00     30.00     79.00      0.00
  1.5000   0.0300       27.1000    0.3564     10.00     20.00     36.00    332.00      0.00      11.2746    0.1286      4.00      9.00     16.00     90.00      0.00      12.8072    0.0911      9.00     12.00     17.00     45.00      0.00
  2.0000   0.0300       18.8824    0.2303      7.00     15.00     26.00    179.00      0.00      11.2124    0.1276      4.00      9.00     16.00     93.00      0.00       9.0956    0.0592      7.00      9.00     11.00     29.00      0.00
  2.5000   0.0300       15.0482    0.1740      6.00     12.00     20.00    142.00      0.00      11.2980    0.1330      4.00      9.00     16.00    141.00      0.00       7.7086    0.0453      6.00      8.00     10.00     26.00      0.00
  3.0000   0.0300       13.3954    0.1488      5.00     11.00     19.00    121.00      0.00      11.4222    0.1326      4.00      9.00     16.00    117.00      0.00       7.1116    0.0435      6.00      7.00     10.00     35.00      0.00
  0.5000   0.0400       80.8906    1.0591     29.00     58.00    109.00    717.00      0.00       7.0532    0.0813      2.00      6.00     10.00     62.00      0.00      69.7066    0.7107     32.00     63.00    100.00    353.00      0.00
  1.0000   0.0400       29.1988    0.3765     11.00     21.00     40.00    257.00      0.00       6.9250    0.0772      2.00      6.00     10.00     35.00      0.00      24.0902    0.1836     15.00     23.00     32.00     87.00      0.00
  1.5000   0.0400       17.4482    0.2126      7.00     13.00     23.00    125.00      0.00       7.0174    0.0794      3.00      6.00     10.00     48.00      0.00      13.4706    0.0933     10.00     12.00     17.00     63.00      0.00
  2.0000   0.0400       11.9406    0.1377      5.00      9.00     16.00    102.00      0.00       6.9676    0.0787      3.00      6.00     10.00     54.00      0.00       9.7270    0.0591      7.00     10.00     11.00     33.00      0.00
  2.5000   0.0400        9.8346    0.1074      4.00      8.00     13.00     75.00      0.00       7.0586    0.0790      3.00      6.00     10.00     61.00      0.00       8.3230    0.0488      6.00      9.00     10.00     39.00      0.00
  3.0000   0.0400        8.6860    0.0910      4.00      7.00     12.00     73.00      0.00       7.0858    0.0801      3.00      6.00     10.00     44.00      0.00       7.6138    0.0459      6.00      8.00     10.00     26.00      0.00
  0.5000   0.0500       57.3050    0.7294     22.00     42.00     76.00    515.00      0.00       5.0238    0.0569      2.00      4.00      7.00     30.00      0.00      75.2070    0.7100     39.00     68.00    104.00    350.00      0.00
  1.0000   0.0500       21.0284    0.2649      8.00     15.00     28.00    184.00      0.00       4.9548    0.0567      2.00      4.00      7.00     36.00      0.00      25.1622    0.1861     16.00     24.00     32.00     94.00      0.00
  1.5000   0.0500       12.2784    0.1445      5.00      9.00     16.00    107.00      0.00       5.0198    0.0574      2.00      4.00      7.00     33.00      0.00      14.1664    0.0970     10.00     13.00     18.00     51.00      0.00
  2.0000   0.0500        8.6538    0.0936      4.00      7.00     12.00     61.00      0.00       4.9796    0.0566      2.00      4.00      7.00     30.00      0.00      10.1626    0.0632      7.00     10.00     12.00     36.00      0.00
  2.5000   0.0500        7.1450    0.0730      3.00      6.00     10.00     49.00      0.00       5.0164    0.0576      2.00      4.00      7.00     41.00      0.00       8.8602    0.0514      7.00     10.00     10.00     30.00      0.00
  3.0000   0.0500        6.4048    0.0647      3.00      5.00      9.00     43.00      0.00       4.9882    0.0563      2.00      4.00      7.00     27.00      0.00       8.1624    0.0516      6.00      9.00     10.00     32.00      0.00
