Amp Radius  OC_Mean OC_Std OC_Q1 OC_Med OC_Q3 OC_Max OC_Min  Exp_Mean Exp_Std Exp_Q1 Exp_Med Exp_Q3 Exp_Max Exp_Min  Num_Mean Num_Std Num_Q1 Num_Med Num_Q3 Num_Max Num_Min
  0.5000   0.0200      234.9608    3.2878     69.00    165.00    326.00   2000.00      0.00      16.6456    0.2352      6.00     12.00     22.00    167.00      0.00      37.7806    0.5751      6.00     24.00     57.00    305.00      0.00
  1.0000   0.0200       76.5650    0.9987     27.00     55.00    103.00    866.00      0.00      16.9806    0.2465      5.00     12.00     23.00    192.00      0.00      18.3792    0.1682      9.00     18.00     26.00     85.00      0.00
  1.5000   0.0200       40.6544    0.5142     15.00     30.00     54.00    470.00      0.00      16.8646    0.2440      5.00     12.00     23.00    191.00      0.00      10.7668    0.0777      7.00     11.00     14.00     33.00      0.00
  2.0000   0.0200       27.9262    0.3548     11.00     21.00     37.00    258.00      0.00      16.8972    0.2458      5.00     11.00     23.00    207.00      0.00       7.6992    0.0502      6.00      8.00     10.00     22.00      0.00
  2.5000   0.0200       22.1412    0.2842      8.00     16.00     29.00    234.00      0.00      17.1402    0.2499      5.00     12.00     23.00    231.00      0.00       6.3028    0.0404      5.00      6.00      8.00     17.00      0.00
  3.0000   0.0200       19.7730    0.2612      7.00     14.00     26.00    200.00      0.00      17.0800    0.2458      5.00     12.00     23.00    199.00      0.00       5.6804    0.0380      4.00      6.00      7.00     15.00      0.00
  0.5000   0.0300      155.0150    2.0752     52.00    112.00    210.00   1159.00      0.00       6.6932    0.0817      3.00      5.00      9.00     80.00      0.00      55.3134    0.6748     17.00     44.00     80.00    369.00      0.00
  1.0000   0.0300       40.3418    0.4917     16.00     30.00     53.00    395.00      0.00       6.8210    0.0831      3.00      5.00      9.00     61.00      0.00      20.5842    0.1565     13.00     20.00     27.00     73.00      0.00
  1.5000   0.0300       20.9710    0.2428      9.00     17.00     27.00    161.00      0.00       6.5742    0.0803      3.00      5.00      9.00     62.00      0.00      11.9282    0.0744      9.00     12.00     15.00     35.00      0.00
  2.0000   0.0300       13.4712    0.1447      6.00     11.00     18.00     95.00      0.00       6.6420    0.0773      3.00      5.00      9.00     77.00      0.00       8.5710    0.0502      6.00      9.00     11.00     35.00      0.00
  2.5000   0.0300       10.4028    0.1141      5.00      8.00     14.00    128.00      0.00       6.6424    0.0837      3.00      5.00      9.00    127.00      0.00       7.2292    0.0417      5.00      7.00     10.00     19.00      0.00
  3.0000   0.0300        8.8432    0.0927      4.00      7.00     12.00     72.00      0.00       6.7772    0.0823      3.00      5.00      9.00     68.00      0.00       6.6138    0.0422      5.00      7.00      9.00     18.00      0.00
  0.5000   0.0400      107.3896    1.4432     37.00     78.00    143.00   1582.00      0.00       4.1034    0.0435      2.00      3.00      6.00     29.00      0.00      65.7034    0.7063     28.00     57.00     92.00    453.00      0.00
  1.0000   0.0400       27.1168    0.3033     12.00     22.00     35.00    188.00      0.00       4.1068    0.0439      2.00      3.00      6.00     46.00      0.00      22.5020    0.1620     15.00     21.00     30.00     97.00      0.00
  1.5000   0.0400       13.8920    0.1470      7.00     11.00     18.00    127.00      0.00       4.1412    0.0442      2.00      3.00      6.00     33.00      0.00      12.4990    0.0792      9.00     12.00     16.00     41.00      0.00
  2.0000   0.0400        9.1260    0.0895      5.00      8.00     12.00     80.00      0.00       4.0916    0.0421      2.00      3.00      6.00     29.00      0.00       9.1492    0.0530      7.00      9.00     11.00     29.00      0.00
  2.5000   0.0400        7.1102    0.0672      4.00      6.00      9.00     64.00      0.00       4.1430    0.0448      2.00      3.00      6.00     63.00      0.00       7.8080    0.0468      6.00      8.00     10.00     25.00      0.00
  3.0000   0.0400        5.8784    0.0529      3.00      5.00      8.00     42.00      0.00       4.0726    0.0425      2.00      3.00      6.00     31.00      0.00       7.0962    0.0460      5.00      7.00     10.00     21.00      0.00
  0.5000   0.0500       77.3674    0.9626     31.00     58.00    104.00   1275.00      0.00       2.9166    0.0291      1.00      2.00      4.00     23.00      0.00      74.0036    0.7340     37.00     65.00    102.00    417.00      0.00
  1.0000   0.0500       19.1006    0.1980      9.00     16.00     25.00    137.00      0.00       2.8730    0.0280      1.00      2.00      4.00     14.00      0.00      23.3836    0.1643     15.00     22.00     30.00     84.00      0.00
  1.5000   0.0500       10.2476    0.0989      5.00      9.00     13.00     66.00      0.00       2.9654    0.0296      1.00      2.00      4.00     16.00      0.00      12.9326    0.0813      9.00     12.00     16.00     51.00      0.00
  2.0000   0.0500        6.9098    0.0632      4.00      6.00      9.00     46.00      0.00       2.9932    0.0297      1.00      2.00      4.00     18.00      0.00       9.5972    0.0575      7.00      9.00     12.00     34.00      0.00
  2.5000   0.0500        5.3380    0.0456      3.00      5.00      7.00     47.00      0.00       3.0158    0.0299      1.00      2.00      4.00     18.00      0.00       8.2300    0.0508      6.00      8.00     10.00     27.00      0.00
  3.0000   0.0500        4.5192    0.0365      3.00      4.00      6.00     22.00      0.00       2.9816    0.0292      1.00      2.00      4.00     15.00      0.00       7.6204    0.0515      5.00      8.00     10.00     27.00      0.00
