Amp Radius  OC_Mean OC_Std OC_Q1 OC_Med OC_Q3 OC_Max OC_Min  Exp_Mean Exp_Std Exp_Q1 Exp_Med Exp_Q3 Exp_Max Exp_Min  Num_Mean Num_Std Num_Q1 Num_Med Num_Q3 Num_Max Num_Min
  0.5000   0.0200      182.0744    2.5382     56.00    126.00    246.00   1496.00      0.00      39.5108    0.5878     11.00     27.00     54.00    465.00      0.00      42.8490    0.6675      3.00     27.00     71.00    293.00      0.00
  1.0000   0.0200       92.4588    1.3052     27.00     63.00    127.00    891.00      0.00      39.1034    0.5779     11.00     26.00     54.00    512.00      0.00      18.1978    0.1856      6.00     19.00     27.00     84.00      0.00
  1.5000   0.0200       62.9698    0.8927     20.00     43.00     85.00    594.00      0.00      38.5734    0.5548     11.00     27.00     54.00    547.00      0.00      10.8606    0.0934      7.00     11.00     15.00     38.00      0.00
  2.0000   0.0200       49.4932    0.6900     15.00     35.00     68.00    376.00      0.00      38.7688    0.5612     11.00     27.00     53.00    320.00      0.00       7.6748    0.0621      5.00      7.00     10.00     28.00      0.00
  2.5000   0.0200       44.5774    0.6586     13.00     31.00     61.00    666.00      0.00      39.6798    0.6017     10.00     27.00     54.00    665.00      0.00       6.2628    0.0463      5.00      6.00      8.00     21.00      0.00
  3.0000   0.0200       41.5642    0.5881     12.00     29.00     58.00    491.00      0.00      39.1092    0.5680     10.00     27.00     55.00    490.00      0.00       5.5160    0.0421      4.00      6.00      7.00     16.00      0.00
  0.5000   0.0300      116.6222    1.5470     40.00     82.00    161.00   1031.00      0.00      16.5206    0.2256      5.00     12.00     23.00    168.00      0.00      60.0586    0.7258     14.00     52.00     90.00    345.00      0.00
  1.0000   0.0300       50.1622    0.6868     17.00     35.00     67.00    631.00      0.00      16.4716    0.2338      5.00     12.00     22.00    170.00      0.00      22.1370    0.1850     14.00     22.00     30.00     80.00      0.00
  1.5000   0.0300       32.0084    0.4460     11.00     22.00     43.00    355.00      0.00      16.6880    0.2420      5.00     12.00     23.00    252.00      0.00      12.2552    0.0918      8.00     11.00     16.00     40.00      0.00
  2.0000   0.0300       23.6350    0.3362      8.00     17.00     31.00    443.00      0.00      16.5362    0.2461      5.00     12.00     22.00    442.00      0.00       8.8144    0.0605      6.00      9.00     11.00     31.00      0.00
  2.5000   0.0300       20.3392    0.2677      7.00     15.00     27.00    208.00      0.00      16.5612    0.2298      5.00     13.00     23.00    182.00      0.00       7.5172    0.0477      6.00      7.00     10.00     28.00      0.00
  3.0000   0.0300       18.3984    0.2429      6.00     14.00     25.00    178.00      0.00      16.5648    0.2286      5.00     13.00     23.00    177.00      0.00       6.7904    0.0434      5.00      7.00      9.00     22.00      0.00
  0.5000   0.0400       79.4772    1.0973     27.00     57.00    106.00    917.00      0.00       8.7100    0.1103      3.00      7.00     12.00     93.00      0.00      68.0984    0.7242     29.00     62.00     98.00    465.00      0.00
  1.0000   0.0400       30.7762    0.3984     11.00     23.00     41.00    259.00      0.00       8.9058    0.1159      3.00      7.00     13.00     98.00      0.00      23.1904    0.1788     15.00     22.00     31.00     88.00      0.00
  1.5000   0.0400       18.8122    0.2406      7.00     14.00     25.00    164.00      0.00       8.9050    0.1143      3.00      7.00     13.00    107.00      0.00      13.4386    0.0944     10.00     12.00     18.00     43.00      0.00
  2.0000   0.0400       13.9030    0.1714      5.00     11.00     19.00    122.00      0.00       8.9268    0.1154      3.00      7.00     13.00    120.00      0.00       9.5280    0.0593      7.00     10.00     11.00     30.00      0.00
  2.5000   0.0400       11.6698    0.1407      5.00      9.00     16.00    165.00      0.00       9.0114    0.1182      3.00      7.00     13.00    164.00      0.00       8.1730    0.0461      6.00      9.00     10.00     27.00      0.00
  3.0000   0.0400       10.4774    0.1228      4.00      8.00     14.00     85.00      0.00       8.8864    0.1143      3.00      7.00     13.00     80.00      0.00       7.5276    0.0443      6.00      8.00     10.00     29.00      0.00
  0.5000   0.0500       56.7394    0.7268     21.00     42.00     76.00    481.00      0.00       5.9600    0.0746      2.00      4.00      9.00     51.00      0.00      74.7046    0.7303     39.00     68.00    103.00    378.00      0.00
  1.0000   0.0500       22.5444    0.2907      8.00     17.00     30.00    231.00      0.00       5.9626    0.0746      2.00      4.00      9.00     58.00      0.00      24.5552    0.1843     16.00     24.00     32.00    105.00      0.00
  1.5000   0.0500       13.6724    0.1705      5.00     10.00     18.00    124.00      0.00       6.0164    0.0767      2.00      5.00      9.00     99.00      0.00      13.9526    0.0958     10.00     12.00     18.00     46.00      0.00
  2.0000   0.0500        9.8736    0.1164      4.00      8.00     13.00     82.00      0.00       6.0056    0.0754      2.00      4.00      9.00     71.00      0.00       9.9710    0.0615      7.00     10.00     11.00     33.00      0.00
  2.5000   0.0500        8.0682    0.0936      3.00      6.00     11.00    105.00      0.00       5.9494    0.0795      2.00      4.00      8.00    104.00      0.00       8.5904    0.0485      6.00      9.00     10.00     30.00      0.00
  3.0000   0.0500        7.3694    0.0814      3.00      6.00     10.00     58.00      0.00       5.9970    0.0749      2.00      4.00      9.00     57.00      0.00       7.9744    0.0466      6.00      9.00     10.00     29.00      0.00
