Amp Radius  OC_Mean OC_Std OC_Q1 OC_Med OC_Q3 OC_Max OC_Min  Exp_Mean Exp_Std Exp_Q1 Exp_Med Exp_Q3 Exp_Max Exp_Min  Num_Mean Num_Std Num_Q1 Num_Med Num_Q3 Num_Max Num_Min
  0.5000   0.0200      179.7274    2.4913     55.00    125.00    245.00   1484.00      0.00      33.4574    0.4456     11.00     25.00     46.00    357.00      0.00      42.1838    0.6479      3.00     26.00     70.00    282.00      0.00
  1.0000   0.0200       92.3612    1.3084     28.00     65.00    127.00   1148.00      0.00      32.7620    0.4379     11.00     25.00     45.00    295.00      0.00      18.4656    0.1912      6.00     18.00     28.00     80.00      0.00
  1.5000   0.0200       62.2246    0.8586     20.00     44.00     83.00    609.00      0.00      33.6824    0.4485     11.00     26.00     46.00    393.00      0.00      10.9500    0.0976      6.00     11.00     16.00     40.00      0.00
  2.0000   0.0200       46.9388    0.6523     15.00     33.00     63.00    407.00      0.00      33.6122    0.4623     11.00     26.00     46.00    311.00      0.00       7.8160    0.0628      5.00      7.00     10.00     25.00      0.00
  2.5000   0.0200       40.0632    0.5404     13.00     30.00     55.00    454.00      0.00      34.4368    0.4682     11.00     25.00     47.00    400.00      0.00       6.2976    0.0450      5.00      6.00      8.00     19.00      0.00
  3.0000   0.0200       36.4406    0.4934     12.00     27.00     49.00    346.00      0.00      33.4926    0.4598     11.00     25.00     46.00    346.00      0.00       5.6124    0.0426      4.00      6.00      7.00     17.00      0.00
  0.5000   0.0300      117.5460    1.6222     38.00     81.00    159.00   1211.00      0.00      15.0998    0.1820      5.00     12.00     22.00    155.00      0.00      59.5520    0.7231     13.00     52.00     90.00    348.00      0.00
  1.0000   0.0300       51.4438    0.7035     17.00     37.00     69.00    526.00      0.00      15.0904    0.1773      5.00     12.00     22.00    116.00      0.00      22.4900    0.1901     14.00     22.00     31.00     84.00      0.00
  1.5000   0.0300       31.3634    0.4159     11.00     23.00     43.00    327.00      0.00      14.8730    0.1759      5.00     12.00     21.00    133.00      0.00      12.7474    0.0970      9.00     12.00     17.00     41.00      0.00
  2.0000   0.0300       23.7530    0.2940      9.00     19.00     32.00    211.00      0.00      15.5044    0.1854      5.00     13.00     22.00    133.00      0.00       9.0278    0.0616      7.00      9.00     11.00     31.00      0.00
  2.5000   0.0300       18.6732    0.2220      7.00     15.00     26.00    182.00      0.00      14.9044    0.1803      5.00     12.00     22.00    181.00      0.00       7.4894    0.0463      6.00      7.00     10.00     24.00      0.00
  3.0000   0.0300       17.2212    0.1972      7.00     14.00     24.00    153.00      0.00      15.2728    0.1775      5.00     13.00     22.00    152.00      0.00       6.8500    0.0441      5.00      7.00     10.00     24.00      0.00
  0.5000   0.0400       80.0232    1.0587     27.00     57.00    111.00    869.00      0.00       9.3064    0.1075      3.00      8.00     14.00     85.00      0.00      69.4614    0.7337     29.00     64.00     99.00    338.00      0.00
  1.0000   0.0400       33.1102    0.4416     12.00     24.00     44.00    331.00      0.00       9.3976    0.1113      3.00      7.00     14.00     93.00      0.00      23.8918    0.1929     15.00     23.00     32.00     97.00      0.00
  1.5000   0.0400       20.4226    0.2785      7.00     15.00     27.00    321.00      0.00       9.2412    0.1087      3.00      7.00     14.00     78.00      0.00      13.5312    0.0984      9.00     12.00     18.00     54.00      0.00
  2.0000   0.0400       14.9112    0.1807      6.00     12.00     20.00    124.00      0.00       9.3798    0.1083      3.00      8.00     14.00     85.00      0.00       9.6736    0.0607      7.00     10.00     11.00     34.00      0.00
  2.5000   0.0400       12.2604    0.1423      5.00     10.00     17.00    121.00      0.00       9.2898    0.1100      3.00      7.00     14.00     56.00      0.00       8.2012    0.0470      6.00      9.00     10.00     28.00      0.00
  3.0000   0.0400       10.7884    0.1209      4.00      9.00     15.00     96.00      0.00       9.1478    0.1083      3.00      7.00     13.00     55.00      0.00       7.6098    0.0469      6.00      8.00     10.00     31.00      0.00
  0.5000   0.0500       58.7714    0.7762     21.00     42.00     79.00    471.00      0.00       6.5640    0.0783      2.00      5.00     10.00     39.00      0.00      75.4200    0.7401     37.00     69.00    105.00    367.00      0.00
  1.0000   0.0500       23.4402    0.2932      9.00     18.00     32.00    201.00      0.00       6.5470    0.0783      2.00      5.00      9.00     49.00      0.00      25.7498    0.1974     16.00     24.00     34.00    104.00      0.00
  1.5000   0.0500       14.5262    0.1793      5.00     11.00     19.00    130.00      0.00       6.4724    0.0778      2.00      5.00      9.00     44.00      0.00      14.1200    0.1001     10.00     12.00     18.00     57.00      0.00
  2.0000   0.0500       10.4560    0.1229      4.00      8.00     14.00     83.00      0.00       6.3796    0.0761      2.00      5.00      9.00     43.00      0.00      10.1676    0.0631      7.00     10.00     11.00     41.00      0.00
  2.5000   0.0500        8.7752    0.0992      4.00      7.00     12.00    105.00      0.00       6.5556    0.0782      2.00      5.00     10.00     40.00      0.00       8.7372    0.0506      7.00     10.00     10.00     34.00      0.00
  3.0000   0.0500        7.7202    0.0835      3.00      6.00     11.00     46.00      0.00       6.3512    0.0773      2.00      5.00      9.00     45.00      0.00       8.1226    0.0501      6.00      9.00     10.00     40.00      0.00
