Amp Radius  OC_Mean OC_Std OC_Q1 OC_Med OC_Q3 OC_Max OC_Min  Exp_Mean Exp_Std Exp_Q1 Exp_Med Exp_Q3 Exp_Max Exp_Min  Num_Mean Num_Std Num_Q1 Num_Med Num_Q3 Num_Max Num_Min
  0.5000   0.0200      193.1058    2.7195     57.00    132.00    264.00   1616.00      0.00      30.6956    0.4582      8.00     21.00     42.00    386.00      0.00      41.5448    0.6328      4.00     27.00     67.00    281.00      0.00
  1.0000   0.0200       83.3430    1.1662     26.00     58.00    113.00    943.00      0.00      30.5040    0.4409      9.00     21.00     42.00    346.00      0.00      18.7024    0.1814      8.00     19.00     27.00     66.00      0.00
  1.5000   0.0200       52.3816    0.6915     17.00     39.00     72.00    422.00      0.00      30.7120    0.4434      9.00     21.00     42.00    297.00      0.00      10.7698    0.0878      7.00     11.00     15.00     34.00      0.00
  2.0000   0.0200       41.6906    0.5842     13.00     29.00     57.00    442.00      0.00      30.6614    0.4406      9.00     21.00     43.00    269.00      0.00       7.9048    0.0586      6.00      8.00     10.00     25.00      0.00
  2.5000   0.0200       34.5606    0.4861     11.00     24.00     47.00    338.00      0.00      30.2094    0.4480      9.00     21.00     41.00    299.00      0.00       6.3348    0.0445      5.00      6.00      8.00     18.00      0.00
  3.0000   0.0200       32.6424    0.4677     10.00     23.00     43.00    339.00      0.00      30.2854    0.4504      8.00     21.00     41.00    314.00      0.00       5.5802    0.0411      4.00      6.00      7.00     16.00      0.00
  0.5000   0.0300      117.9108    1.5719     41.00     85.00    158.00   1163.00      0.00      12.1398    0.1639      4.00      9.00     17.00    151.00      0.00      59.3460    0.6804     17.00     53.00     89.00    315.00      0.00
  1.0000   0.0300       42.8356    0.5738     15.00     30.00     57.00    381.00      0.00      12.0334    0.1625      4.00      9.00     16.00    121.00      0.00      21.4444    0.1750     13.00     21.00     29.00     91.00      0.00
  1.5000   0.0300       25.4010    0.3224     10.00     19.00     35.00    224.00      0.00      12.0290    0.1610      4.00      9.00     17.00    110.00      0.00      12.4378    0.0878      9.00     12.00     16.00     44.00      0.00
  2.0000   0.0300       18.7786    0.2366      7.00     14.00     25.00    216.00      0.00      12.0118    0.1608      4.00      9.00     17.00    158.00      0.00       8.9314    0.0572      6.00      9.00     11.00     27.00      0.00
  2.5000   0.0300       15.1642    0.1878      6.00     12.00     20.00    150.00      0.00      11.8680    0.1582      4.00      9.00     16.00    140.00      0.00       7.5238    0.0455      6.00      7.00     10.00     22.00      0.00
  3.0000   0.0300       13.9262    0.1728      5.00     11.00     19.00    138.00      0.00      12.0942    0.1630      4.00      9.00     16.00    137.00      0.00       6.8938    0.0435      5.00      7.00     10.00     23.00      0.00
  0.5000   0.0400       76.9560    0.9931     28.00     55.00    104.00    735.00      0.00       6.7228    0.0854      2.00      5.00      9.00     94.00      0.00      66.8882    0.6899     31.00     61.00     95.00    340.00      0.00
  1.0000   0.0400       27.5872    0.3487     10.00     20.00     37.00    219.00      0.00       6.8222    0.0847      2.00      5.00     10.00     62.00      0.00      23.3216    0.1735     15.00     22.00     30.00     84.00      0.00
  1.5000   0.0400       16.3176    0.1974      7.00     12.00     21.00    121.00      0.00       6.7772    0.0821      2.00      5.00     10.00     64.00      0.00      13.1930    0.0891     10.00     12.00     17.00     59.00      0.00
  2.0000   0.0400       11.5728    0.1319      5.00      9.00     16.00     77.00      0.00       6.8672    0.0839      2.00      5.00     10.00     54.00      0.00       9.5568    0.0580      7.00     10.00     11.00     33.00      0.00
  2.5000   0.0400        9.3710    0.1051      4.00      8.00     12.00     70.00      0.00       6.7748    0.0834      2.00      5.00     10.00     68.00      0.00       8.2064    0.0459      6.00      9.00     10.00     30.00      0.00
  3.0000   0.0400        8.4598    0.0924      4.00      7.00     11.00     73.00      0.00       6.9306    0.0856      2.00      5.00     10.00     72.00      0.00       7.5868    0.0444      6.00      8.00     10.00     24.00      0.00
  0.5000   0.0500       56.1014    0.7040     22.00     42.00     74.00    437.00      0.00       4.6276    0.0540      2.00      4.00      6.00     40.00      0.00      73.1338    0.6894     38.00     67.00    100.00    366.00      0.00
  1.0000   0.0500       19.0062    0.2274      8.00     14.00     25.00    188.00      0.00       4.5576    0.0521      2.00      4.00      6.00     30.00      0.00      24.3082    0.1768     16.00     23.00     31.00     86.00      0.00
  1.5000   0.0500       11.5718    0.1321      5.00      9.00     15.00     81.00      0.00       4.5442    0.0526      2.00      4.00      6.00     34.00      0.00      13.6768    0.0912     10.00     12.00     17.00     46.00      0.00
  2.0000   0.0500        8.1156    0.0859      4.00      7.00     11.00     62.00      0.00       4.5376    0.0529      2.00      3.00      6.00     39.00      0.00      10.0124    0.0596      7.00     10.00     12.00     38.00      0.00
  2.5000   0.0500        6.7916    0.0698      3.00      6.00      9.00     71.00      0.00       4.5838    0.0531      2.00      4.00      6.00     35.00      0.00       8.8062    0.0501      6.00      9.00     10.00     33.00      0.00
  3.0000   0.0500        6.0990    0.0620      3.00      5.00      8.00     59.00      0.00       4.7136    0.0563      2.00      4.00      7.00     58.00      0.00       7.9752    0.0484      6.00      9.00     10.00     31.00      0.00
