Amp Radius  OC_Mean OC_Std OC_Q1 OC_Med OC_Q3 OC_Max OC_Min  Exp_Mean Exp_Std Exp_Q1 Exp_Med Exp_Q3 Exp_Max Exp_Min  Num_Mean Num_Std Num_Q1 Num_Med Num_Q3 Num_Max Num_Min
  0.5000   0.0200      204.7156    2.8096     61.00    145.00    280.00   1605.00      0.00      93.8026    1.2856     27.00     69.00    131.00    724.00      0.00      38.3044    0.6838      0.00     11.00     69.00    322.00      0.00
  1.0000   0.0200      148.7950    2.1018     44.00    104.00    203.00   1234.00      0.00      96.4220    1.3405     28.00     72.00    133.00    896.00      0.00      14.9778    0.2048      0.00     14.00     26.00     83.00      0.00
  1.5000   0.0200      120.3796    1.6792     37.00     87.00    165.00   1100.00      0.00      94.6742    1.3004     28.00     70.00    132.00   1100.00      0.00       9.1360    0.1086      0.00      9.00     15.00     41.00      0.00
  2.0000   0.0200      108.5082    1.5229     32.00     76.00    148.00   1009.00      0.00      95.5444    1.3446     28.00     68.00    132.00   1009.00      0.00       6.4378    0.0719      1.00      6.00     10.00     26.00      0.00
  2.5000   0.0200      103.3614    1.4354     31.00     76.00    143.00   1078.00      0.00      97.5456    1.3444     29.00     72.00    135.00    835.00      0.00       5.1632    0.0554      1.00      6.00      8.00     20.00      0.00
  3.0000   0.0200       97.6236    1.3366     30.00     71.00    135.00    809.00      0.00      94.9724    1.3050     29.00     69.00    131.00    808.00      0.00       4.4086    0.0478      1.00      5.00      7.00     20.00      0.00
  0.5000   0.0300      154.0784    2.1910     47.00    107.00    207.00   1439.00      0.00      55.8996    0.7271     17.00     44.00     79.00    419.00      0.00      55.4994    0.8175      2.00     44.00     91.00    404.00      0.00
  1.0000   0.0300      100.2630    1.4118     30.00     71.00    137.00   1026.00      0.00      55.9260    0.7235     17.00     45.00     80.00    628.00      0.00      19.7890    0.2260      3.00     20.00     30.00    106.00      0.00
  1.5000   0.0300       79.0564    1.0779     24.00     58.00    108.00    952.00      0.00      55.4702    0.6980     17.00     45.00     80.00    430.00      0.00      11.4044    0.1162      6.00     10.00     17.00     48.00      0.00
  2.0000   0.0300       67.1764    0.9200     21.00     51.00     93.00    762.00      0.00      54.8898    0.7199     17.00     43.00     79.00    761.00      0.00       7.8716    0.0747      5.00      8.00     10.00     35.00      0.00
  2.5000   0.0300       61.5976    0.7875     19.00     49.00     88.00    537.00      0.00      56.4978    0.7257     17.00     45.00     81.00    536.00      0.00       6.5578    0.0566      5.00      7.00      9.00     28.00      0.00
  3.0000   0.0300       57.4298    0.7177     18.00     46.00     83.00    420.00      0.00      55.2622    0.6964     17.00     44.00     80.00    419.00      0.00       5.8870    0.0516      3.00      6.00      9.00     26.00      0.00
  0.5000   0.0400      118.1842    1.6463     37.00     85.00    160.00   1072.00      0.00      36.8652    0.4563     11.00     30.00     56.00    248.00      0.00      66.3824    0.8505      7.00     59.00    103.00    436.00      0.00
  1.0000   0.0400       73.1166    1.0213     22.00     53.00     99.00    781.00      0.00      37.1030    0.4583     11.00     30.00     55.00    347.00      0.00      22.5076    0.2280     10.00     22.00     32.00     97.00      0.00
  1.5000   0.0400       55.8912    0.7746     16.00     41.00     77.00    575.00      0.00      36.3636    0.4564     10.00     29.00     54.00    295.00      0.00      12.5550    0.1150      8.00     11.00     18.00     53.00      0.00
  2.0000   0.0400       45.4348    0.6105     14.00     35.00     65.00    562.00      0.00      36.6912    0.4661     11.00     30.00     55.00    396.00      0.00       8.8186    0.0756      6.00      9.00     10.00     37.00      0.00
  2.5000   0.0400       40.6424    0.5228     12.00     32.00     58.00    449.00      0.00      36.3474    0.4503     11.00     29.00     54.00    251.00      0.00       7.3678    0.0577      5.00      8.00     10.00     37.00      0.00
  3.0000   0.0400       38.8032    0.4788     12.00     32.00     57.00    303.00      0.00      36.8158    0.4572     11.00     30.00     55.00    302.00      0.00       6.7682    0.0525      5.00      7.00     10.00     36.00      0.00
  0.5000   0.0500       91.0654    1.2212     30.00     65.00    124.00    671.00      0.00      26.6660    0.3447      7.00     20.00     41.00    249.00      0.00      75.6758    0.8897     22.00     68.00    112.00    456.00      0.00
  1.0000   0.0500       55.3150    0.7572     15.00     40.00     78.00    567.00      0.00      26.5756    0.3532      7.00     20.00     39.00    362.00      0.00      25.2380    0.2352     14.00     24.00     35.00    113.00      0.00
  1.5000   0.0500       40.9408    0.5576     10.00     30.00     59.00    338.00      0.00      26.4222    0.3475      6.00     20.00     40.00    202.00      0.00      13.6344    0.1211      9.00     11.00     19.00     74.00      0.00
  2.0000   0.0500       33.6532    0.4434     10.00     26.00     48.00    363.00      0.00      27.0256    0.3512      7.00     21.00     40.00    241.00      0.00       9.3848    0.0757      7.00     10.00     11.00     42.00      0.00
  2.5000   0.0500       29.9698    0.3827      9.00     23.00     44.00    275.00      0.00      26.9202    0.3489      7.00     21.00     40.00    274.00      0.00       8.0400    0.0598      6.00      9.00     10.00     44.00      0.00
  3.0000   0.0500       28.7604    0.3658      8.00     22.00     43.00    279.00      0.00      26.9552    0.3471      7.00     21.00     41.00    188.00      0.00       7.3392    0.0554      6.00      8.00     10.00     48.00      0.00
