Amp Radius  OC_Mean OC_Std OC_Q1 OC_Med OC_Q3 OC_Max OC_Min  Exp_Mean Exp_Std Exp_Q1 Exp_Med Exp_Q3 Exp_Max Exp_Min  Num_Mean Num_Std Num_Q1 Num_Med Num_Q3 Num_Max Num_Min
  0.5000   0.0200      194.8136    2.6524     61.00    137.00    271.00   1432.00      0.00      22.4026    0.2810      8.00     18.00     31.00    211.00      0.00      40.7662    0.6276      4.00     24.00     66.00    275.00      0.00
  1.0000   0.0200       85.7236    1.1775     26.00     60.00    116.00    706.00      0.00      22.2856    0.2603      8.00     18.00     31.00    178.00      0.00      18.8402    0.1836      8.00     19.00     27.00     71.00      0.00
  1.5000   0.0200       52.3898    0.7281     17.00     37.00     70.00    469.00      0.00      21.8424    0.2654      8.00     18.00     30.00    220.00      0.00      11.4436    0.0916      7.00     11.00     16.00     41.00      0.00
  2.0000   0.0200       36.7162    0.4848     13.00     27.00     49.00    362.00      0.00      21.9112    0.2590      8.00     18.00     30.00    158.00      0.00       8.2124    0.0594      6.00      8.00     11.00     27.00      0.00
  2.5000   0.0200       28.6960    0.3595     11.00     22.00     39.00    275.00      0.00      21.8784    0.2581      8.00     18.00     31.00    192.00      0.00       6.6502    0.0438      5.00      7.00      9.00     21.00      0.00
  3.0000   0.0200       24.8194    0.2904     10.00     20.00     34.00    209.00      0.00      21.6082    0.2540      8.00     18.00     30.00    208.00      0.00       6.0036    0.0406      5.00      6.00      8.00     16.00      0.00
  0.5000   0.0300      121.8978    1.6965     38.00     84.00    165.00   1234.00      0.00      10.8604    0.1235      4.00      9.00     16.00     99.00      0.00      58.8360    0.7038     15.00     52.00     88.00    418.00      0.00
  1.0000   0.0300       47.4528    0.6603     15.00     33.00     63.00    547.00      0.00      11.0194    0.1208      4.00      9.00     16.00     90.00      0.00      22.7050    0.1890     14.00     22.00     31.00     98.00      0.00
  1.5000   0.0300       27.4776    0.3449     10.00     20.00     38.00    192.00      0.00      10.8208    0.1200      4.00      9.00     16.00     67.00      0.00      12.9400    0.0942      9.00     12.00     17.00     46.00      0.00
  2.0000   0.0300       19.1288    0.2326      7.00     15.00     26.00    171.00      0.00      11.0014    0.1222      4.00      9.00     16.00     79.00      0.00       9.2392    0.0605      7.00      9.00     11.00     33.00      0.00
  2.5000   0.0300       15.0902    0.1762      6.00     12.00     21.00    140.00      0.00      10.8992    0.1216      4.00      9.00     16.00     89.00      0.00       7.7842    0.0456      6.00      8.00     10.00     24.00      0.00
  3.0000   0.0300       12.9040    0.1413      5.00     11.00     18.00    104.00      0.00      10.7758    0.1192      4.00      9.00     16.00     82.00      0.00       7.0928    0.0437      6.00      7.00     10.00     28.00      0.00
  0.5000   0.0400       80.9846    1.0481     29.00     60.00    108.00    702.00      0.00       7.0792    0.0794      3.00      6.00     10.00     43.00      0.00      69.2718    0.7166     31.00     62.00    100.00    359.00      0.00
  1.0000   0.0400       30.1240    0.3880     11.00     22.00     40.00    283.00      0.00       7.0518    0.0799      2.00      6.00     10.00     40.00      0.00      24.6544    0.1887     16.00     23.00     33.00    100.00      0.00
  1.5000   0.0400       17.6672    0.2190      7.00     13.00     24.00    144.00      0.00       7.1536    0.0802      3.00      6.00     10.00     41.00      0.00      13.8582    0.0965     10.00     12.00     18.00     56.00      0.00
  2.0000   0.0400       12.2174    0.1412      5.00     10.00     17.00    157.00      0.00       7.0972    0.0784      3.00      6.00     10.00     35.00      0.00       9.9378    0.0618      7.00     10.00     11.00     42.00      0.00
  2.5000   0.0400        9.8778    0.1058      4.00      8.00     14.00     63.00      0.00       7.1140    0.0810      3.00      6.00     10.00     38.00      0.00       8.3540    0.0494      6.00      9.00     10.00     28.00      0.00
  3.0000   0.0400        8.5876    0.0884      4.00      7.00     12.00     50.00      0.00       6.9458    0.0769      3.00      6.00     10.00     49.00      0.00       7.8302    0.0458      6.00      9.00     10.00     24.00      0.00
  0.5000   0.0500       58.4756    0.7509     22.00     43.00     77.00    631.00      0.00       5.1164    0.0601      2.00      4.00      7.00     41.00      0.00      75.5326    0.7248     38.00     69.00    104.00    382.00      0.00
  1.0000   0.0500       21.4104    0.2693      8.00     16.00     28.00    285.00      0.00       5.1444    0.0599      2.00      4.00      7.00     29.00      0.00      26.0242    0.1930     17.00     25.00     34.00     97.00      0.00
  1.5000   0.0500       12.7056    0.1514      5.00     10.00     17.00    120.00      0.00       5.1502    0.0594      2.00      4.00      7.00     36.00      0.00      14.5426    0.1017     10.00     13.00     19.00     69.00      0.00
  2.0000   0.0500        8.9012    0.0996      4.00      7.00     12.00     73.00      0.00       5.1268    0.0596      2.00      4.00      7.00     31.00      0.00      10.4836    0.0671      8.00     10.00     12.00     44.00      0.00
  2.5000   0.0500        7.2534    0.0766      3.00      6.00     10.00     57.00      0.00       5.0702    0.0585      2.00      4.00      7.00     31.00      0.00       9.1000    0.0546      7.00     10.00     10.00     33.00      0.00
  3.0000   0.0500        6.4312    0.0671      3.00      5.00      9.00     38.00      0.00       5.0604    0.0601      2.00      4.00      7.00     36.00      0.00       8.3560    0.0544      6.00      9.00     10.00     27.00      0.00
