Amp Radius  OC_Mean OC_Std OC_Q1 OC_Med OC_Q3 OC_Max OC_Min  Exp_Mean Exp_Std Exp_Q1 Exp_Med Exp_Q3 Exp_Max Exp_Min  Num_Mean Num_Std Num_Q1 Num_Med Num_Q3 Num_Max Num_Min
  0.5000   0.0200      196.4242    2.7141     59.00    137.00    272.00   1305.00      0.00      62.0282    0.8702     19.00     44.00     85.00    557.00      0.00      40.0000    0.6625      1.00     19.00     70.00    265.00      0.00
  1.0000   0.0200      114.9596    1.6488     34.00     79.00    157.00   1288.00      0.00      59.1776    0.8241     17.00     43.00     82.00    698.00      0.00      17.2306    0.1955      2.00     17.00     27.00     73.00      0.00
  1.5000   0.0200       88.5812    1.2895     26.00     61.00    120.00   1008.00      0.00      60.9996    0.8945     17.00     43.00     84.00    987.00      0.00      10.3106    0.1045      5.00     10.00     16.00     40.00      0.00
  2.0000   0.0200       75.3906    1.0620     23.00     53.00    103.00    829.00      0.00      61.7804    0.8841     19.00     44.00     84.00    715.00      0.00       7.1284    0.0695      4.00      7.00     10.00     27.00      0.00
  2.5000   0.0200       67.7302    0.9305     21.00     49.00     93.00    704.00      0.00      61.4614    0.8641     18.00     45.00     85.00    703.00      0.00       5.7924    0.0517      4.00      6.00      8.00     21.00      0.00
  3.0000   0.0200       63.7114    0.8972     19.00     45.00     88.00    564.00      0.00      60.8752    0.8692     18.00     43.00     84.00    563.00      0.00       5.0174    0.0452      2.00      6.00      7.00     17.00      0.00
  0.5000   0.0300      130.5152    1.8196     41.00     92.00    179.00   1220.00      0.00      29.8550    0.4066      9.00     23.00     42.00    327.00      0.00      57.9218    0.7599      7.00     50.00     90.00    339.00      0.00
  1.0000   0.0300       71.1840    1.0150     22.00     50.00     96.00    633.00      0.00      29.8150    0.3912     10.00     24.00     42.00    280.00      0.00      21.5212    0.2145     10.00     21.00     31.00     99.00      0.00
  1.5000   0.0300       48.8588    0.6594     15.00     35.00     67.00    396.00      0.00      29.2956    0.3786      9.00     23.00     42.00    261.00      0.00      12.0162    0.1057      7.00     11.00     17.00     46.00      0.00
  2.0000   0.0300       38.2594    0.4899     13.00     29.00     53.00    374.00      0.00      29.4610    0.3780      9.00     23.00     42.00    373.00      0.00       8.6232    0.0680      6.00      9.00     11.00     37.00      0.00
  2.5000   0.0300       34.0490    0.4502     12.00     27.00     46.00    588.00      0.00      29.7518    0.3980     10.00     24.00     41.00    506.00      0.00       7.1368    0.0518      6.00      7.00     10.00     43.00      0.00
  3.0000   0.0300       31.8026    0.4084     11.00     26.00     44.00    373.00      0.00      29.9796    0.3945     10.00     24.00     42.00    372.00      0.00       6.4386    0.0470      5.00      7.00      9.00     35.00      0.00
  0.5000   0.0400       90.7888    1.2518     29.00     64.00    122.00    803.00      0.00      17.5920    0.2230      5.00     14.00     25.00    194.00      0.00      69.1038    0.8131     19.00     61.00    102.00    370.00      0.00
  1.0000   0.0400       46.7584    0.6526     14.00     34.00     63.00    468.00      0.00      17.5092    0.2201      5.00     14.00     26.00    204.00      0.00      23.8124    0.2102     14.00     23.00     32.00     90.00      0.00
  1.5000   0.0400       32.1936    0.4419     10.00     24.00     43.00    306.00      0.00      17.6754    0.2293      5.00     14.00     26.00    305.00      0.00      13.3538    0.1069      9.00     12.00     18.00     56.00      0.00
  2.0000   0.0400       24.9304    0.3305      8.00     19.00     34.00    233.00      0.00      17.9818    0.2349      5.00     14.00     26.00    199.00      0.00       9.3804    0.0659      7.00     10.00     11.00     36.00      0.00
  2.5000   0.0400       21.3530    0.2720      7.00     17.00     30.00    249.00      0.00      18.0302    0.2308      5.00     15.00     26.00    248.00      0.00       7.8950    0.0499      6.00      9.00     10.00     27.00      0.00
  3.0000   0.0400       19.4574    0.2355      7.00     16.00     28.00    146.00      0.00      17.6716    0.2200      5.00     14.00     26.00    145.00      0.00       7.2866    0.0489      6.00      8.00     10.00     32.00      0.00
  0.5000   0.0500       68.8866    0.9293     24.00     49.00     92.00    701.00      0.00      12.5798    0.1617      3.00     10.00     19.00    127.00      0.00      78.1034    0.8120     36.00     72.00    110.00    408.00      0.00
  1.0000   0.0500       33.9240    0.4560     11.00     24.00     47.00    290.00      0.00      12.5044    0.1638      4.00     10.00     18.00    190.00      0.00      25.5528    0.2126     16.00     24.00     34.00    102.00      0.00
  1.5000   0.0500       22.5490    0.3062      7.00     16.00     31.00    251.00      0.00      12.0640    0.1557      3.00      9.00     18.00    102.00      0.00      13.9064    0.1065     10.00     12.00     19.00     50.00      0.00
  2.0000   0.0500       17.2080    0.2263      5.00     13.00     24.00    172.00      0.00      12.1236    0.1537      3.00      9.00     18.00    104.00      0.00       9.8782    0.0670      7.00     10.00     11.00     44.00      0.00
  2.5000   0.0500       14.6230    0.1805      5.00     11.00     21.00    114.00      0.00      11.9640    0.1500      3.00      9.00     18.00    114.00      0.00       8.3936    0.0524      6.00      9.00     10.00     39.00      0.00
  3.0000   0.0500       13.8946    0.1714      4.00     11.00     20.00    206.00      0.00      12.3146    0.1561      3.00     10.00     18.00     88.00      0.00       7.6958    0.0499      6.00      9.00     10.00     39.00      0.00
