Amp Radius  OC_Mean OC_Std OC_Q1 OC_Med OC_Q3 OC_Max OC_Min  Exp_Mean Exp_Std Exp_Q1 Exp_Med Exp_Q3 Exp_Max Exp_Min  Num_Mean Num_Std Num_Q1 Num_Med Num_Q3 Num_Max Num_Min
  0.5000   0.0200      207.0112    2.8506     64.00    146.00    285.00   1909.00      0.00      32.4758    0.5248      6.00     20.00     44.00    477.00      0.00      41.6760    0.6359      5.00     28.00     64.00    396.00      0.00
  1.0000   0.0200       77.6834    1.0842     26.00     54.00    104.00   1231.00      0.00      32.7010    0.5542      6.00     19.00     45.00    745.00      0.00      17.7536    0.1674      9.00     18.00     25.00     78.00      0.00
  1.5000   0.0200       49.4418    0.7040     15.00     33.00     68.00    538.00      0.00      31.2456    0.5101      6.00     19.00     44.00    371.00      0.00      10.4694    0.0816      7.00     10.00     14.00     31.00      0.00
  2.0000   0.0200       41.0742    0.6167     11.00     27.00     56.00    537.00      0.00      32.6664    0.5433      6.00     19.00     45.00    507.00      0.00       7.4404    0.0529      6.00      8.00     10.00     25.00      0.00
  2.5000   0.0200       36.7664    0.5744     10.00     23.00     49.00    471.00      0.00      32.3466    0.5447      7.00     19.00     44.00    471.00      0.00       6.1634    0.0434      5.00      6.00      8.00     18.00      0.00
  3.0000   0.0200       35.2348    0.5645      8.00     21.00     47.00    469.00      0.00      32.8638    0.5526      6.00     19.00     45.00    469.00      0.00       5.3666    0.0415      4.00      6.00      7.00     14.00      0.00
  0.5000   0.0300      129.8400    1.6721     46.00     94.00    175.00   1129.00      0.00      11.0806    0.1909      3.00      6.00     14.00    146.00      0.00      57.2458    0.6776     19.00     48.00     83.00    525.00      0.00
  1.0000   0.0300       39.4866    0.5039     16.00     28.00     52.00    352.00      0.00      11.3228    0.2049      3.00      6.00     14.00    207.00      0.00      20.1532    0.1532     13.00     20.00     27.00     73.00      0.00
  1.5000   0.0300       22.8158    0.3092      9.00     16.00     30.00    307.00      0.00      11.1494    0.1974      3.00      6.00     14.00    160.00      0.00      11.5456    0.0736      8.00     11.00     15.00     35.00      0.00
  2.0000   0.0300       16.6992    0.2299      6.00     11.00     21.00    172.00      0.00      10.9102    0.1889      3.00      6.00     13.00    157.00      0.00       8.5828    0.0481      7.00      9.00     11.00     26.00      0.00
  2.5000   0.0300       14.2126    0.2069      5.00      9.00     18.00    166.00      0.00      11.0552    0.1934      3.00      6.00     14.00    164.00      0.00       7.2826    0.0421      6.00      7.00     10.00     21.00      0.00
  3.0000   0.0300       13.0276    0.1984      4.00      8.00     16.00    177.00      0.00      11.1108    0.1946      3.00      6.00     14.00    176.00      0.00       6.5532    0.0432      5.00      7.00      9.00     23.00      0.00
  0.5000   0.0400       90.3298    1.1499     34.00     65.00    123.00    675.00      0.00       4.9524    0.0824      2.00      3.00      6.00     93.00      0.00      65.0396    0.6864     29.00     57.00     90.00    342.00      0.00
  1.0000   0.0400       24.0026    0.2695     11.00     19.00     31.00    198.00      0.00       4.9048    0.0795      2.00      3.00      6.00     95.00      0.00      21.3238    0.1504     14.00     20.00     28.00     80.00      0.00
  1.5000   0.0400       13.0786    0.1457      6.00     10.00     17.00    137.00      0.00       4.8772    0.0762      2.00      3.00      6.00     86.00      0.00      12.1870    0.0717      9.00     12.00     15.00     43.00      0.00
  2.0000   0.0400        9.5312    0.1136      5.00      8.00     12.00    116.00      0.00       5.0118    0.0828      2.00      4.00      6.00     91.00      0.00       9.1718    0.0492      7.00      9.00     11.00     27.00      0.00
  2.5000   0.0400        7.7008    0.0904      4.00      6.00      9.00     91.00      0.00       4.9788    0.0776      2.00      3.00      6.00     90.00      0.00       7.8946    0.0439      6.00      8.00     10.00     25.00      0.00
  3.0000   0.0400        6.7006    0.0836      3.00      5.00      8.00     88.00      0.00       4.9358    0.0787      2.00      3.00      6.00     86.00      0.00       7.1826    0.0447      5.00      7.00     10.00     19.00      0.00
  0.5000   0.0500       66.6612    0.8093     27.00     51.00     90.00    870.00      0.00       3.1408    0.0391      1.00      2.00      4.00     41.00      0.00      71.2758    0.7057     35.00     63.00     98.00    392.00      0.00
  1.0000   0.0500       17.5192    0.1811      9.00     14.00     23.00    133.00      0.00       3.1292    0.0423      1.00      2.00      4.00     58.00      0.00      22.4634    0.1556     15.00     21.00     29.00     92.00      0.00
  1.5000   0.0500        9.7106    0.0967      5.00      8.00     12.00     73.00      0.00       3.0114    0.0388      1.00      2.00      4.00     49.00      0.00      12.8794    0.0767     10.00     12.00     16.00     47.00      0.00
  2.0000   0.0500        6.8254    0.0647      4.00      6.00      9.00     60.00      0.00       3.0722    0.0407      1.00      2.00      4.00     54.00      0.00       9.7342    0.0510      8.00     10.00     12.00     32.00      0.00
  2.5000   0.0500        5.4808    0.0505      3.00      5.00      7.00     43.00      0.00       3.1204    0.0402      1.00      2.00      4.00     39.00      0.00       8.4334    0.0468      6.00      9.00     11.00     24.00      0.00
  3.0000   0.0500        4.6796    0.0434      3.00      4.00      6.00     44.00      0.00       3.0258    0.0377      1.00      2.00      4.00     33.00      0.00       7.7156    0.0489      6.00      8.00     10.00     24.00      0.00
