Amp Radius  OC_Mean OC_Std OC_Q1 OC_Med OC_Q3 OC_Max OC_Min  Exp_Mean Exp_Std Exp_Q1 Exp_Med Exp_Q3 Exp_Max Exp_Min  Num_Mean Num_Std Num_Q1 Num_Med Num_Q3 Num_Max Num_Min
  0.5000   0.0200      194.9494    2.6982     63.00    137.00    261.00   1703.00      0.00      40.0862    0.6489      8.00     25.00     57.00    577.00      0.00      42.9336    0.6530      4.00     29.00     68.00    315.00      0.00
  1.0000   0.0200       82.9170    1.1500     25.00     57.00    116.00    924.00      0.00      39.8630    0.6322      8.00     24.00     56.00    388.00      0.00      17.7576    0.1746      8.00     18.00     26.00     71.00      0.00
  1.5000   0.0200       58.2766    0.8428     16.00     39.00     79.00    592.00      0.00      40.9822    0.6457      8.00     26.00     58.00    459.00      0.00      10.5028    0.0878      7.00     11.00     14.00     39.00      0.00
  2.0000   0.0200       48.8486    0.7087     13.00     32.00     67.00    512.00      0.00      40.8540    0.6433      8.00     25.00     57.00    512.00      0.00       7.4442    0.0559      6.00      8.00     10.00     24.00      0.00
  2.5000   0.0200       44.5672    0.6973     10.00     28.00     61.00    513.00      0.00      40.8114    0.6693      8.00     25.00     57.00    513.00      0.00       6.1064    0.0458      5.00      6.00      8.00     19.00      0.00
  3.0000   0.0200       42.7468    0.6533     10.00     28.00     59.00    360.00      0.00      40.4752    0.6394      8.00     26.00     57.00    359.00      0.00       5.4216    0.0413      4.00      6.00      7.00     14.00      0.00
  0.5000   0.0300      117.5546    1.5169     42.00     86.00    159.00   1109.00      0.00      15.2918    0.2704      3.00      8.00     20.00    290.00      0.00      57.1698    0.6681     17.00     50.00     85.00    349.00      0.00
  1.0000   0.0300       41.6490    0.5456     15.00     30.00     56.00    407.00      0.00      14.9638    0.2570      3.00      8.00     20.00    176.00      0.00      20.7294    0.1625     13.00     20.00     28.00     89.00      0.00
  1.5000   0.0300       26.1930    0.3731      9.00     18.00     34.00    361.00      0.00      14.6470    0.2560      3.00      8.00     20.00    234.00      0.00      11.8496    0.0794      9.00     11.00     15.00     42.00      0.00
  2.0000   0.0300       20.1356    0.2923      7.00     13.00     26.00    188.00      0.00      14.9854    0.2626      3.00      8.00     20.00    188.00      0.00       8.6040    0.0516      7.00      9.00     11.00     29.00      0.00
  2.5000   0.0300       17.8678    0.2803      5.00     11.00     23.00    309.00      0.00      14.9978    0.2678      3.00      8.00     19.00    304.00      0.00       7.3068    0.0435      6.00      7.00     10.00     20.00      0.00
  3.0000   0.0300       17.1070    0.2870      5.00     10.00     21.00    254.00      0.00      15.4342    0.2828      3.00      8.00     20.00    252.00      0.00       6.6456    0.0426      5.00      7.00      9.00     22.00      0.00
  0.5000   0.0400       78.2684    0.9620     31.00     58.00    105.00    645.00      0.00       6.3954    0.1084      2.00      4.00      8.00    113.00      0.00      66.0958    0.6659     31.00     60.00     93.00    395.00      0.00
  1.0000   0.0400       24.8372    0.3084     10.00     19.00     32.00    364.00      0.00       6.5884    0.1190      2.00      4.00      8.00    173.00      0.00      22.1062    0.1592     14.00     22.00     29.00     77.00      0.00
  1.5000   0.0400       14.6422    0.1875      6.00     11.00     18.00    171.00      0.00       6.6658    0.1236      2.00      4.00      8.00    165.00      0.00      12.4062    0.0764      9.00     12.00     15.00     45.00      0.00
  2.0000   0.0400       10.5974    0.1408      5.00      8.00     13.00    246.00      0.00       6.4200    0.1110      2.00      4.00      8.00    108.00      0.00       9.2458    0.0492      7.00     10.00     11.00     28.00      0.00
  2.5000   0.0400        9.3430    0.1296      4.00      7.00     11.00    204.00      0.00       6.7756    0.1187      2.00      4.00      8.00    204.00      0.00       8.1038    0.0419      6.00      8.00     10.00     25.00      0.00
  3.0000   0.0400        8.4004    0.1268      3.00      6.00     10.00    168.00      0.00       6.6910    0.1236      2.00      4.00      8.00    166.00      0.00       7.4074    0.0426      6.00      8.00     10.00     24.00      0.00
  0.5000   0.0500       56.6196    0.6892     24.00     43.00     74.00    413.00      0.00       3.6934    0.0510      1.00      3.00      5.00     48.00      0.00      69.0884    0.6717     35.00     62.00     95.00    307.00      0.00
  1.0000   0.0500       17.6968    0.1955      8.00     14.00     23.00    125.00      0.00       3.7666    0.0588      1.00      3.00      5.00     93.00      0.00      22.7490    0.1545     15.00     22.00     29.00     78.00      0.00
  1.5000   0.0500       10.2020    0.1148      5.00      8.00     13.00    159.00      0.00       3.8806    0.0660      1.00      3.00      5.00    156.00      0.00      13.0516    0.0799     10.00     12.00     16.00     46.00      0.00
  2.0000   0.0500        7.3358    0.0829      4.00      6.00      9.00    130.00      0.00       3.7736    0.0611      1.00      3.00      5.00    111.00      0.00       9.7564    0.0515      8.00     10.00     11.00     35.00      0.00
  2.5000   0.0500        6.1386    0.0780      3.00      5.00      8.00    176.00      0.00       3.8660    0.0693      1.00      3.00      5.00    175.00      0.00       8.5292    0.0445      7.00      9.00     10.00     25.00      0.00
  3.0000   0.0500        5.4792    0.0667      3.00      4.00      7.00    115.00      0.00       3.9052    0.0627      1.00      3.00      5.00    114.00      0.00       7.8952    0.0460      6.00      9.00     10.00     25.00      0.00
