Amp Radius  OC_Mean OC_Std OC_Q1 OC_Med OC_Q3 OC_Max OC_Min  Exp_Mean Exp_Std Exp_Q1 Exp_Med Exp_Q3 Exp_Max Exp_Min  Num_Mean Num_Std Num_Q1 Num_Med Num_Q3 Num_Max Num_Min
  0.5000   0.0200      261.4694    3.6658     76.00    182.00    362.00   2000.00      0.00      12.9376    0.1369      5.00     11.00     18.00     97.00      0.00      33.9914    0.5319      6.00     20.00     49.00    267.00      0.00
  1.0000   0.0200       99.7450    1.3695     32.00     70.00    138.00    896.00      0.00      12.9240    0.1449      5.00     11.00     18.00    164.00      0.00      18.8208    0.1754      9.00     18.00     27.00     86.00      0.00
  1.5000   0.0200       49.0600    0.6500     17.00     36.00     66.00    437.00      0.00      12.8724    0.1396      5.00     11.00     18.00     99.00      0.00      11.2830    0.0840      7.00     11.00     15.00     38.00      0.00
  2.0000   0.0200       29.6314    0.3734     11.00     22.00     40.00    231.00      0.00      12.8850    0.1384      5.00     11.00     18.00     81.00      0.00       8.0148    0.0529      6.00      8.00     10.00     23.00      0.00
  2.5000   0.0200       21.1866    0.2531      9.00     16.00     28.00    237.00      0.00      12.9694    0.1380      6.00     11.00     18.00     95.00      0.00       6.6778    0.0421      5.00      7.00      9.00     17.00      0.00
  3.0000   0.0200       17.1278    0.1946      7.00     14.00     23.00    135.00      0.00      12.9778    0.1375      5.00     11.00     18.00    121.00      0.00       6.0520    0.0401      5.00      6.00      8.00     18.00      0.00
  0.5000   0.0300      185.8014    2.5696     57.00    126.00    260.00   1535.00      0.00       6.7482    0.0683      3.00      6.00     10.00     35.00      0.00      55.5628    0.6898     16.00     45.00     81.00    371.00      0.00
  1.0000   0.0300       51.4752    0.6717     18.00     38.00     69.00    707.00      0.00       6.7338    0.0698      3.00      6.00     10.00     35.00      0.00      21.8640    0.1723     13.00     21.00     29.00     88.00      0.00
  1.5000   0.0300       24.8866    0.3058     10.00     19.00     34.00    196.00      0.00       6.7388    0.0684      3.00      6.00     10.00     35.00      0.00      12.6070    0.0829      9.00     12.00     16.00     37.00      0.00
  2.0000   0.0300       15.2916    0.1779      6.00     12.00     20.00    139.00      0.00       6.7626    0.0694      3.00      6.00     10.00     39.00      0.00       9.0478    0.0546      7.00      9.00     11.00     32.00      0.00
  2.5000   0.0300       10.9926    0.1211      5.00      9.00     15.00     78.00      0.00       6.6432    0.0689      3.00      6.00     10.00     42.00      0.00       7.5932    0.0435      6.00      8.00     10.00     21.00      0.00
  3.0000   0.0300        9.1538    0.0901      4.00      8.00     12.00     55.00      0.00       6.7626    0.0688      3.00      6.00     10.00     41.00      0.00       7.0376    0.0440      5.00      7.00     10.00     22.00      0.00
  0.5000   0.0400      128.9530    1.6933     45.00     96.00    176.00   1245.00      0.00       4.4152    0.0461      2.00      4.00      6.00     22.00      0.00      68.9846    0.7419     29.00     59.00     97.00    408.00      0.00
  1.0000   0.0400       31.7702    0.3922     12.00     24.00     42.00    277.00      0.00       4.3622    0.0454      2.00      4.00      6.00     21.00      0.00      23.7390    0.1763     15.00     23.00     31.00    101.00      0.00
  1.5000   0.0400       15.5432    0.1771      6.00     12.00     21.00    106.00      0.00       4.3982    0.0453      2.00      4.00      6.00     27.00      0.00      13.3758    0.0849     10.00     13.00     17.00     48.00      0.00
  2.0000   0.0400       10.0952    0.1098      4.00      8.00     13.00     71.00      0.00       4.4084    0.0462      2.00      4.00      6.00     24.00      0.00       9.6624    0.0562      7.00     10.00     12.00     32.00      0.00
  2.5000   0.0400        7.4740    0.0737      4.00      6.00     10.00     45.00      0.00       4.4830    0.0463      2.00      4.00      6.00     25.00      0.00       8.3986    0.0484      6.00      9.00     10.00     24.00      0.00
  3.0000   0.0400        6.1912    0.0581      3.00      5.00      8.00     34.00      0.00       4.4640    0.0467      2.00      4.00      6.00     21.00      0.00       7.7354    0.0512      6.00      8.00     10.00     26.00      0.00
  0.5000   0.0500       96.4326    1.2936     34.00     69.00    130.00   1088.00      0.00       3.3076    0.0338      1.00      3.00      5.00     17.00      0.00      78.8828    0.8036     37.00     69.00    108.00    424.00      0.00
  1.0000   0.0500       22.6396    0.2632     10.00     17.00     30.00    219.00      0.00       3.2652    0.0339      1.00      3.00      4.00     18.00      0.00      24.7816    0.1797     16.00     23.00     32.00     90.00      0.00
  1.5000   0.0500       11.3332    0.1252      5.00      9.00     15.00     79.00      0.00       3.2068    0.0328      1.00      3.00      4.00     15.00      0.00      13.9148    0.0888     10.00     13.00     18.00     49.00      0.00
  2.0000   0.0500        7.3404    0.0733      4.00      6.00     10.00     43.00      0.00       3.2350    0.0336      1.00      3.00      4.00     22.00      0.00      10.2628    0.0605      8.00     10.00     12.00     39.00      0.00
  2.5000   0.0500        5.6278    0.0526      3.00      5.00      7.00     37.00      0.00       3.2428    0.0331      1.00      3.00      4.00     17.00      0.00       8.9370    0.0550      7.00      9.00     11.00     32.00      0.00
  3.0000   0.0500        4.7194    0.0406      3.00      4.00      6.00     25.00      0.00       3.2334    0.0333      1.00      3.00      4.00     17.00      0.00       8.3712    0.0582      6.00      9.00     10.00     29.00      0.00
