Amp Radius  OC_Mean OC_Std OC_Q1 OC_Med OC_Q3 OC_Max OC_Min  Exp_Mean Exp_Std Exp_Q1 Exp_Med Exp_Q3 Exp_Max Exp_Min  Num_Mean Num_Std Num_Q1 Num_Med Num_Q3 Num_Max Num_Min
  0.5000   0.0200      187.5734    2.6087     58.00    132.00    256.00   2000.00      0.00      49.8680    0.6386     17.00     39.00     70.00    450.00      0.00      41.5738    0.6791      2.00     21.00     72.00    306.00      0.00
  1.0000   0.0200      108.8594    1.4920     34.00     75.00    152.00    883.00      0.00      49.5850    0.6453     17.00     39.00     68.00    571.00      0.00      17.7538    0.1973      3.00     18.00     27.00     78.00      0.00
  1.5000   0.0200       79.7678    1.0894     26.00     57.00    109.00    690.00      0.00      49.6148    0.6358     17.00     39.00     68.00    416.00      0.00      10.5724    0.1026      5.00     11.00     16.00     40.00      0.00
  2.0000   0.0200       65.6240    0.8886     21.00     48.00     90.00    651.00      0.00      50.4874    0.6512     17.00     39.00     70.00    604.00      0.00       7.5046    0.0671      5.00      7.00     10.00     26.00      0.00
  2.5000   0.0200       56.2170    0.7374     19.00     42.00     76.00    640.00      0.00      49.2580    0.6413     17.00     38.00     68.00    640.00      0.00       6.0930    0.0504      5.00      6.00      8.00     19.00      0.00
  3.0000   0.0200       52.9818    0.6789     19.00     41.00     73.00    556.00      0.00      49.5040    0.6296     17.00     38.00     69.00    492.00      0.00       5.2814    0.0445      3.00      6.00      7.00     19.00      0.00
  0.5000   0.0300      121.6964    1.6539     40.00     87.00    164.00   1077.00      0.00      25.2816    0.2961      8.00     21.00     37.00    240.00      0.00      61.1584    0.7739      8.00     54.00     95.00    303.00      0.00
  1.0000   0.0300       66.7798    0.9283     21.00     48.00     91.00    905.00      0.00      26.0648    0.3114      9.00     22.00     38.00    302.00      0.00      22.7740    0.2171     12.00     22.00     32.00     99.00      0.00
  1.5000   0.0300       45.9072    0.5934     16.00     35.00     62.00    457.00      0.00      26.1714    0.3041      9.00     22.00     38.00    207.00      0.00      12.6388    0.1077      8.00     12.00     17.00     49.00      0.00
  2.0000   0.0300       35.9504    0.4620     13.00     28.00     49.00    332.00      0.00      25.4514    0.2900      9.00     21.00     37.00    193.00      0.00       8.8910    0.0672      6.00      9.00     10.00     33.00      0.00
  2.5000   0.0300       30.8862    0.3707     11.00     25.00     44.00    255.00      0.00      26.0954    0.3044      9.00     22.00     38.00    255.00      0.00       7.3166    0.0507      6.00      7.00     10.00     34.00      0.00
  3.0000   0.0300       28.1872    0.3209     10.00     23.00     41.00    213.00      0.00      25.9800    0.2982      9.00     22.00     38.00    213.00      0.00       6.6798    0.0477      5.00      7.00     10.00     35.00      0.00
  0.5000   0.0400       90.7536    1.2339     31.00     66.00    122.00   1002.00      0.00      16.9486    0.2030      5.00     14.00     25.00    114.00      0.00      72.6504    0.8207     27.00     65.00    106.00    427.00      0.00
  1.0000   0.0400       44.8210    0.6116     15.00     33.00     61.00    487.00      0.00      17.1518    0.2084      6.00     14.00     25.00    182.00      0.00      25.1526    0.2181     15.00     24.00     34.00    107.00      0.00
  1.5000   0.0400       29.8574    0.3951     10.00     22.00     41.00    223.00      0.00      16.6152    0.1995      5.00     13.00     25.00    104.00      0.00      13.5636    0.1077      9.00     12.00     18.00     51.00      0.00
  2.0000   0.0400       23.3454    0.2860      8.00     19.00     33.00    204.00      0.00      17.0740    0.2032      5.00     14.00     26.00    144.00      0.00       9.5820    0.0690      7.00     10.00     11.00     43.00      0.00
  2.5000   0.0400       20.6506    0.2530      7.00     16.00     30.00    229.00      0.00      17.2476    0.2069      5.00     14.00     25.00    139.00      0.00       8.1170    0.0510      6.00      9.00     10.00     33.00      0.00
  3.0000   0.0400       18.6748    0.2179      6.00     15.00     27.00    126.00      0.00      16.8740    0.2031      5.00     13.00     25.00    125.00      0.00       7.3822    0.0489      6.00      8.00     10.00     43.00      0.00
  0.5000   0.0500       66.5786    0.8768     23.00     48.00     89.00    729.00      0.00      12.4146    0.1563      3.00      9.00     18.00     76.00      0.00      80.7526    0.8506     37.00     73.00    114.00    427.00      0.00
  1.0000   0.0500       32.6340    0.4404     10.00     24.00     45.00    354.00      0.00      12.0682    0.1552      3.00      9.00     18.00    107.00      0.00      26.6478    0.2192     16.00     25.00     35.00    115.00      0.00
  1.5000   0.0500       22.3406    0.2855      7.00     17.00     31.00    186.00      0.00      12.2322    0.1534      3.00      9.00     18.00     77.00      0.00      14.3934    0.1122     10.00     12.00     19.00     53.00      0.00
  2.0000   0.0500       16.9528    0.2165      5.00     13.00     24.00    164.00      0.00      12.2874    0.1556      3.00      9.00     18.00     80.00      0.00      10.1992    0.0715      7.00     10.00     11.00     48.00      0.00
  2.5000   0.0500       14.6436    0.1768      5.00     11.00     21.00    140.00      0.00      11.9920    0.1488      3.00      9.00     18.00     62.00      0.00       8.7668    0.0562      7.00     10.00     10.00     50.00      0.00
  3.0000   0.0500       13.5854    0.1642      4.00     10.00     20.00    105.00      0.00      12.0448    0.1515      3.00      9.00     18.00     65.00      0.00       7.9324    0.0524      6.00      9.00     10.00     33.00      0.00
