a b  OC_Mean OC_Std OC_Q1 OC_Med OC_Q3 OC_Max OC_Min  Exp_Mean Exp_Std Exp_Q1 Exp_Med Exp_Q3 Exp_Max Exp_Min  Num_Mean Num_Std Num_Q1 Num_Med Num_Q3 Num_Max Num_Min
  0.1000   0.0500       10.6744    0.0255     10.00     11.00     12.00     17.00      0.00       2.7176    0.0120      2.00      3.00      3.00      6.00      0.00     185.0730    0.7861    153.00    190.00    223.00    337.00      0.00
  0.0100   0.0500       23.1780    0.0716     21.00     24.00     26.00     38.00      0.00       2.7096    0.0119      2.00      3.00      3.00      7.00      0.00     724.0388    3.0641    620.00    748.00    862.00   1295.00      0.00
  0.0010   0.0500       36.7050    0.1647     30.00     36.00     44.00     83.00      0.00       2.7216    0.0121      2.00      3.00      3.00      7.00      0.00    1384.0858    7.8436   1047.00   1364.00   1721.00   3531.00      0.00
  0.1000   0.0050       18.0024    0.0648     15.00     18.00     21.00     32.00      0.00       6.3298    0.0423      4.00      6.00      8.00     17.00      0.00      64.7866    0.4733     41.00     61.00     85.00    203.00      0.00
  0.0100   0.0050       37.4588    0.1452     32.00     38.00     44.00     75.00      0.00       6.2900    0.0423      4.00      6.00      8.00     17.00      0.00     388.6988    2.4489    289.00    401.00    503.00    967.00      0.00
  0.0010   0.0050       59.4254    0.2899     49.00     61.00     73.00    122.00      0.00       6.2872    0.0431      4.00      6.00      8.00     18.00      0.00    1070.4678    8.0956    725.00   1091.00   1443.00   3648.00      0.00
  0.1000   0.0005       30.1886    0.1427     23.00     31.00     37.00     70.00      0.00      11.9756    0.1051      6.00     11.00     17.00     54.00      0.00      24.3930    0.2553     12.00     21.00     31.00    136.00      0.00
  0.0100   0.0005       69.5804    0.3940     51.00     70.00     89.00    178.00      0.00      11.7960    0.1020      6.00     11.00     17.00     53.00      0.00     157.7158    1.5149     89.00    152.00    219.00    729.00      0.00
  0.0010   0.0005      118.1356    0.7619     83.00    119.00    155.00    330.00      0.00      11.9954    0.1032      6.00     11.00     17.00     47.00      0.00     658.7176    7.2925    129.00    659.00    996.00   3489.00      0.00
