Amp Area Crescent  OC_Mean OC_Std OC_Q1 OC_Med OC_Q3 OC_Max OC_Min  Exp_Mean Exp_Std Exp_Q1 Exp_Med Exp_Q3 Exp_Max Exp_Min  Num_Mean Num_Std Num_Q1 Num_Med Num_Q3 Num_Max Num_Min
  0.5000   0.0200   2.0000       33.8830    0.3997     15.00     26.00     44.00    325.00      0.00       2.1094    0.0218      1.00      2.00      3.00     13.00      0.00      86.3896    0.7639     48.00     78.00    114.00    390.00      0.00
  0.5000   0.0200   1.9000       34.1896    0.3952     15.00     27.00     45.00    293.00      0.00       2.1236    0.0217      1.00      2.00      3.00     15.00      0.00      87.1298    0.7782     48.00     78.00    116.00    438.00      0.00
  0.5000   0.0200   1.8000       34.1558    0.3921     15.00     26.00     44.00    268.00      0.00       2.1614    0.0224      1.00      2.00      3.00     13.00      0.00      86.9628    0.7510     49.00     79.00    116.00    416.00      0.00
  0.5000   0.0200   1.7000       33.4206    0.3759     15.00     26.00     44.00    233.00      0.00       2.1214    0.0229      1.00      2.00      3.00     17.00      0.00      86.2780    0.7513     48.00     78.00    115.00    338.00      0.00
  0.5000   0.0200   1.6000       34.5424    0.3971     15.00     27.00     46.00    443.00      0.00       2.1366    0.0222      1.00      2.00      3.00     17.00      0.00      87.8636    0.7477     50.00     80.00    117.00    361.00      0.00
  0.5000   0.0200   1.5000       34.1682    0.3897     15.00     27.00     45.00    276.00      0.00       2.1542    0.0224      1.00      2.00      3.00     17.00      0.00      85.8556    0.7229     49.00     78.00    114.00    427.00      0.00
  0.5000   0.0200   1.4000       34.0190    0.3914     15.00     26.00     45.00    444.00      0.00       2.1546    0.0230      1.00      2.00      3.00     19.00      0.00      86.7498    0.7537     48.00     79.00    115.00    415.00      0.00
  0.5000   0.0200   1.3000       35.0696    0.3967     16.00     28.00     47.00    267.00      0.00       2.1386    0.0228      1.00      2.00      3.00     17.00      0.00      86.7658    0.7678     48.00     77.00    116.00    398.00      0.00
  0.5000   0.0200   1.2000       35.2262    0.4237     15.00     27.00     46.00    312.00      0.00       2.1706    0.0236      1.00      2.00      3.00     18.00      0.00      86.3692    0.7456     49.00     78.00    115.00    412.00      0.00
  0.5000   0.0200   1.1000       34.7896    0.4256     15.00     26.00     45.00    421.00      0.00       2.1778    0.0241      1.00      2.00      3.00     20.00      0.00      85.3346    0.7508     47.00     77.00    114.00    365.00      0.00
  0.5000   0.0200   1.0000       36.4122    0.4711     15.00     27.00     46.00    453.00      0.00       2.1716    0.0254      1.00      2.00      3.00     23.00      0.00      87.0302    0.7637     49.00     78.00    117.00    460.00      0.00
  0.5000   0.0200   0.9000       36.7612    0.4881     15.00     28.00     48.00    501.00      0.00       2.3020    0.0293      1.00      2.00      3.00     45.00      0.00      87.1718    0.7727     47.00     79.00    117.00    405.00      0.00
  0.5000   0.0200   0.8000       38.1202    0.5724     16.00     28.00     48.00    734.00      0.00       2.3698    0.0352      1.00      2.00      3.00     55.00      0.00      85.7572    0.7445     48.00     78.00    113.00    368.00      0.00
  0.5000   0.0200   0.7000       40.3098    0.6712     16.00     28.00     49.00    893.00      0.00       2.5022    0.0407      1.00      2.00      3.00     44.00      0.00      86.5158    0.7802     47.00     77.00    116.00    396.00      0.00
  0.5000   0.0200   0.6000       43.1380    0.8477     16.00     29.00     49.00    870.00      0.00       2.6876    0.0632      1.00      2.00      3.00    128.00      0.00      84.4030    0.7684     45.00     76.00    114.00    368.00      0.00
  0.5000   0.0200   0.5000       45.5250    0.8690     17.00     30.00     53.00   1141.00      0.00       3.2186    0.1107      1.00      2.00      3.00    176.00      0.00      86.9062    0.7709     48.00     79.00    117.00    420.00      0.00
  0.5000   0.0200   0.4000       50.2982    1.1329     17.00     31.00     54.00   1646.00      0.00       3.9650    0.1753      1.00      2.00      3.00    301.00      0.00      84.7726    0.7895     44.00     76.00    115.00    409.00      0.00
  0.5000   0.0200   0.3000       58.7386    1.5250     17.00     32.00     59.00   2000.00      0.00       5.1094    0.2967      1.00      2.00      3.00    792.00      0.00      83.0900    0.8089     42.00     74.00    115.00    362.00      0.00
  0.5000   0.0200   0.2000       68.0686    1.6754     19.00     35.00     65.00   1941.00      0.00       7.7310    0.5131      1.00      2.00      4.00    832.00      0.00      82.1250    0.8194     40.00     75.00    114.00    544.00      0.00
  0.5000   0.0200   0.1000      100.7510    2.5173     23.00     43.00     91.00   2000.00      0.00      16.2880    1.0304      1.00      2.00      5.00   1907.00      0.00      80.9900    0.9136     32.00     72.00    115.00    528.00      0.00
  0.5000   0.0300   2.0000       25.8096    0.2762     12.00     21.00     33.00    183.00      0.00       1.6896    0.0160      1.00      1.00      2.00     12.00      0.00      90.3812    0.7649     51.00     82.00    119.00    390.00      0.00
  0.5000   0.0300   1.9000       25.8620    0.2870     12.00     20.00     33.00    243.00      0.00       1.6762    0.0156      1.00      1.00      2.00     11.00      0.00      90.5898    0.7687     52.00     82.00    119.00    396.00      0.00
  0.5000   0.0300   1.8000       26.1408    0.2888     12.00     21.00     34.00    238.00      0.00       1.6724    0.0157      1.00      1.00      2.00     12.00      0.00      90.2140    0.7699     51.00     81.00    120.00    435.00      0.00
  0.5000   0.0300   1.7000       26.0864    0.2861     12.00     21.00     33.00    169.00      0.00       1.6604    0.0154      1.00      1.00      2.00     12.00      0.00      92.1438    0.7836     53.00     83.00    121.00    441.00      0.00
  0.5000   0.0300   1.6000       26.3448    0.2956     13.00     21.00     33.00    397.00      0.00       1.6796    0.0159      1.00      1.00      2.00     12.00      0.00      91.7554    0.7762     52.00     82.00    122.00    414.00      0.00
  0.5000   0.0300   1.5000       26.0572    0.2943     13.00     21.00     33.00    264.00      0.00       1.6956    0.0165      1.00      1.00      2.00     15.00      0.00      91.0914    0.7857     52.00     81.00    120.00    443.00      0.00
  0.5000   0.0300   1.4000       26.8530    0.2961     13.00     21.00     35.00    242.00      0.00       1.6966    0.0164      1.00      1.00      2.00     11.00      0.00      92.3698    0.7921     53.00     83.00    121.00    367.00      0.00
  0.5000   0.0300   1.3000       26.8742    0.2983     13.00     22.00     35.00    270.00      0.00       1.6768    0.0160      1.00      1.00      2.00     13.00      0.00      92.5168    0.7766     53.00     85.00    121.00    451.00      0.00
  0.5000   0.0300   1.2000       26.6876    0.2985     13.00     21.00     34.00    294.00      0.00       1.7082    0.0168      1.00      1.00      2.00     11.00      0.00      91.5928    0.7851     52.00     81.00    124.00    490.00      0.00
  0.5000   0.0300   1.1000       27.0004    0.3087     12.00     21.00     35.00    263.00      0.00       1.7286    0.0179      1.00      1.00      2.00     16.00      0.00      92.2360    0.7747     52.00     83.00    124.00    402.00      0.00
  0.5000   0.0300   1.0000       28.1428    0.3490     13.00     22.00     36.00    368.00      0.00       1.7390    0.0182      1.00      1.00      2.00     16.00      0.00      90.7530    0.7688     52.00     83.00    121.00    428.00      0.00
  0.5000   0.0300   0.9000       29.9924    0.4780     13.00     22.00     36.00    670.00      0.00       1.8196    0.0231      1.00      1.00      2.00     28.00      0.00      92.2828    0.7971     52.00     83.00    123.00    395.00      0.00
  0.5000   0.0300   0.8000       30.1266    0.4938     13.00     23.00     36.00   1082.00      0.00       1.8708    0.0260      1.00      1.00      2.00     29.00      0.00      91.7650    0.7808     52.00     82.00    121.00    382.00      0.00
  0.5000   0.0300   0.7000       31.9790    0.5748     13.00     22.00     37.00    791.00      0.00       2.0016    0.0347      1.00      1.00      2.00     74.00      0.00      90.5676    0.7638     53.00     82.00    120.00    418.00      0.00
  0.5000   0.0300   0.6000       34.7198    0.7442     13.00     23.00     38.00   1114.00      0.00       2.1844    0.0432      1.00      1.00      2.00     47.00      0.00      90.0956    0.7940     50.00     82.00    121.00    460.00      0.00
  0.5000   0.0300   0.5000       39.6094    1.0672     14.00     24.00     39.00   1443.00      0.00       2.4876    0.0706      1.00      1.00      2.00    181.00      0.00      89.4516    0.7890     49.00     80.00    122.00    409.00      0.00
  0.5000   0.0300   0.4000       45.2716    1.2302     14.00     25.00     44.00   1553.00      0.00       3.1076    0.1221      1.00      1.00      3.00    300.00      0.00      88.3752    0.8078     48.00     80.00    119.00    407.00      0.00
  0.5000   0.0300   0.3000       50.4890    1.3454     15.00     26.00     46.00   1294.00      0.00       4.4148    0.2176      1.00      1.00      3.00    436.00      0.00      86.8604    0.8188     45.00     80.00    118.00    411.00      0.00
  0.5000   0.0300   0.2000       64.6548    1.8466     16.00     28.00     55.00   1886.00      0.00       7.3242    0.4962      1.00      2.00      3.00   1521.00      0.00      83.5752    0.8273     41.00     75.00    116.00    361.00      0.00
  0.5000   0.0300   0.1000       98.4924    2.6277     19.00     36.00     82.00   2000.00      0.00      18.5414    1.2886      1.00      2.00      5.00   2000.00      0.00      82.1552    0.9079     33.00     73.00    118.00    441.00      0.00
  2.0000   0.0200   2.0000        4.3146    0.0383      2.00      4.00      5.00     36.00      0.00       2.1202    0.0215      1.00      2.00      3.00     14.00      0.00      12.0906    0.0796      9.00     11.00     14.00     47.00      0.00
  2.0000   0.0200   1.9000        4.3758    0.0401      2.00      4.00      6.00     35.00      0.00       2.0916    0.0218      1.00      2.00      3.00     12.00      0.00      12.1920    0.0806      9.00     11.00     15.00     49.00      0.00
  2.0000   0.0200   1.8000        4.3430    0.0388      2.00      4.00      6.00     26.00      0.00       2.1278    0.0219      1.00      2.00      3.00     13.00      0.00      12.1968    0.0812      9.00     11.00     15.00     49.00      0.00
  2.0000   0.0200   1.7000        4.3668    0.0408      2.00      4.00      6.00     47.00      0.00       2.1292    0.0225      1.00      2.00      3.00     14.00      0.00      12.1322    0.0821      9.00     11.00     14.00     48.00      0.00
  2.0000   0.0200   1.6000        4.3540    0.0386      2.00      4.00      5.00     29.00      0.00       2.1518    0.0226      1.00      2.00      3.00     13.00      0.00      12.1788    0.0809      9.00     11.00     14.00     57.00      0.00
  2.0000   0.0200   1.5000        4.3234    0.0385      2.00      4.00      5.00     27.00      0.00       2.1398    0.0223      1.00      2.00      3.00     13.00      0.00      12.2558    0.0801      9.00     11.00     15.00     50.00      0.00
  2.0000   0.0200   1.4000        4.2696    0.0381      2.00      3.00      5.00     25.00      0.00       2.1432    0.0232      1.00      2.00      3.00     15.00      0.00      12.1018    0.0792      9.00     11.00     14.00     42.00      0.00
  2.0000   0.0200   1.3000        4.4276    0.0404      2.00      4.00      6.00     23.00      0.00       2.1928    0.0236      1.00      2.00      3.00     14.00      0.00      12.1640    0.0811      9.00     11.00     14.00     47.00      0.00
  2.0000   0.0200   1.2000        4.4034    0.0406      2.00      4.00      6.00     31.00      0.00       2.1640    0.0234      1.00      2.00      3.00     20.00      0.00      12.0926    0.0793      9.00     11.00     14.00     53.00      0.00
  2.0000   0.0200   1.1000        4.4132    0.0412      2.00      4.00      6.00     39.00      0.00       2.2136    0.0244      1.00      2.00      3.00     18.00      0.00      11.9626    0.0783      9.00     11.00     14.00     41.00      0.00
  2.0000   0.0200   1.0000        4.4956    0.0490      2.00      4.00      6.00     79.00      0.00       2.1672    0.0246      1.00      2.00      3.00     27.00      0.00      11.9918    0.0792      9.00     11.00     14.00     48.00      0.00
  2.0000   0.0200   0.9000        4.5908    0.0484      2.00      4.00      6.00     52.00      0.00       2.2576    0.0285      1.00      2.00      3.00     30.00      0.00      11.9046    0.0795      9.00     11.00     14.00     44.00      0.00
  2.0000   0.0200   0.8000        4.8536    0.0700      2.00      4.00      6.00    150.00      0.00       2.3392    0.0337      1.00      2.00      3.00     60.00      0.00      11.9768    0.0787      9.00     11.00     14.00     51.00      0.00
  2.0000   0.0200   0.7000        5.1732    0.0876      2.00      4.00      6.00    173.00      0.00       2.5846    0.0521      1.00      2.00      3.00    123.00      0.00      11.8520    0.0788      8.00     11.00     14.00     51.00      0.00
  2.0000   0.0200   0.6000        5.5344    0.1256      2.00      4.00      6.00    219.00      0.00       2.7952    0.0639      1.00      2.00      3.00    129.00      0.00      11.7138    0.0800      8.00     10.00     14.00     55.00      0.00
  2.0000   0.0200   0.5000        6.1120    0.1705      2.00      4.00      6.00    309.00      0.00       3.1262    0.0937      1.00      2.00      3.00    147.00      0.00      11.6068    0.0803      8.00     10.00     14.00     43.00      0.00
  2.0000   0.0200   0.4000        7.6122    0.3804      3.00      4.00      6.00    985.00      0.00       3.7294    0.1498      1.00      2.00      3.00    290.00      0.00      11.5686    0.0794      8.00     10.00     14.00     48.00      0.00
  2.0000   0.0200   0.3000        9.5944    0.5035      3.00      4.00      7.00    900.00      0.00       5.2474    0.3451      1.00      2.00      3.00    862.00      0.00      11.3010    0.0791      8.00     10.00     14.00     46.00      0.00
  2.0000   0.0200   0.2000       13.3628    0.7581      3.00      4.00      8.00   2000.00      0.00       8.2694    0.6576      1.00      2.00      4.00   2000.00      0.00      10.9486    0.0778      7.00     10.00     14.00     50.00      0.00
  2.0000   0.0200   0.1000       25.2448    1.2455      3.00      5.00     10.00   2000.00      0.00      18.2374    1.1612      1.00      2.00      5.00   2000.00      0.00      10.2882    0.0809      7.00      9.00     13.00     43.00      0.00
  2.0000   0.0300   2.0000        3.4658    0.0278      2.00      3.00      4.00     19.00      0.00       1.6646    0.0157      1.00      1.00      2.00     11.00      0.00      13.2628    0.0904     10.00     11.00     16.00     47.00      0.00
  2.0000   0.0300   1.9000        3.5066    0.0287      2.00      3.00      4.00     22.00      0.00       1.6764    0.0159      1.00      1.00      2.00     13.00      0.00      13.2024    0.0888     10.00     12.00     16.00     55.00      0.00
  2.0000   0.0300   1.8000        3.5272    0.0291      2.00      3.00      4.00     18.00      0.00       1.6904    0.0162      1.00      1.00      2.00     11.00      0.00      13.2732    0.0901     10.00     11.00     16.00     51.00      0.00
  2.0000   0.0300   1.7000        3.4854    0.0287      2.00      3.00      4.00     19.00      0.00       1.6866    0.0161      1.00      1.00      2.00     11.00      0.00      13.2356    0.0907     10.00     12.00     17.00     50.00      0.00
  2.0000   0.0300   1.6000        3.5414    0.0286      2.00      3.00      4.00     19.00      0.00       1.6754    0.0160      1.00      1.00      2.00     11.00      0.00      13.1924    0.0921     10.00     11.00     17.00     51.00      0.00
  2.0000   0.0300   1.5000        3.5476    0.0291      2.00      3.00      4.00     23.00      0.00       1.6960    0.0163      1.00      1.00      2.00     11.00      0.00      13.1580    0.0909      9.00     11.00     16.00     50.00      0.00
  2.0000   0.0300   1.4000        3.4516    0.0288      2.00      3.00      4.00     22.00      0.00       1.6696    0.0157      1.00      1.00      2.00     12.00      0.00      13.0544    0.0904      9.00     11.00     16.00     52.00      0.00
  2.0000   0.0300   1.3000        3.5774    0.0314      2.00      3.00      4.00     23.00      0.00       1.7000    0.0171      1.00      1.00      2.00     16.00      0.00      13.2240    0.0933      9.00     11.00     16.00     46.00      0.00
  2.0000   0.0300   1.2000        3.5272    0.0298      2.00      3.00      4.00     31.00      0.00       1.7046    0.0165      1.00      1.00      2.00     15.00      0.00      13.0810    0.0882      9.00     11.00     16.00     44.00      0.00
  2.0000   0.0300   1.1000        3.6368    0.0325      2.00      3.00      4.00     30.00      0.00       1.7414    0.0178      1.00      1.00      2.00     17.00      0.00      13.0742    0.0901      9.00     11.00     16.00     51.00      0.00
  2.0000   0.0300   1.0000        3.6454    0.0368      2.00      3.00      4.00     59.00      0.00       1.7928    0.0215      1.00      1.00      2.00     33.00      0.00      13.0194    0.0898      9.00     11.00     16.00     61.00      0.00
  2.0000   0.0300   0.9000        3.7300    0.0376      2.00      3.00      5.00     35.00      0.00       1.8020    0.0223      1.00      1.00      2.00     28.00      0.00      12.8544    0.0909      9.00     11.00     16.00     49.00      0.00
  2.0000   0.0300   0.8000        3.9416    0.0514      2.00      3.00      5.00    110.00      0.00       1.9264    0.0293      1.00      1.00      2.00     50.00      0.00      12.9166    0.0918      9.00     11.00     16.00     51.00      0.00
  2.0000   0.0300   0.7000        4.0410    0.0542      2.00      3.00      5.00     75.00      0.00       1.9784    0.0320      1.00      1.00      2.00     45.00      0.00      12.8998    0.0889      9.00     11.00     16.00     46.00      0.00
  2.0000   0.0300   0.6000        4.3628    0.0763      2.00      3.00      5.00    135.00      0.00       2.1834    0.0453      1.00      1.00      2.00     53.00      0.00      12.7788    0.0906      9.00     11.00     16.00     49.00      0.00
  2.0000   0.0300   0.5000        5.1098    0.1409      2.00      3.00      5.00    312.00      0.00       2.5658    0.0741      1.00      1.00      2.00    106.00      0.00      12.6416    0.0902      9.00     11.00     16.00     55.00      0.00
  2.0000   0.0300   0.4000        6.1832    0.2580      2.00      3.00      5.00    591.00      0.00       3.1930    0.1437      1.00      1.00      2.00    331.00      0.00      12.4576    0.0906      8.00     11.00     15.00     66.00      0.00
  2.0000   0.0300   0.3000        9.0416    0.5240      2.00      3.00      5.00   1341.00      0.00       4.7050    0.2646      1.00      1.00      3.00    445.00      0.00      12.0394    0.0864      8.00     11.00     15.00     50.00      0.00
  2.0000   0.0300   0.2000       12.3190    0.7458      2.00      3.00      6.00   1645.00      0.00       7.5286    0.5973      1.00      1.00      3.00   1645.00      0.00      11.7660    0.0894      8.00     11.00     15.00     51.00      0.00
  2.0000   0.0300   0.1000       26.1382    1.4274      3.00      4.00      9.00   1772.00      0.00      18.4584    1.2991      1.00      2.00      5.00   1772.00      0.00      10.7760    0.0868      7.00     10.00     14.00     48.00      0.00
