Amp  OC_Mean OC_Std OC_Q1 OC_Med OC_Q3 OC_Max OC_Min  Exp_Mean Exp_Std Exp_Q1 Exp_Med Exp_Q3 Exp_Max Exp_Min  Num_Mean Num_Std Num_Q1 Num_Med Num_Q3 Num_Max Num_Min
 10.0000       29.6524    0.6126     10.00     17.00     32.00    804.00      0.00       1.6194    0.0343      1.00      1.00      2.00     72.00      0.00      45.3182    0.4242     25.00     38.00     59.00    268.00      0.00
  9.5000       32.0956    0.6171     11.00     19.00     35.00    861.00      0.00       1.6612    0.0460      1.00      1.00      2.00    130.00      0.00      49.1054    0.4461     27.00     42.00     63.00    293.00      0.00
  9.0000       34.8898    0.6592     12.00     21.00     38.00    834.00      0.00       1.7250    0.0480      1.00      1.00      2.00    101.00      0.00      52.0408    0.4911     29.00     44.00     67.00    262.00      0.00
  8.5000       37.2636    0.7103     13.00     23.00     42.00   1302.00      0.00       1.6190    0.0325      1.00      1.00      2.00     72.00      0.00      56.8272    0.5450     30.00     48.00     74.00    341.00      0.00
  8.0000       41.4634    0.7183     14.00     25.00     48.00    708.00      0.00       1.6614    0.0476      1.00      1.00      2.00    122.00      0.00      62.0146    0.6041     33.00     52.00     82.00    328.00      0.00
  7.5000       44.3228    0.7602     16.00     27.00     50.00    716.00      0.00       1.6336    0.0336      1.00      1.00      2.00     84.00      0.00      66.5158    0.6481     36.00     56.00     87.00    421.00      0.00
  7.0000       48.9292    0.8402     18.00     31.00     58.00   1199.00      0.00       1.6350    0.0335      1.00      1.00      2.00     62.00      0.00      74.0196    0.7382     38.00     62.00     96.00    413.00      0.00
  6.5000       56.9928    0.9069     21.00     37.00     69.00    766.00      0.00       1.6554    0.0339      1.00      1.00      2.00     57.00      0.00      85.3204    0.8934     43.00     70.00    112.00    564.00      0.00
  6.0000       67.3138    1.0814     24.00     44.00     83.00   1305.00      0.00       1.6182    0.0326      1.00      1.00      2.00     54.00      0.00      96.3690    0.9848     47.00     79.00    130.00    564.00      0.00
  5.5000       75.2274    1.1198     27.00     51.00     93.00    938.00      0.00       1.6562    0.0420      1.00      1.00      2.00    116.00      0.00     109.3250    1.1831     52.00     90.00    147.00    819.00      0.00
  5.0000       96.1284    1.4331     34.00     65.00    120.00   1502.00      0.00       1.5826    0.0243      1.00      1.00      2.00     38.00      0.00     133.5628    1.4848     61.00    108.00    178.00    887.00      0.00
  4.5000      110.3184    1.6346     37.00     73.00    140.00   1412.00      0.00       1.6652    0.0391      1.00      1.00      2.00     85.00      0.00     152.6214    1.8202     64.00    119.00    204.00   1196.00      0.00
  4.0000      140.5508    2.0549     48.00     97.00    183.00   1962.00      0.00       1.6340    0.0370      1.00      1.00      2.00     73.00      0.00     193.9174    2.4804     74.00    151.00    259.00   2590.00      0.00
  3.5000      182.3038    2.5655     61.00    126.00    241.00   1598.00      0.00       1.7274    0.0468      1.00      1.00      2.00    102.00      0.00     244.0090    3.3422     83.00    174.00    327.00   2168.00      0.00
  3.0000      242.6288    3.4360     77.00    169.00    327.00   2000.00      0.00       1.5802    0.0284      1.00      1.00      2.00     58.00      0.00     314.4780    4.6335     89.00    213.00    420.00   2844.00      0.00
  2.5000      312.3912    4.2864     94.00    218.00    442.00   2000.00      0.00       1.6764    0.0425      1.00      1.00      2.00     98.00      0.00     394.6248    6.1996    101.00    248.00    530.00   3492.00      0.00
