Amp  OC_Mean OC_Std OC_Q1 OC_Med OC_Q3 OC_Max OC_Min  Exp_Mean Exp_Std Exp_Q1 Exp_Med Exp_Q3 Exp_Max Exp_Min  Num_Mean Num_Std Num_Q1 Num_Med Num_Q3 Num_Max Num_Min
  4.0000       36.0380    0.5045     13.00     26.00     48.00    466.00      0.00      13.3346    0.2446      2.00      7.00     18.00    192.00      0.00      53.2972    0.4148     35.00     51.00     69.00    241.00      0.00
  3.8000       37.7054    0.6004     13.00     27.00     48.00    830.00      0.00      13.4400    0.2418      2.00      7.00     18.00    149.00      0.00      56.4350    0.4396     36.00     54.00     73.00    229.00      0.00
  3.6000       38.3936    0.5646     13.00     28.00     50.00    449.00      0.00      13.0092    0.2379      2.00      7.00     18.00    212.00      0.00      60.5206    0.4798     38.00     57.00     80.00    240.00      0.00
  3.4000       40.3708    0.6078     14.00     28.00     52.00    773.00      0.00      12.9778    0.2435      2.00      7.00     17.00    195.00      0.00      64.0976    0.5349     39.00     60.00     85.00    249.00      0.00
  3.2000       42.1672    0.5950     15.00     30.00     55.00    604.00      0.00      13.5262    0.2497      2.00      7.00     18.00    210.00      0.00      69.7048    0.5869     42.00     64.00     92.00    365.00      0.00
  3.0000       44.2558    0.6547     15.00     31.00     57.00    484.00      0.00      13.4546    0.2473      2.00      7.00     18.00    197.00      0.00      75.9688    0.6493     46.00     70.00    101.00    370.00      0.00
  2.8000       47.2582    0.7224     16.00     34.00     60.00   1060.00      0.00      13.1996    0.2423      2.00      7.00     18.00    181.00      0.00      85.4402    0.7507     50.00     78.00    115.00    472.00      0.00
  2.6000       52.1576    0.8503     17.00     36.00     65.00    983.00      0.00      12.7964    0.2451      2.00      6.00     17.00    351.00      0.00      95.1646    0.8794     54.00     86.00    127.00    507.00      0.00
  2.4000       58.1648    0.8992     19.00     40.00     74.00    858.00      0.00      13.4488    0.2502      2.00      7.00     19.00    229.00      0.00     107.9196    1.0140     58.00     96.00    146.00    684.00      0.00
  2.2000       65.4334    1.0311     22.00     44.00     84.00   1137.00      0.00      13.0392    0.2456      2.00      7.00     18.00    219.00      0.00     127.8304    1.2853     65.00    113.00    173.00    813.00      0.00
  2.0000       78.6998    1.3274     25.00     52.00     98.00   1763.00      0.00      13.3182    0.2489      2.00      7.00     18.00    219.00      0.00     149.7420    1.6010     70.00    128.00    203.00    984.00      0.00
  1.8000       97.8806    1.5805     29.00     64.00    125.00   2000.00      0.00      12.7892    0.2484      2.00      6.00     17.00    218.00      0.00     190.4606    2.1415     84.00    160.00    257.00   1179.00      0.00
  1.6000      121.3358    1.9111     36.00     79.00    156.00   1694.00      0.00      13.4114    0.2446      2.00      7.00     18.00    182.00      0.00     240.7594    3.0104     94.00    191.00    332.00   2278.00      0.00
  1.4000      160.3850    2.4992     48.00    104.00    212.00   2000.00      0.00      12.9024    0.2347      2.00      7.00     17.00    151.00      0.00     314.7210    4.3693    103.00    236.00    433.00   4691.00      0.00
  1.2000      215.4910    3.1665     62.00    145.00    292.00   2000.00      0.00      13.1286    0.2353      2.00      7.00     18.00    186.00      0.00     392.7678    5.8425    105.00    269.00    542.00   3663.00      0.00
  1.0000      289.6764    4.1319     83.00    196.00    401.00   2000.00      0.00      12.9176    0.2386      2.00      6.00     17.00    155.00      0.00     471.3314    7.5965    106.00    292.00    648.00   6994.00      0.00
  0.8000      357.3226    4.9628    103.00    250.00    494.00   2000.00      0.00      12.7550    0.2329      2.00      7.00     17.00    161.00      0.00     500.6638    8.2032    112.00    304.00    671.00   5013.00      0.00
  0.6000      363.3290    4.9666    103.00    258.00    517.00   2000.00      0.00      13.0808    0.2384      2.00      7.00     17.00    167.00      0.00     464.6926    7.2915    101.00    291.00    638.00   4181.00      0.00
