Amp  OC_Mean OC_Std OC_Q1 OC_Med OC_Q3 OC_Max OC_Min  Exp_Mean Exp_Std Exp_Q1 Exp_Med Exp_Q3 Exp_Max Exp_Min  Num_Mean Num_Std Num_Q1 Num_Med Num_Q3 Num_Max Num_Min
 10.0000       26.8390    0.7610     10.00     16.00     30.00    499.00      0.00       1.6445    0.0759      1.00      1.00      2.00    110.00      0.00      38.6130    0.5832     22.00     32.00     49.00    223.00      0.00
  9.5000       28.8530    0.8569     10.00     18.00     31.00    464.00      0.00       1.5895    0.0615      1.00      1.00      2.00     87.00      0.00      40.7155    0.6389     22.00     34.00     52.00    248.00      0.00
  9.0000       30.9355    0.8915     11.00     19.00     34.00    608.00      0.00       1.6245    0.0579      1.00      1.00      2.00     73.00      0.00      44.0460    0.6930     24.00     37.00     56.00    256.00      0.00
  8.5000       31.1855    0.7779     12.00     21.00     36.00    330.00      0.00       1.5675    0.0490      1.00      1.00      2.00     61.00      0.00      45.8085    0.7340     24.00     38.00     59.00    221.00      0.00
  8.0000       36.0185    0.9274     13.00     23.00     42.00    400.00      0.00       1.7410    0.0685      1.00      1.00      2.00     83.00      0.00      50.8740    0.8516     26.00     41.00     67.00    333.00      0.00
  7.5000       38.4095    0.9717     14.00     25.00     45.00    497.00      0.00       1.6370    0.0608      1.00      1.00      2.00     91.00      0.00      54.6905    0.8964     27.00     45.00     71.00    290.00      0.00
  7.0000       42.9420    1.0672     15.00     28.00     51.00    530.00      0.00       1.6725    0.0532      1.00      1.00      2.00     59.00      0.00      61.1980    1.0491     30.00     50.00     82.00    590.00      0.00
  6.5000       48.1400    1.1921     17.00     32.00     58.00    592.00      0.00       1.7105    0.0737      1.00      1.00      2.00     93.00      0.00      66.5815    1.1540     32.00     54.00     88.00    386.00      0.00
  6.0000       57.0985    1.4567     21.00     38.00     70.00    864.00      0.00       1.6160    0.0446      1.00      1.00      2.00     42.00      0.00      76.9085    1.3725     35.00     62.00    103.00    485.00      0.00
  5.5000       62.4175    1.4533     22.00     43.00     78.00    709.00      0.00       1.5755    0.0515      1.00      1.00      2.00     84.00      0.00      85.3840    1.5872     37.00     68.00    114.00    533.00      0.00
  5.0000       73.9015    1.5623     27.00     53.00     95.00    590.00      0.00       1.6660    0.0735      1.00      1.00      2.00     95.00      0.00     102.0715    1.8949     42.00     81.00    140.00    590.00      0.00
  4.5000       85.9370    1.8277     32.00     62.00    113.00    613.00      0.00       1.5390    0.0360      1.00      1.00      2.00     30.00      0.00     119.2840    2.3053     46.00     92.00    164.00    838.00      0.00
  4.0000      105.5965    2.2524     38.00     77.00    144.00    774.00      0.00       1.5020    0.0356      1.00      1.00      2.00     41.00      0.00     141.9515    2.9668     47.00    104.00    201.00   1067.00      0.00
  3.5000      128.3870    2.8887     40.00     89.00    171.00    988.00      0.00       1.5840    0.0504      1.00      1.00      2.00     47.00      0.00     168.2620    3.8991     48.00    115.00    234.00   1205.00      0.00
  3.0000      159.3075    3.5952     47.00    111.00    215.00   1270.00      0.00       1.5775    0.0442      1.00      1.00      2.00     41.00      0.00     204.9095    4.9903     51.00    132.00    275.00   1942.00      0.00
  2.5000      178.9970    4.0727     52.00    126.00    247.00   1677.00      0.00       1.6375    0.0575      1.00      1.00      2.00     81.00      0.00     225.9375    5.7810     52.00    139.00    306.00   2731.00      0.00
