Amp  OC_Mean OC_Std OC_Q1 OC_Med OC_Q3 OC_Max OC_Min  Exp_Mean Exp_Std Exp_Q1 Exp_Med Exp_Q3 Exp_Max Exp_Min  Num_Mean Num_Std Num_Q1 Num_Med Num_Q3 Num_Max Num_Min
 10.0000       27.3895    0.7896     11.00     18.00     31.00    565.00      0.00       1.5735    0.0368      1.00      1.00      2.00     41.00      0.00      36.6640    0.5166     21.00     33.00     48.00    173.00      0.00
  9.5000       29.7850    0.7568     12.00     21.00     35.00    559.00      0.00       1.5735    0.0290      1.00      1.00      2.00     21.00      0.00      39.4235    0.5548     22.00     35.00     52.00    158.00      0.00
  9.0000       32.9035    0.8786     13.00     22.00     37.00    476.00      0.00       1.5945    0.0285      1.00      1.00      2.00     14.00      0.00      43.8815    0.6648     23.00     38.00     59.00    232.00      0.00
  8.5000       34.4875    0.9148     13.00     24.00     40.00    543.00      0.00       1.5230    0.0296      1.00      1.00      2.00     30.00      0.00      47.4020    0.7275     24.00     41.00     64.00    310.00      0.00
  8.0000       39.4025    0.9909     15.00     27.00     46.00    537.00      0.00       1.5180    0.0255      1.00      1.00      2.00     14.00      0.00      52.9715    0.8415     27.00     45.00     71.00    287.00      0.00
  7.5000       43.6110    1.0148     17.00     31.00     54.00    661.00      0.00       1.5610    0.0274      1.00      1.00      2.00     20.00      0.00      58.9745    0.9700     30.00     48.00     79.00    336.00      0.00
  7.0000       49.3165    1.1126     19.00     35.00     61.00    510.00      0.00       1.5710    0.0288      1.00      1.00      2.00     19.00      0.00      65.0600    1.0771     32.00     56.00     87.00    357.00      0.00
  6.5000       57.1700    1.2613     22.00     40.00     73.00    630.00      0.00       1.4945    0.0224      1.00      1.00      2.00     11.00      0.00      76.2100    1.2808     36.00     63.00    103.00    445.00      0.00
  6.0000       64.0700    1.4598     24.00     45.00     83.00    713.00      0.00       1.5300    0.0268      1.00      1.00      2.00     13.00      0.00      85.4435    1.5793     36.00     69.00    116.00    577.00      0.00
  5.5000       76.4835    1.6459     27.00     54.00    104.00    662.00      0.00       1.5830    0.0380      1.00      1.00      2.00     44.00      0.00      98.6090    1.8854     40.00     75.00    134.00    687.00      0.00
  5.0000       96.7640    2.2373     32.00     65.00    132.00   1214.00      0.00       1.4725    0.0239      1.00      1.00      2.00     16.00      0.00     124.9795    2.5752     44.00     92.00    169.00    965.00      0.00
  4.5000      109.8525    2.5039     33.00     75.00    150.00   1002.00      0.00       1.5450    0.0254      1.00      1.00      2.00     15.00      0.00     137.3050    3.0116     42.00     93.00    188.00    918.00      0.00
  4.0000      128.6040    2.9269     39.00     89.00    171.00   1033.00      0.00       1.5580    0.0273      1.00      1.00      2.00     12.00      0.00     162.5365    3.9137     46.00    106.00    223.00   1801.00      0.00
  3.5000      156.9210    3.5387     46.00    111.00    219.00   1509.00      0.00       1.5200    0.0248      1.00      1.00      2.00     15.00      0.00     198.4065    4.8522     53.00    128.00    274.00   2391.00      0.00
  3.0000      179.1415    4.1600     51.00    116.00    244.00   1574.00      0.00       1.5835    0.0289      1.00      1.00      2.00     17.00      0.00     219.4160    5.7772     48.00    127.00    293.00   2135.00      0.00
  2.5000      190.3435    4.2489     57.00    131.00    270.00   1777.00      0.00       1.5950    0.0292      1.00      1.00      2.00     20.00      0.00     232.9705    5.9537     55.00    144.00    317.00   2360.00      0.00
