Amp  OC_Mean OC_Std OC_Q1 OC_Med OC_Q3 OC_Max OC_Min  Exp_Mean Exp_Std Exp_Q1 Exp_Med Exp_Q3 Exp_Max Exp_Min  Num_Mean Num_Std Num_Q1 Num_Med Num_Q3 Num_Max Num_Min
 10.0000       27.0540    0.8327      9.00     16.00     29.00    431.00      0.00       1.7595    0.0547      1.00      1.00      2.00     44.00      0.00      50.9040    0.8210     27.00     44.00     67.00    261.00      0.00
  9.5000       29.5540    0.8409     10.00     18.00     32.00    386.00      0.00       1.7595    0.0491      1.00      1.00      2.00     47.00      0.00      55.0405    0.9054     29.00     47.00     73.00    488.00      0.00
  9.0000       28.8935    0.7890     10.00     18.00     33.00    404.00      0.00       1.9165    0.0811      1.00      1.00      2.00     78.00      0.00      56.6300    0.9282     28.00     48.00     75.00    329.00      0.00
  8.5000       32.5875    0.9203     11.00     20.00     38.00    580.00      0.00       1.8590    0.0618      1.00      1.00      2.00     56.00      0.00      60.9185    0.9838     30.00     52.00     80.00    348.00      0.00
  8.0000       35.2925    0.9599     12.00     22.00     41.00    493.00      0.00       1.9140    0.0862      1.00      1.00      2.00     82.00      0.00      67.1225    1.0783     33.00     57.00     90.00    343.00      0.00
  7.5000       41.4535    1.2704     13.00     24.00     48.00    688.00      0.00       1.9195    0.0934      1.00      1.00      2.00    112.00      0.00      73.4360    1.2317     35.00     63.00    100.00    391.00      0.00
  7.0000       40.1210    1.0078     14.00     26.00     49.00    603.00      0.00       1.8950    0.0744      1.00      1.00      2.00     72.00      0.00      78.1250    1.3545     38.00     66.00    105.00    579.00      0.00
  6.5000       44.4315    1.1047     17.00     30.00     55.00    726.00      0.00       1.9430    0.1167      1.00      1.00      2.00    179.00      0.00      86.2105    1.4376     41.00     73.00    118.00    739.00      0.00
  6.0000       49.2600    1.1634     18.00     34.00     62.00    675.00      0.00       1.8420    0.0653      1.00      1.00      2.00     54.00      0.00      90.5345    1.5562     41.00     76.00    122.00    665.00      0.00
  5.5000       58.5600    1.4033     20.00     39.00     73.00    675.00      0.00       1.8555    0.0740      1.00      1.00      2.00     86.00      0.00     103.7965    1.8320     45.00     87.00    143.00    562.00      0.00
  5.0000       70.1680    1.7022     24.00     47.00     89.00    743.00      0.00       1.9410    0.1012      1.00      1.00      2.00    125.00      0.00     118.0920    2.1421     49.00     97.00    163.00    753.00      0.00
  4.5000       75.6900    1.6126     27.00     54.00    101.00    539.00      0.00       1.9005    0.0748      1.00      1.00      2.00     89.00      0.00     131.0430    2.4855     51.00    106.00    182.00    774.00      0.00
  4.0000       93.4785    2.1005     32.00     64.00    126.00   1033.00      0.00       1.8180    0.0753      1.00      1.00      2.00    113.00      0.00     157.8310    3.1517     57.00    121.00    220.00   1220.00      0.00
  3.5000      111.6875    2.3992     39.00     79.00    149.00    885.00      0.00       2.1240    0.1413      1.00      1.00      2.00    174.00      0.00     177.2920    3.7476     53.00    135.00    245.00   1723.00      0.00
  3.0000      136.3905    3.0825     42.00     97.00    184.00   1061.00      0.00       1.8520    0.0736      1.00      1.00      2.00     95.00      0.00     204.3350    4.7248     51.00    141.00    284.00   2007.00      0.00
  2.5000      160.3965    3.5192     52.00    109.00    218.00   1348.00      0.00       1.8435    0.0621      1.00      1.00      2.00     54.00      0.00     226.7745    5.5018     55.00    147.00    309.00   2271.00      0.00
