Amp Radius  OC_Mean OC_Std OC_Q1 OC_Med OC_Q3 OC_Max OC_Min  Exp_Mean Exp_Std Exp_Q1 Exp_Med Exp_Q3 Exp_Max Exp_Min  Num_Mean Num_Std Num_Q1 Num_Med Num_Q3 Num_Max Num_Min
  0.5000   0.0200      220.8334    3.1015     65.00    156.00    305.00   1843.00      0.00      16.9656    0.1940      7.00     14.00     23.00    169.00      0.00      39.5140    0.6118      6.00     24.00     61.00    357.00      0.00
  1.0000   0.0200       87.0194    1.1645     28.00     62.00    120.00    786.00      0.00      17.1102    0.1940      7.00     14.00     24.00    141.00      0.00      18.7554    0.1783      9.00     19.00     27.00     88.00      0.00
  1.5000   0.0200       47.7708    0.6395     16.00     34.00     65.00    524.00      0.00      16.5992    0.1906      6.00     14.00     23.00    148.00      0.00      11.3974    0.0878      7.00     11.00     16.00     38.00      0.00
  2.0000   0.0200       31.0362    0.4033     11.00     23.00     41.00    267.00      0.00      16.6262    0.1878      7.00     14.00     23.00    134.00      0.00       8.1768    0.0566      6.00      8.00     10.00     24.00      0.00
  2.5000   0.0200       23.8822    0.2955      9.00     18.00     32.00    205.00      0.00      16.7310    0.1957      6.00     14.00     23.00    170.00      0.00       6.7864    0.0434      5.00      7.00      9.00     23.00      0.00
  3.0000   0.0200       20.4254    0.2385      8.00     17.00     28.00    168.00      0.00      17.0574    0.1946      7.00     14.00     24.00    154.00      0.00       6.0898    0.0400      5.00      6.00      8.00     16.00      0.00
  0.5000   0.0300      136.0048    1.8501     46.00     96.00    186.00   1512.00      0.00       8.5728    0.0923      3.00      7.00     12.00     59.00      0.00      57.7376    0.6918     17.00     49.00     85.00    431.00      0.00
  1.0000   0.0300       45.7192    0.6008     16.00     33.00     61.00    326.00      0.00       8.5032    0.0899      3.00      7.00     12.00     42.00      0.00      22.2984    0.1773     14.00     22.00     30.00     92.00      0.00
  1.5000   0.0300       25.1004    0.3188      9.00     18.00     34.00    211.00      0.00       8.3986    0.0894      3.00      7.00     12.00     54.00      0.00      12.9506    0.0900      9.00     12.00     17.00     45.00      0.00
  2.0000   0.0300       16.5668    0.1955      7.00     13.00     22.00    121.00      0.00       8.6046    0.0933      3.00      7.00     12.00     66.00      0.00       9.1396    0.0583      7.00      9.00     11.00     34.00      0.00
  2.5000   0.0300       12.5502    0.1411      5.00     10.00     17.00    126.00      0.00       8.4920    0.0906      3.00      7.00     12.00     41.00      0.00       7.8304    0.0456      6.00      8.00     10.00     25.00      0.00
  3.0000   0.0300       10.8178    0.1125      5.00      9.00     15.00     71.00      0.00       8.5142    0.0877      3.00      7.00     12.00     52.00      0.00       7.1566    0.0438      6.00      7.00     10.00     21.00      0.00
  0.5000   0.0500       67.2980    0.8762     25.00     49.00     90.00    615.00      0.00       3.9582    0.0436      2.00      3.00      5.00     21.00      0.00      75.4218    0.7183     39.00     69.00    103.00    380.00      0.00
  1.0000   0.0500       20.6988    0.2515      8.00     15.00     27.00    179.00      0.00       3.9986    0.0437      2.00      3.00      6.00     21.00      0.00      25.2374    0.1844     16.00     24.00     33.00    106.00      0.00
  1.5000   0.0500       11.3518    0.1272      5.00      9.00     15.00     82.00      0.00       4.0614    0.0443      2.00      3.00      6.00     23.00      0.00      14.2992    0.0926     10.00     13.00     18.00     48.00      0.00
  2.0000   0.0500        7.7040    0.0818      4.00      6.00     10.00     73.00      0.00       4.0350    0.0438      2.00      3.00      6.00     25.00      0.00      10.4616    0.0643      8.00     10.00     12.00     36.00      0.00
  2.5000   0.0500        6.1876    0.0602      3.00      5.00      8.00     35.00      0.00       4.0836    0.0445      2.00      3.00      6.00     24.00      0.00       9.1180    0.0556      7.00     10.00     10.00     35.00      0.00
  3.0000   0.0500        5.3688    0.0505      3.00      4.00      7.00     32.00      0.00       3.9934    0.0432      2.00      3.00      6.00     27.00      0.00       8.4446    0.0567      6.00      9.00     10.00     31.00      0.00
