Amp Radius  OC_Mean OC_Std OC_Q1 OC_Med OC_Q3 OC_Max OC_Min  Exp_Mean Exp_Std Exp_Q1 Exp_Med Exp_Q3 Exp_Max Exp_Min  Num_Mean Num_Std Num_Q1 Num_Med Num_Q3 Num_Max Num_Min
  0.5000   0.0200      185.9972    2.5321     60.00    131.00    255.00   1725.00      0.00      49.5288    0.7812     10.00     31.00     71.00    582.00      0.00      43.3980    0.6469      4.00     31.00     70.00    279.00      0.00
  0.5000   0.0300      112.5978    1.4939     38.00     80.00    152.00    911.00      0.00      19.9952    0.3397      4.00     12.00     27.00    219.00      0.00      57.1468    0.6820     16.00     51.00     85.00    378.00      0.00
  0.5000   0.0500       54.8344    0.6823     22.00     41.00     72.00    544.00      0.00       4.9624    0.0870      1.00      3.00      6.00    152.00      0.00      71.5644    0.6763     38.00     66.00     98.00    388.00      0.00
  1.0000   0.0200       90.4612    1.3139     26.00     61.00    123.00   1152.00      0.00      48.6548    0.7580     10.00     30.00     69.00    444.00      0.00      17.7058    0.1818      7.00     18.00     26.00     74.00      0.00
  1.0000   0.0300       48.0676    0.6917     16.00     34.00     63.00    753.00      0.00      20.2322    0.3531      4.00     11.00     28.00    273.00      0.00      21.0346    0.1725     13.00     21.00     28.00     72.00      0.00
  1.0000   0.0500       18.7882    0.2296      8.00     14.00     25.00    182.00      0.00       4.8520    0.0839      1.00      3.00      6.00    102.00      0.00      23.2628    0.1666     15.00     22.00     30.00     78.00      0.00
  1.5000   0.0200       68.7476    0.9980     18.00     46.00     96.00    689.00      0.00      50.6690    0.8098     10.00     31.00     72.00    624.00      0.00      10.2620    0.0912      6.00     10.00     15.00     37.00      0.00
  1.5000   0.0300       31.2502    0.4714      9.00     21.00     41.00    462.00      0.00      20.0756    0.3621      4.00     11.00     27.00    336.00      0.00      11.8566    0.0861      8.00     11.00     15.00     39.00      0.00
  1.5000   0.0500       11.5220    0.1434      5.00      9.00     15.00    109.00      0.00       5.0666    0.0894      1.00      3.00      6.00    107.00      0.00      13.1554    0.0835     10.00     12.00     16.00     43.00      0.00
  2.0000   0.0200       58.2580    0.8830     15.00     38.00     81.00    615.00      0.00      50.7000    0.8191     10.00     32.00     71.00    612.00      0.00       7.2924    0.0598      5.00      7.00     10.00     24.00      0.00
  2.0000   0.0300       26.0400    0.4085      7.00     16.00     35.00    412.00      0.00      20.6474    0.3621      4.00     11.00     28.00    365.00      0.00       8.5436    0.0556      6.00      9.00     11.00     28.00      0.00
  2.0000   0.0500        8.1690    0.0947      4.00      6.00     10.00     76.00      0.00       4.7360    0.0735      1.00      3.00      6.00     74.00      0.00       9.7956    0.0526      8.00     10.00     11.00     33.00      0.00
  2.5000   0.0200       54.8602    0.8330     13.00     35.00     77.00    547.00      0.00      51.3086    0.8136     10.00     32.00     72.00    545.00      0.00       5.8930    0.0477      4.00      6.00      8.00     19.00      0.00
  2.5000   0.0300       22.9880    0.3687      6.00     14.00     30.00    367.00      0.00      20.1156    0.3547      4.00     11.00     27.00    365.00      0.00       7.1590    0.0450      6.00      7.00     10.00     23.00      0.00
  2.5000   0.0500        7.0066    0.0874      3.00      5.00      9.00    106.00      0.00       4.8712    0.0799      1.00      3.00      6.00    105.00      0.00       8.5530    0.0441      7.00      9.00     10.00     28.00      0.00
  3.0000   0.0200       50.2724    0.7683     11.00     32.00     71.00    415.00      0.00      48.6378    0.7608     10.00     30.00     69.00    415.00      0.00       5.2212    0.0431      3.00      6.00      7.00     21.00      0.00
  3.0000   0.0300       22.5426    0.3693      5.00     13.00     29.00    329.00      0.00      20.8424    0.3594      4.00     12.00     28.00    305.00      0.00       6.5988    0.0430      5.00      7.00      9.00     22.00      0.00
  3.0000   0.0500        6.3720    0.0856      3.00      5.00      8.00    120.00      0.00       4.8726    0.0803      1.00      3.00      6.00    120.00      0.00       7.9282    0.0448      6.00      9.00     10.00     27.00      0.00
