Amp Radius  OC_Mean OC_Std OC_Q1 OC_Med OC_Q3 OC_Max OC_Min  Exp_Mean Exp_Std Exp_Q1 Exp_Med Exp_Q3 Exp_Max Exp_Min  Num_Mean Num_Std Num_Q1 Num_Med Num_Q3 Num_Max Num_Min
  0.5000   0.0200      184.3550    2.5205     57.00    129.00    257.00   1735.00      0.00      44.1526    0.6414     13.00     31.00     60.00    553.00      0.00      43.5760    0.6559      3.00     30.00     72.00    255.00      0.00
  1.0000   0.0200       98.2910    1.3612     30.00     68.00    135.00    918.00      0.00      46.0702    0.6711     13.00     32.00     63.00    612.00      0.00      18.2066    0.1880      5.00     19.00     27.00     82.00      0.00
  1.5000   0.0200       69.1704    0.9759     21.00     48.00     94.00    786.00      0.00      45.5808    0.6805     12.00     31.00     63.00    554.00      0.00      10.6808    0.0976      6.00     11.00     15.00     39.00      0.00
  2.0000   0.0200       55.8156    0.7765     17.00     39.00     76.00    576.00      0.00      44.8204    0.6532     12.00     31.00     62.00    366.00      0.00       7.5164    0.0637      5.00      7.00     10.00     24.00      0.00
  2.5000   0.0200       51.0158    0.7186     16.00     36.00     70.00    756.00      0.00      46.1838    0.6646     13.00     32.00     65.00    425.00      0.00       6.1436    0.0481      5.00      6.00      8.00     22.00      0.00
  3.0000   0.0200       46.3582    0.6582     13.00     32.00     63.00    417.00      0.00      43.7576    0.6336     12.00     30.00     60.00    417.00      0.00       5.4302    0.0434      4.00      6.00      7.00     22.00      0.00
  0.5000   0.0300      121.0766    1.6266     40.00     87.00    162.00   1059.00      0.00      20.0496    0.2850      6.00     15.00     27.00    251.00      0.00      62.0934    0.7557     13.00     56.00     93.00    328.00      0.00
  1.0000   0.0300       55.5618    0.7849     18.00     38.00     75.00    623.00      0.00      19.3346    0.2612      6.00     14.00     27.00    200.00      0.00      21.9548    0.1935     13.00     21.00     30.00     84.00      0.00
  1.5000   0.0300       35.2884    0.4842     11.00     25.00     48.00    289.00      0.00      19.6024    0.2673      6.00     15.00     27.00    177.00      0.00      12.3510    0.0965      8.00     11.00     17.00     46.00      0.00
  2.0000   0.0300       26.5288    0.3510      9.00     19.00     36.00    272.00      0.00      19.4178    0.2617      6.00     15.00     27.00    155.00      0.00       8.8018    0.0615      6.00      9.00     11.00     31.00      0.00
  2.5000   0.0300       22.8690    0.3071      8.00     17.00     31.00    242.00      0.00      19.5812    0.2752      6.00     14.00     27.00    232.00      0.00       7.3500    0.0478      6.00      7.00     10.00     25.00      0.00
  3.0000   0.0300       21.0530    0.2809      7.00     16.00     28.00    227.00      0.00      19.1920    0.2700      6.00     14.00     26.00    227.00      0.00       6.7844    0.0434      5.00      7.00      9.00     24.00      0.00
  0.5000   0.0500       59.5198    0.7687     22.00     44.00     79.00    600.00      0.00       7.1092    0.0951      2.00      5.00     10.00    130.00      0.00      76.9306    0.7573     39.00     69.00    107.00    401.00      0.00
  1.0000   0.0500       24.3462    0.3227      9.00     17.00     32.00    215.00      0.00       7.0192    0.0876      2.00      5.00     10.00     52.00      0.00      25.0294    0.1893     16.00     24.00     33.00     98.00      0.00
  1.5000   0.0500       15.1578    0.1925      6.00     11.00     20.00    178.00      0.00       7.0018    0.0851      2.00      5.00     10.00     48.00      0.00      13.8672    0.0993     10.00     12.00     18.00     50.00      0.00
  2.0000   0.0500       11.3218    0.1432      4.00      8.00     15.00    133.00      0.00       7.0878    0.0936      2.00      5.00     10.00     85.00      0.00      10.1084    0.0640      7.00     10.00     11.00     35.00      0.00
  2.5000   0.0500        9.2682    0.1100      4.00      7.00     13.00     78.00      0.00       7.0120    0.0916      2.00      5.00     10.00     77.00      0.00       8.6108    0.0510      6.00      9.00     10.00     57.00      0.00
  3.0000   0.0500        8.5284    0.1035      3.00      7.00     12.00    123.00      0.00       7.0954    0.0977      2.00      5.00     10.00    122.00      0.00       8.0150    0.0469      6.00      9.00     10.00     31.00      0.00
