Amp num_point  OC_Mean OC_Std OC_Q1 OC_Med OC_Q3 OC_Max OC_Min  Exp_Mean Exp_Std Exp_Q1 Exp_Med Exp_Q3 Exp_Max Exp_Min  Num_Mean Num_Std Num_Q1 Num_Med Num_Q3 Num_Max Num_Min
 50.0000   3.0000       10.5740    0.0647      7.00     10.00     13.00     37.00      0.00       0.9886    0.0015      1.00      1.00      1.00      1.00      0.00     116.1716    0.6540     85.00    110.00    143.00    391.00      0.00
 20.0000   3.0000       25.2182    0.1560     18.00     24.00     31.00     80.00      0.00       0.9862    0.0016      1.00      1.00      1.00      1.00      0.00     278.1720    1.6668    204.00    267.00    343.00   1014.00      0.00
 10.0000   3.0000       53.1642    0.3804     35.00     50.00     68.00    218.00      0.00       0.9884    0.0015      1.00      1.00      1.00      1.00      0.00     582.1740    4.1349    390.00    552.00    738.00   2302.00      0.00
  5.0000   3.0000      127.4596    1.2116     66.00    112.00    171.00    678.00      0.00       0.9872    0.0016      1.00      1.00      1.00      1.00      0.00    1354.2442   12.8684    698.00   1202.00   1841.00   7303.00      0.00
  2.0000   3.0000      314.8472    4.1999    102.00    232.00    432.00   2000.00      0.00       0.9856    0.0017      1.00      1.00      1.00      1.00      0.00    3150.3878   42.1292   1020.00   2318.00   4332.00  20646.00      0.00
  1.0000   3.0000      357.6436    4.8754    110.00    250.00    501.00   2000.00      0.00       0.9876    0.0016      1.00      1.00      1.00      1.00      0.00    3517.7858   48.1290   1069.00   2465.00   4923.00  20505.00      0.00
 50.0000   2.0000       15.3576    0.0937     11.00     15.00     19.00     53.00      0.00       0.9838    0.0018      1.00      1.00      1.00      1.00      0.00     168.8250    0.9643    125.00    160.00    208.00    642.00      0.00
 20.0000   2.0000       38.9136    0.2506     27.00     37.00     49.00    116.00      0.00       0.9890    0.0015      1.00      1.00      1.00      1.00      0.00     427.9388    2.7268    302.00    407.00    531.00   1427.00      0.00
 10.0000   2.0000       89.3792    0.7232     54.00     82.00    117.00    350.00      0.00       0.9868    0.0016      1.00      1.00      1.00      1.00      0.00     967.0716    7.8319    588.00    890.00   1270.00   3807.00      0.00
  5.0000   2.0000      216.2478    2.5052     87.00    174.00    296.00   1317.00      0.00       0.9872    0.0016      1.00      1.00      1.00      1.00      0.00    2230.9354   25.8226    901.00   1800.00   3047.00  13426.00      0.00
  2.0000   2.0000      348.2358    4.7665    108.00    247.00    480.00   2000.00      0.00       0.9896    0.0014      1.00      1.00      1.00      1.00      0.00    3443.4994   47.3264   1045.00   2423.00   4758.00  20460.00      0.00
  1.0000   2.0000      367.9074    4.9659    112.00    262.00    520.00   2000.00      0.00       0.9888    0.0015      1.00      1.00      1.00      1.00      0.00    3612.5472   48.7981   1095.00   2567.00   5106.00  20318.00      0.00
 50.0000   1.0000       30.5992    0.1925     21.00     29.00     39.00    106.00      0.00       0.9860    0.0017      1.00      1.00      1.00      1.00      0.00     336.8088    2.0714    241.00    323.00    422.00   1109.00      0.00
 20.0000   1.0000       88.6296    0.7266     53.00     81.00    117.00    439.00      0.00       0.9890    0.0015      1.00      1.00      1.00      1.00      0.00     957.0708    7.8520    581.00    880.00   1250.00   4706.00      0.00
 10.0000   1.0000      217.6808    2.4735     92.00    177.00    299.00   1747.00      0.00       0.9878    0.0016      1.00      1.00      1.00      1.00      0.00    2245.1378   25.5538    946.00   1838.00   3099.00  18128.00      0.00
  5.0000   1.0000      333.0414    4.4797    105.00    240.00    467.00   2000.00      0.00       0.9896    0.0014      1.00      1.00      1.00      1.00      0.00    3307.6240   44.6450   1038.00   2382.00   4618.00  20296.00      0.00
  2.0000   1.0000      362.0758    4.9472    109.00    253.00    502.00   2000.00      0.00       0.9894    0.0014      1.00      1.00      1.00      1.00      0.00    3558.0336   48.8044   1058.00   2483.00   4895.00  20318.00      0.00
  1.0000   1.0000      373.3082    5.0792    113.00    261.00    522.00   2000.00      0.00       0.9880    0.0015      1.00      1.00      1.00      1.00      0.00    3663.5118   50.0448   1114.00   2559.00   5131.00  20721.00      0.00
