Amp  OC_Mean OC_Std OC_Q1 OC_Med OC_Q3 OC_Max OC_Min  Exp_Mean Exp_Std Exp_Q1 Exp_Med Exp_Q3 Exp_Max Exp_Min  Num_Mean Num_Std Num_Q1 Num_Med Num_Q3 Num_Max Num_Min
 10.0000       24.2985    0.5504      7.00     18.00     33.00    364.00      0.00      12.4360    0.3442      2.00      7.00     17.00    132.00      0.00      28.1235    0.4050     15.00     27.00     40.00    116.00      0.00
  9.5000       25.9540    0.5703      8.00     19.00     35.00    260.00      0.00      12.8555    0.3656      2.00      7.00     17.00    191.00      0.00      28.4750    0.4049     15.00     27.00     41.00    101.00      0.00
  9.0000       26.8750    0.6148      8.00     19.00     37.00    289.00      0.00      13.1165    0.3850      2.00      6.00     17.00    167.00      0.00      29.7795    0.4194     16.00     29.00     41.00    139.00      0.00
  8.5000       26.5980    0.6052      8.00     19.00     35.00    225.00      0.00      13.5670    0.3776      2.00      7.00     19.00    126.00      0.00      30.7290    0.4128     18.00     30.00     43.00    117.00      0.00
  8.0000       25.9625    0.5705      8.00     19.00     36.00    339.00      0.00      12.9475    0.3678      2.00      7.00     17.00    171.00      0.00      31.0015    0.4185     18.00     31.00     43.00    117.00      0.00
  7.5000       26.8495    0.6164      8.00     19.00     36.00    336.00      0.00      12.6465    0.3564      2.00      6.00     17.00    128.00      0.00      32.1425    0.4496     18.00     32.00     44.00    118.00      0.00
  7.0000       26.4835    0.6079      8.00     19.00     35.00    278.00      0.00      12.8695    0.3958      2.00      7.00     17.00    243.00      0.00      32.8315    0.4642     18.00     32.00     46.00    137.00      0.00
  6.5000       27.3905    0.6038      8.00     21.00     38.00    265.00      0.00      12.6860    0.3787      2.00      6.00     17.00    153.00      0.00      33.4745    0.4532     19.00     33.00     47.00    124.00      0.00
  6.0000       28.0105    0.6120      9.00     20.00     38.00    266.00      0.00      12.5945    0.3684      2.00      6.00     17.00    218.00      0.00      35.6735    0.4841     21.00     35.00     49.00    123.00      0.00
  5.5000       28.2710    0.6265      9.00     21.00     38.00    284.00      0.00      12.4590    0.3684      2.00      6.00     16.00    134.00      0.00      37.3710    0.5087     23.00     37.00     52.00    160.00      0.00
  5.0000       29.3340    0.6694     10.00     21.00     39.00    379.00      0.00      12.0435    0.3570      2.00      6.00     16.00    145.00      0.00      40.9625    0.5900     23.00     39.00     56.00    259.00      0.00
  4.5000       31.1615    0.6619     11.00     23.00     42.00    251.00      0.00      12.5310    0.3589      2.00      6.00     17.00    140.00      0.00      43.4235    0.5753     27.00     42.00     59.00    162.00      0.00
  4.0000       32.9250    0.7189     11.00     24.00     44.00    290.00      0.00      12.6980    0.3688      2.00      6.00     17.00    149.00      0.00      47.1835    0.6697     28.00     45.00     63.00    206.00      0.00
  3.5000       34.9605    0.7789     11.00     26.00     46.00    380.00      0.00      12.1505    0.3566      2.00      6.00     17.00    186.00      0.00      55.1055    0.7880     32.00     52.00     76.00    219.00      0.00
  3.0000       40.1615    0.8972     14.00     28.00     53.00    359.00      0.00      13.1695    0.3999      2.00      6.00     17.00    189.00      0.00      65.4985    0.9808     36.00     62.00     90.00    316.00      0.00
  2.5000       47.9770    1.0913     16.00     33.00     63.00    517.00      0.00      13.2210    0.3976      2.00      6.00     17.00    176.00      0.00      80.8075    1.3032     39.00     74.00    114.00    402.00      0.00
