Shift TestRadius  ARL  Std  Q1  Med  Q3  Max min
 2.000 0.200     3.9828     0.0360     2.0000     3.0000     5.0000    25.0000     0.0000
 2.000 0.180     4.3964     0.0390     2.0000     4.0000     6.0000    24.0000     0.0000
 2.000 0.160     5.0368     0.0483     3.0000     4.0000     6.0000    43.0000     0.0000
 2.000 0.140     5.8148     0.0582     3.0000     5.0000     8.0000    56.0000     0.0000
 2.000 0.120     6.8824     0.0693     3.0000     6.0000     9.0000    55.0000     0.0000
 2.000 0.100     8.8322     0.0971     4.0000     7.0000    12.0000    75.0000     0.0000
 2.000 0.080    12.1790     0.1411     5.0000    10.0000    16.0000   120.0000     0.0000
 2.000 0.060    20.2568     0.2685     7.0000    15.0000    26.0000   199.0000     0.0000
 2.000 0.040    44.3188     0.6174    13.0000    31.0000    61.0000   411.0000     0.0000
 2.000 0.020   107.8126     1.5516    31.0000    75.0000   150.0000  1020.0000     0.0000
 1.800 0.200     4.3718     0.0382     2.0000     4.0000     6.0000    30.0000     0.0000
 1.800 0.180     4.9150     0.0460     3.0000     4.0000     6.0000    26.0000     0.0000
 1.800 0.160     5.5592     0.0529     3.0000     5.0000     7.0000    37.0000     0.0000
 1.800 0.140     6.4232     0.0651     3.0000     5.0000     8.0000    79.0000     0.0000
 1.800 0.120     7.7272     0.0819     4.0000     6.0000    10.0000    51.0000     0.0000
 1.800 0.100     9.9562     0.1113     5.0000     8.0000    13.0000    79.0000     0.0000
 1.800 0.080    13.5488     0.1694     6.0000    11.0000    17.0000   160.0000     0.0000
 1.800 0.060    21.6262     0.2871     8.0000    16.0000    29.0000   224.0000     0.0000
 1.800 0.040    45.4408     0.6291    14.0000    31.0000    63.0000   368.0000     0.0000
 1.800 0.020   114.6820     1.6195    33.0000    80.0000   158.0000   955.0000     0.0000
 1.600 0.200     4.9044     0.0448     3.0000     4.0000     6.0000    27.0000     0.0000
 1.600 0.180     5.5226     0.0525     3.0000     5.0000     7.0000    40.0000     0.0000
 1.600 0.160     6.2718     0.0626     3.0000     5.0000     8.0000    54.0000     0.0000
 1.600 0.140     7.4434     0.0785     4.0000     6.0000    10.0000    50.0000     0.0000
 1.600 0.120     8.7274     0.0961     4.0000     7.0000    11.0000    83.0000     0.0000
 1.600 0.100    10.9066     0.1234     5.0000     9.0000    14.0000   102.0000     0.0000
 1.600 0.080    15.4752     0.1980     6.0000    11.0000    21.0000   226.0000     0.0000
 1.600 0.060    24.6796     0.3333     9.0000    18.0000    33.0000   321.0000     0.0000
 1.600 0.040    51.1402     0.7204    16.0000    35.0000    70.0000   504.0000     0.0000
 1.600 0.020   116.5888     1.6721    33.0000    78.0000   160.0000  1143.0000     0.0000
 1.400 0.200     5.6936     0.0533     3.0000     5.0000     7.0000    35.0000     0.0000
 1.400 0.180     6.4192     0.0654     3.0000     5.0000     8.0000    51.0000     0.0000
 1.400 0.160     7.3120     0.0751     4.0000     6.0000     9.0000    59.0000     0.0000
 1.400 0.140     8.6042     0.0925     4.0000     7.0000    11.0000    91.0000     0.0000
 1.400 0.120    10.3934     0.1128     5.0000     8.0000    14.0000   104.0000     0.0000
 1.400 0.100    13.6376     0.1599     6.0000    10.0000    18.0000   112.0000     0.0000
 1.400 0.080    18.9416     0.2417     7.0000    14.0000    25.0000   173.0000     0.0000
 1.400 0.060    29.1100     0.3888    10.0000    21.0000    39.0000   276.0000     0.0000
 1.400 0.040    57.2566     0.8213    17.0000    38.0000    79.0000   658.0000     0.0000
 1.400 0.020   123.2988     1.7643    34.0000    85.0000   172.0000  1012.0000     0.0000
 1.200 0.200     6.9770     0.0690     4.0000     6.0000     9.0000    58.0000     0.0000
 1.200 0.180     7.7072     0.0779     4.0000     6.0000    10.0000    60.0000     0.0000
 1.200 0.160     9.0006     0.0957     4.0000     7.0000    12.0000    79.0000     0.0000
 1.200 0.140    10.2892     0.1104     5.0000     8.0000    14.0000    91.0000     0.0000
 1.200 0.120    12.6320     0.1496     6.0000    10.0000    17.0000   187.0000     0.0000
 1.200 0.100    16.1148     0.1885     7.0000    12.0000    21.0000   150.0000     0.0000
 1.200 0.080    22.9662     0.2960     9.0000    17.0000    30.0000   259.0000     0.0000
 1.200 0.060    35.7376     0.4889    13.0000    25.0000    48.0000   429.0000     0.0000
 1.200 0.040    63.6372     0.8692    20.0000    44.0000    89.0000   528.0000     0.0000
 1.200 0.020   130.4366     1.8207    38.0000    89.0000   184.0000   898.0000     0.0000
 1.000 0.200     8.7972     0.0910     4.0000     7.0000    11.0000    67.0000     0.0000
 1.000 0.180     9.7574     0.1034     5.0000     8.0000    13.0000    80.0000     0.0000
 1.000 0.160    11.3104     0.1247     5.0000     9.0000    15.0000    92.0000     0.0000
 1.000 0.140    13.4554     0.1498     6.0000    11.0000    18.0000   100.0000     0.0000
 1.000 0.120    16.1800     0.1906     7.0000    13.0000    21.0000   155.0000     0.0000
 1.000 0.100    20.9872     0.2614     9.0000    16.0000    28.0000   151.0000     0.0000
 1.000 0.080    29.5256     0.3897    11.0000    21.0000    39.0000   295.0000     0.0000
 1.000 0.060    43.9030     0.6086    15.0000    30.0000    59.0000   472.0000     0.0000
 1.000 0.040    78.6768     1.0881    25.0000    56.0000   107.0000   679.0000     0.0000
 1.000 0.020   143.2006     2.0228    43.0000   100.0000   196.0000  1089.0000     0.0000
 0.800 0.200    11.6560     0.1215     6.0000     9.0000    15.0000   100.0000     0.0000
 0.800 0.180    13.5640     0.1499     6.0000    11.0000    17.0000   107.0000     0.0000
 0.800 0.160    15.4550     0.1740     7.0000    12.0000    20.0000   125.0000     0.0000
 0.800 0.140    18.4328     0.2207     8.0000    14.0000    24.0000   167.0000     0.0000
 0.800 0.120    22.6546     0.2842     9.0000    17.0000    29.0000   203.0000     0.0000
 0.800 0.100    28.3964     0.3720    11.0000    20.0000    37.0000   319.0000     0.0000
 0.800 0.080    39.9030     0.5108    15.0000    30.0000    54.0000   345.0000     0.0000
 0.800 0.060    58.3736     0.8004    19.0000    41.0000    80.0000   511.0000     0.0000
 0.800 0.040    94.5282     1.3331    29.0000    65.0000   129.0000   834.0000     0.0000
 0.800 0.020   155.2752     2.2068    44.0000   108.0000   216.0000  1462.0000     0.0000
 0.600 0.200    18.2880     0.2020     8.0000    14.0000    24.0000   149.0000     0.0000
 0.600 0.180    20.4490     0.2359     9.0000    16.0000    27.0000   163.0000     0.0000
 0.600 0.160    24.1498     0.2903    10.0000    19.0000    32.0000   212.0000     0.0000
 0.600 0.140    28.6266     0.3497    12.0000    22.0000    38.0000   270.0000     0.0000
 0.600 0.120    35.0010     0.4451    14.0000    26.0000    46.0000   421.0000     0.0000
 0.600 0.100    43.5308     0.5720    16.0000    31.0000    58.0000   368.0000     0.0000
 0.600 0.080    57.5792     0.7657    20.0000    42.0000    78.0000   564.0000     0.0000
 0.600 0.060    83.2018     1.0927    28.0000    59.0000   115.0000   567.0000     0.0000
 0.600 0.040   118.6520     1.6433    35.0000    82.0000   164.0000  1030.0000     0.0000
 0.600 0.020   170.6190     2.3617    51.0000   123.0000   236.0000  1522.0000     0.0000
 0.400 0.200    36.8536     0.4454    15.0000    28.0000    49.0000   317.0000     0.0000
 0.400 0.180    42.6042     0.5366    17.0000    32.0000    57.0000   385.0000     0.0000
 0.400 0.160    48.7510     0.6110    19.0000    37.0000    65.0000   373.0000     0.0000
 0.400 0.140    56.5770     0.7330    21.0000    42.0000    74.0000   623.0000     0.0000
 0.400 0.120    67.5536     0.8854    23.0000    49.0000    93.0000   581.0000     0.0000
 0.400 0.100    82.2844     1.0929    28.0000    60.0000   114.0000   781.0000     0.0000
 0.400 0.080   102.4066     1.4006    33.0000    72.0000   140.0000   806.0000     0.0000
 0.400 0.060   126.2716     1.7853    39.0000    89.0000   171.0000  1407.0000     0.0000
 0.400 0.040   154.8658     2.1834    45.0000   108.0000   213.0000  1318.0000     0.0000
 0.400 0.020   185.1096     2.6247    54.0000   127.0000   257.0000  1634.0000     0.0000
 0.200 0.200   120.9202     1.6823    38.0000    83.0000   166.0000  1081.0000     0.0000
 0.200 0.180   131.2656     1.8483    40.0000    91.0000   180.0000  1104.0000     0.0000
 0.200 0.160   140.5930     1.9913    43.0000    98.0000   191.0000  1404.0000     0.0000
 0.200 0.140   147.5600     2.0665    44.0000   102.0000   204.0000  1023.0000     0.0000
 0.200 0.120   156.8688     2.2205    45.0000   107.0000   220.0000  1528.0000     0.0000
 0.200 0.100   170.1464     2.4065    50.0000   118.0000   233.0000  1553.0000     0.0000
 0.200 0.080   176.8722     2.4531    51.0000   125.0000   247.0000  1267.0000     0.0000
 0.200 0.060   181.7794     2.5733    52.0000   126.0000   251.0000  1576.0000     0.0000
 0.200 0.040   191.0844     2.7132    54.0000   133.0000   270.0000  1771.0000     0.0000
 0.200 0.020   198.9582     2.8407    56.0000   136.0000   276.0000  1767.0000     0.0000
