Amp  OC_Mean OC_Std OC_Q1 OC_Med OC_Q3 OC_Max OC_Min  Exp_Mean Exp_Std Exp_Q1 Exp_Med Exp_Q3 Exp_Max Exp_Min  Num_Mean Num_Std Num_Q1 Num_Med Num_Q3 Num_Max Num_Min
 10.0000       13.5102    0.2385      5.00      9.00     15.00    232.00      0.00       1.4472    0.0169      1.00      1.00      2.00     29.00      0.00      12.8212    0.1303      7.00     11.00     17.00     90.00      0.00
  9.5000       14.2912    0.2572      5.00      9.00     16.00    254.00      0.00       1.4776    0.0179      1.00      1.00      2.00     28.00      0.00      13.5512    0.1379      7.00     12.00     18.00     86.00      0.00
  9.0000       15.4654    0.2681      6.00     10.00     17.00    302.00      0.00       1.4836    0.0186      1.00      1.00      2.00     46.00      0.00      14.8222    0.1475      8.00     13.00     19.00    100.00      0.00
  8.5000       17.0598    0.3027      7.00     11.00     19.00    383.00      0.00       1.4788    0.0187      1.00      1.00      2.00     33.00      0.00      16.3792    0.1652      8.00     14.00     21.00    127.00      0.00
  8.0000       17.8706    0.3069      7.00     12.00     20.00    296.00      0.00       1.4654    0.0171      1.00      1.00      2.00     24.00      0.00      17.3362    0.1743      9.00     15.00     23.00    112.00      0.00
  7.5000       19.5456    0.2942      8.00     13.00     23.00    251.00      0.00       1.4486    0.0187      1.00      1.00      2.00     39.00      0.00      19.8214    0.2018     10.00     17.00     26.00    142.00      0.00
  7.0000       22.1350    0.3296      9.00     15.00     26.00    352.00      0.00       1.4864    0.0188      1.00      1.00      2.00     41.00      0.00      22.2676    0.2233     11.00     19.00     29.00    132.00      0.00
  6.5000       25.5104    0.4386     10.00     17.00     29.00    702.00      0.00       1.4750    0.0177      1.00      1.00      2.00     34.00      0.00      25.3134    0.2634     12.00     21.00     33.00    160.00      0.00
  6.0000       28.2576    0.4196     12.00     20.00     34.00    376.00      0.00       1.4472    0.0154      1.00      1.00      2.00     19.00      0.00      29.0656    0.3061     14.00     24.00     38.00    186.00      0.00
  5.5000       32.4214    0.4606     13.00     23.00     40.00    434.00      0.00       1.5132    0.0215      1.00      1.00      2.00     57.00      0.00      33.5434    0.3703     15.00     27.00     45.00    278.00      0.00
  5.0000       38.7296    0.5528     16.00     27.00     48.00    524.00      0.00       1.4672    0.0163      1.00      1.00      2.00     28.00      0.00      40.7106    0.4663     18.00     33.00     54.00    358.00      0.00
  4.5000       49.2664    0.6786     19.00     35.00     62.00    639.00      0.00       1.4758    0.0174      1.00      1.00      2.00     39.00      0.00      52.3636    0.6256     22.00     41.00     70.00    407.00      0.00
  4.0000       59.0614    0.8112     22.00     42.00     76.00    563.00      0.00       1.4490    0.0165      1.00      1.00      2.00     25.00      0.00      64.3502    0.8105     24.00     48.00     87.00    564.00      0.00
  3.5000       79.4938    1.0978     28.00     56.00    105.00    752.00      0.00       1.4684    0.0167      1.00      1.00      2.00     31.00      0.00      86.4172    1.1567     29.00     62.00    116.00    630.00      0.00
  3.0000      103.7660    1.4691     33.00     72.00    141.00   1349.00      0.00       1.4482    0.0160      1.00      1.00      2.00     21.00      0.00     119.2076    1.7541     34.00     80.00    159.00   1018.00      0.00
  2.5000      138.5666    1.9379     44.00     98.00    188.00   1370.00      0.00       1.4964    0.0214      1.00      1.00      2.00     40.00      0.00     158.0608    2.3578     42.00    104.00    217.00   1745.00      0.00
