Amp Area Ellipse  OC_Mean OC_Std OC_Q1 OC_Med OC_Q3 OC_Max OC_Min  Exp_Mean Exp_Std Exp_Q1 Exp_Med Exp_Q3 Exp_Max Exp_Min  Num_Mean Num_Std Num_Q1 Num_Med Num_Q3 Num_Max Num_Min
  0.5000   0.0200   1.0000       33.5728    0.3787     15.00     26.00     44.00    277.00      0.00       2.1550    0.0226      1.00      2.00      3.00     14.00      0.00      86.3968    0.7362     50.00     78.00    114.00    401.00      0.00
  0.5000   0.0200   0.9500       33.6772    0.3768     16.00     26.00     44.00    235.00      0.00       2.1494    0.0223      1.00      2.00      3.00     19.00      0.00      85.4124    0.7268     49.00     77.00    112.00    367.00      0.00
  0.5000   0.0200   0.9000       34.0828    0.3880     15.00     27.00     45.00    235.00      0.00       2.1094    0.0218      1.00      2.00      3.00     11.00      0.00      86.4218    0.7605     48.00     77.00    116.00    407.00      0.00
  0.5000   0.0200   0.8500       34.6256    0.3987     16.00     27.00     46.00    296.00      0.00       2.1212    0.0218      1.00      2.00      3.00     16.00      0.00      86.6480    0.7274     50.00     79.00    115.00    396.00      0.00
  0.5000   0.0200   0.8000       33.9036    0.3871     15.00     27.00     45.00    323.00      0.00       2.1746    0.0228      1.00      2.00      3.00     13.00      0.00      85.4090    0.7477     48.00     76.00    114.00    413.00      0.00
  0.5000   0.0200   0.7500       34.3162    0.3906     15.00     27.00     45.00    254.00      0.00       2.1512    0.0226      1.00      2.00      3.00     13.00      0.00      86.1824    0.7351     49.00     78.00    115.00    367.00      0.00
  0.5000   0.0200   0.7000       34.1488    0.3873     15.00     27.00     45.00    226.00      0.00       2.1342    0.0221      1.00      2.00      3.00     12.00      0.00      85.9152    0.7508     48.00     78.00    113.00    389.00      0.00
  0.5000   0.0200   0.6500       34.3054    0.3956     15.00     27.00     45.00    339.00      0.00       2.1172    0.0217      1.00      2.00      3.00     13.00      0.00      84.9050    0.7364     48.00     76.00    114.00    406.00      0.00
  0.5000   0.0200   0.6000       34.0334    0.3809     16.00     27.00     45.00    340.00      0.00       2.1180    0.0219      1.00      2.00      3.00     15.00      0.00      86.7614    0.7435     49.00     79.00    115.00    414.00      0.00
  0.5000   0.0200   0.5500       34.2386    0.4109     15.00     26.00     44.00    355.00      0.00       2.1470    0.0226      1.00      2.00      3.00     14.00      0.00      86.0822    0.7491     47.00     77.00    116.00    425.00      0.00
  0.5000   0.0200   0.5000       34.0452    0.3843     15.00     27.00     44.00    296.00      0.00       2.1258    0.0220      1.00      2.00      3.00     14.00      0.00      85.1652    0.7370     47.00     77.00    114.00    358.00      0.00
  0.5000   0.0200   0.4500       34.6806    0.3955     16.00     27.00     45.00    234.00      0.00       2.1254    0.0223      1.00      2.00      3.00     14.00      0.00      87.6534    0.7658     49.00     79.00    116.00    446.00      0.00
  0.5000   0.0200   0.4000       34.2264    0.3947     15.00     27.00     44.00    310.00      0.00       2.1840    0.0236      1.00      2.00      3.00     15.00      0.00      86.2808    0.7427     48.00     78.00    116.00    416.00      0.00
  0.5000   0.0200   0.3500       34.7188    0.3824     16.00     28.00     46.00    228.00      0.00       2.1452    0.0225      1.00      2.00      3.00     12.00      0.00      86.3376    0.7425     49.00     77.00    114.00    376.00      0.00
  0.5000   0.0200   0.3000       35.0358    0.4110     15.00     26.00     46.00    260.00      0.00       2.1416    0.0221      1.00      2.00      3.00     13.00      0.00      87.0864    0.7668     49.00     79.00    116.00    391.00      0.00
  0.5000   0.0200   0.2500       35.8272    0.4211     16.00     28.00     46.00    338.00      0.00       2.1442    0.0224      1.00      2.00      3.00     13.00      0.00      86.9438    0.7661     48.00     79.00    116.00    398.00      0.00
  0.5000   0.0200   0.2000       36.0038    0.4138     16.00     28.00     47.00    265.00      0.00       2.1636    0.0228      1.00      2.00      3.00     13.00      0.00      86.3932    0.7405     49.00     78.00    116.00    397.00      0.00
  0.5000   0.0200   0.1500       36.8660    0.4344     16.00     28.00     48.00    273.00      0.00       2.2066    0.0239      1.00      2.00      3.00     16.00      0.00      87.1786    0.7507     49.00     79.00    117.00    373.00      0.00
  0.5000   0.0200   0.1000       38.3896    0.4594     17.00     29.00     49.00    280.00      0.00       2.2280    0.0248      1.00      2.00      3.00     15.00      0.00      87.5026    0.7696     48.00     78.00    118.00    430.00      0.00
  0.5000   0.0200   0.0500       41.2624    0.4916     18.00     32.00     54.00    366.00      0.00       2.3582    0.0268      1.00      2.00      3.00     17.00      0.00      88.8886    0.7938     49.00     80.00    119.00    455.00      0.00
  0.5000   0.0300   1.0000       26.1696    0.2829     13.00     21.00     34.00    190.00      0.00       1.6800    0.0158      1.00      1.00      2.00     11.00      0.00      91.6336    0.7759     52.00     81.00    122.00    413.00      0.00
  0.5000   0.0300   0.9500       25.9278    0.2819     13.00     21.00     34.00    309.00      0.00       1.6804    0.0160      1.00      1.00      2.00     11.00      0.00      92.0186    0.7839     53.00     84.00    121.00    378.00      0.00
  0.5000   0.0300   0.9000       26.3296    0.2917     13.00     21.00     34.00    222.00      0.00       1.6870    0.0157      1.00      1.00      2.00     10.00      0.00      91.6996    0.7880     52.00     83.00    120.00    502.00      0.00
  0.5000   0.0300   0.8500       25.7898    0.2740     12.00     21.00     34.00    256.00      0.00       1.6624    0.0156      1.00      1.00      2.00     13.00      0.00      92.4338    0.7867     52.00     83.00    124.00    445.00      0.00
  0.5000   0.0300   0.8000       25.5848    0.2695     13.00     21.00     33.00    158.00      0.00       1.6764    0.0160      1.00      1.00      2.00     11.00      0.00      91.1228    0.7666     53.00     82.00    120.00    514.00      0.00
  0.5000   0.0300   0.7500       25.8120    0.2784     12.00     21.00     34.00    176.00      0.00       1.6910    0.0160      1.00      1.00      2.00     11.00      0.00      90.9598    0.7783     51.00     81.00    121.00    351.00      0.00
  0.5000   0.0300   0.7000       25.3930    0.2673     12.00     20.00     33.00    156.00      0.00       1.6780    0.0158      1.00      1.00      2.00     11.00      0.00      91.5182    0.7779     51.00     82.00    122.00    405.00      0.00
  0.5000   0.0300   0.6500       26.0070    0.2811     12.00     21.00     34.00    229.00      0.00       1.6638    0.0160      1.00      1.00      2.00     11.00      0.00      91.9448    0.7765     53.00     82.00    122.00    375.00      0.00
  0.5000   0.0300   0.6000       25.7852    0.2698     12.00     21.00     34.00    176.00      0.00       1.6828    0.0161      1.00      1.00      2.00     11.00      0.00      91.9368    0.7803     53.00     83.00    121.00    413.00      0.00
  0.5000   0.0300   0.5500       26.2934    0.2867     13.00     21.00     34.00    204.00      0.00       1.6860    0.0159      1.00      1.00      2.00     11.00      0.00      92.9198    0.7895     53.00     83.00    123.00    447.00      0.00
  0.5000   0.0300   0.5000       25.9520    0.2829     13.00     21.00     33.00    226.00      0.00       1.6794    0.0162      1.00      1.00      2.00     11.00      0.00      91.0714    0.7871     51.00     82.00    120.00    409.00      0.00
  0.5000   0.0300   0.4500       26.2194    0.2829     13.00     21.00     34.00    310.00      0.00       1.6716    0.0158      1.00      1.00      2.00     11.00      0.00      91.4726    0.7919     51.00     81.00    122.00    385.00      0.00
  0.5000   0.0300   0.4000       26.1376    0.2770     13.00     21.00     34.00    242.00      0.00       1.6868    0.0159      1.00      1.00      2.00     11.00      0.00      91.4130    0.7763     52.00     83.00    121.00    471.00      0.00
  0.5000   0.0300   0.3500       27.1038    0.2925     13.00     22.00     35.00    240.00      0.00       1.6602    0.0158      1.00      1.00      2.00     11.00      0.00      92.4174    0.7815     54.00     83.00    122.00    537.00      0.00
  0.5000   0.0300   0.3000       26.8408    0.2862     13.00     22.00     35.00    239.00      0.00       1.7084    0.0164      1.00      1.00      2.00     11.00      0.00      92.1044    0.7715     53.00     84.00    122.00    493.00      0.00
  0.5000   0.0300   0.2500       26.8718    0.2848     13.00     22.00     35.00    271.00      0.00       1.7156    0.0169      1.00      1.00      2.00     15.00      0.00      91.1496    0.7714     52.00     82.00    120.00    435.00      0.00
  0.5000   0.0300   0.2000       27.5338    0.2976     13.00     22.00     36.00    181.00      0.00       1.7186    0.0164      1.00      1.00      2.00     11.00      0.00      91.5198    0.7806     52.00     82.00    122.00    427.00      0.00
  0.5000   0.0300   0.1500       27.5878    0.3013     13.00     22.00     35.00    228.00      0.00       1.7458    0.0167      1.00      1.00      2.00     11.00      0.00      91.6920    0.7724     53.00     83.00    121.00    485.00      0.00
  0.5000   0.0300   0.1000       27.9810    0.3109     13.00     22.00     36.00    219.00      0.00       1.7312    0.0171      1.00      1.00      2.00     12.00      0.00      91.1626    0.7876     51.00     82.00    121.00    431.00      0.00
  0.5000   0.0300   0.0500       30.5634    0.3389     14.00     24.00     40.00    269.00      0.00       1.8454    0.0189      1.00      1.00      2.00     14.00      0.00      92.5626    0.7982     52.00     83.00    123.00    391.00      0.00
  2.0000   0.0200   1.0000        4.3520    0.0392      2.00      4.00      6.00     25.00      0.00       2.1416    0.0221      1.00      2.00      3.00     13.00      0.00      12.1410    0.0822      9.00     11.00     14.00     53.00      0.00
  2.0000   0.0200   0.9500        4.3346    0.0399      2.00      4.00      5.00     36.00      0.00       2.1116    0.0220      1.00      2.00      3.00     13.00      0.00      12.0124    0.0781      9.00     11.00     14.00     46.00      0.00
  2.0000   0.0200   0.9000        4.3444    0.0381      2.00      4.00      6.00     24.00      0.00       2.1802    0.0226      1.00      2.00      3.00     11.00      0.00      12.1790    0.0799      9.00     11.00     14.00     58.00      0.00
  2.0000   0.0200   0.8500        4.3324    0.0380      2.00      4.00      5.00     25.00      0.00       2.1364    0.0216      1.00      2.00      3.00     14.00      0.00      12.1438    0.0793      9.00     11.00     15.00     50.00      0.00
  2.0000   0.0200   0.8000        4.3656    0.0389      2.00      4.00      6.00     28.00      0.00       2.1360    0.0218      1.00      2.00      3.00     13.00      0.00      12.2086    0.0800      9.00     11.00     15.00     46.00      0.00
  2.0000   0.0200   0.7500        4.3234    0.0392      2.00      4.00      5.00     27.00      0.00       2.1412    0.0231      1.00      2.00      3.00     19.00      0.00      12.1728    0.0813      9.00     11.00     15.00     43.00      0.00
  2.0000   0.0200   0.7000        4.3398    0.0388      2.00      4.00      5.00     24.00      0.00       2.1302    0.0216      1.00      2.00      3.00     15.00      0.00      12.0722    0.0803      9.00     11.00     14.00     50.00      0.00
  2.0000   0.0200   0.6500        4.3102    0.0385      2.00      4.00      5.00     21.00      0.00       2.1470    0.0224      1.00      2.00      3.00     14.00      0.00      12.0340    0.0784      9.00     11.00     14.00     44.00      0.00
  2.0000   0.0200   0.6000        4.2434    0.0375      2.00      3.00      5.00     27.00      0.00       2.0940    0.0216      1.00      2.00      3.00     13.00      0.00      12.0868    0.0812      9.00     11.00     14.00     50.00      0.00
  2.0000   0.0200   0.5500        4.3368    0.0392      2.00      4.00      6.00     26.00      0.00       2.1350    0.0221      1.00      2.00      3.00     12.00      0.00      12.2172    0.0812      9.00     11.00     15.00     55.00      0.00
  2.0000   0.0200   0.5000        4.3890    0.0403      2.00      4.00      6.00     30.00      0.00       2.1440    0.0219      1.00      2.00      3.00     12.00      0.00      12.0854    0.0807      9.00     11.00     14.00     51.00      0.00
  2.0000   0.0200   0.4500        4.3180    0.0380      2.00      4.00      5.00     29.00      0.00       2.1210    0.0216      1.00      2.00      3.00     12.00      0.00      12.0996    0.0784      9.00     11.00     14.00     42.00      0.00
  2.0000   0.0200   0.4000        4.3542    0.0387      2.00      4.00      6.00     25.00      0.00       2.1680    0.0224      1.00      2.00      3.00     13.00      0.00      12.0472    0.0797      9.00     11.00     14.00     45.00      0.00
  2.0000   0.0200   0.3500        4.3424    0.0381      2.00      4.00      6.00     24.00      0.00       2.1392    0.0222      1.00      2.00      3.00     14.00      0.00      11.9500    0.0793      9.00     11.00     14.00     45.00      0.00
  2.0000   0.0200   0.3000        4.3794    0.0391      2.00      4.00      6.00     25.00      0.00       2.1714    0.0231      1.00      2.00      3.00     13.00      0.00      12.0592    0.0809      9.00     11.00     14.00     53.00      0.00
  2.0000   0.0200   0.2500        4.3534    0.0402      2.00      4.00      6.00     30.00      0.00       2.1392    0.0226      1.00      2.00      3.00     14.00      0.00      11.8958    0.0781      9.00     11.00     14.00     43.00      0.00
  2.0000   0.0200   0.2000        4.3932    0.0394      2.00      4.00      6.00     25.00      0.00       2.2092    0.0235      1.00      2.00      3.00     15.00      0.00      11.8550    0.0784      8.00     11.00     14.00     45.00      0.00
  2.0000   0.0200   0.1500        4.4698    0.0429      2.00      4.00      6.00     37.00      0.00       2.1666    0.0234      1.00      2.00      3.00     14.00      0.00      11.7540    0.0780      8.00     11.00     14.00     48.00      0.00
  2.0000   0.0200   0.1000        4.5074    0.0413      2.00      4.00      6.00     25.00      0.00       2.2266    0.0239      1.00      2.00      3.00     13.00      0.00      11.5638    0.0758      8.00     11.00     14.00     50.00      0.00
  2.0000   0.0200   0.0500        4.7856    0.0449      3.00      4.00      6.00     29.00      0.00       2.3428    0.0264      1.00      2.00      3.00     17.00      0.00      11.1292    0.0757      7.00     10.00     14.00     41.00      0.00
  2.0000   0.0300   1.0000        3.4680    0.0282      2.00      3.00      4.00     17.00      0.00       1.6716    0.0156      1.00      1.00      2.00     12.00      0.00      13.2904    0.0907     10.00     11.00     17.00     51.00      0.00
  2.0000   0.0300   0.9500        3.4612    0.0275      2.00      3.00      4.00     18.00      0.00       1.6696    0.0156      1.00      1.00      2.00     11.00      0.00      13.4052    0.0927     10.00     12.00     17.00     52.00      0.00
  2.0000   0.0300   0.9000        3.4764    0.0291      2.00      3.00      4.00     24.00      0.00       1.6682    0.0162      1.00      1.00      2.00     12.00      0.00      13.1878    0.0908      9.00     12.00     16.00     49.00      0.00
  2.0000   0.0300   0.8500        3.4880    0.0280      2.00      3.00      4.00     18.00      0.00       1.6686    0.0156      1.00      1.00      2.00     11.00      0.00      13.3688    0.0908     10.00     12.00     17.00     50.00      0.00
  2.0000   0.0300   0.8000        3.4798    0.0283      2.00      3.00      4.00     19.00      0.00       1.6894    0.0163      1.00      1.00      2.00     11.00      0.00      13.1952    0.0891      9.00     11.00     16.00     50.00      0.00
  2.0000   0.0300   0.7500        3.5112    0.0288      2.00      3.00      4.00     21.00      0.00       1.6694    0.0159      1.00      1.00      2.00     10.00      0.00      13.2110    0.0899     10.00     11.00     16.00     53.00      0.00
  2.0000   0.0300   0.7000        3.4546    0.0281      2.00      3.00      4.00     17.00      0.00       1.6500    0.0154      1.00      1.00      2.00     10.00      0.00      13.1772    0.0912      9.00     11.00     16.00     50.00      0.00
  2.0000   0.0300   0.6500        3.4710    0.0278      2.00      3.00      4.00     18.00      0.00       1.6700    0.0159      1.00      1.00      2.00     10.00      0.00      13.3216    0.0914     10.00     12.00     17.00     48.00      0.00
  2.0000   0.0300   0.6000        3.5492    0.0288      2.00      3.00      4.00     21.00      0.00       1.6826    0.0158      1.00      1.00      2.00      9.00      0.00      13.1266    0.0897      9.00     12.00     16.00     45.00      0.00
  2.0000   0.0300   0.5500        3.5194    0.0288      2.00      3.00      4.00     22.00      0.00       1.6730    0.0155      1.00      1.00      2.00      9.00      0.00      13.3278    0.0905     10.00     12.00     16.00     65.00      0.00
  2.0000   0.0300   0.5000        3.5076    0.0293      2.00      3.00      4.00     23.00      0.00       1.6818    0.0160      1.00      1.00      2.00     11.00      0.00      13.2212    0.0886     10.00     12.00     16.00     56.00      0.00
  2.0000   0.0300   0.4500        3.4684    0.0290      2.00      3.00      4.00     30.00      0.00       1.6638    0.0155      1.00      1.00      2.00     11.00      0.00      13.2062    0.0912      9.00     12.00     16.00     53.00      0.00
  2.0000   0.0300   0.4000        3.5324    0.0283      2.00      3.00      4.00     21.00      0.00       1.7144    0.0159      1.00      1.00      2.00     13.00      0.00      13.1928    0.0894      9.00     11.00     16.00     49.00      0.00
  2.0000   0.0300   0.3500        3.4960    0.0291      2.00      3.00      4.00     37.00      0.00       1.6474    0.0151      1.00      1.00      2.00      9.00      0.00      13.2208    0.0905      9.00     12.00     16.00     67.00      0.00
  2.0000   0.0300   0.3000        3.5688    0.0294      2.00      3.00      4.00     19.00      0.00       1.7176    0.0165      1.00      1.00      2.00     11.00      0.00      13.0886    0.0895      9.00     11.00     16.00     50.00      0.00
  2.0000   0.0300   0.2500        3.5680    0.0298      2.00      3.00      4.00     19.00      0.00       1.7000    0.0165      1.00      1.00      2.00     11.00      0.00      13.0518    0.0887      9.00     11.00     16.00     55.00      0.00
  2.0000   0.0300   0.2000        3.4968    0.0292      2.00      3.00      4.00     21.00      0.00       1.6778    0.0158      1.00      1.00      2.00     10.00      0.00      13.0044    0.0898      9.00     11.00     16.00     51.00      0.00
  2.0000   0.0300   0.1500        3.6010    0.0300      2.00      3.00      4.00     22.00      0.00       1.7086    0.0163      1.00      1.00      2.00     10.00      0.00      12.9890    0.0898      9.00     11.00     16.00     61.00      0.00
  2.0000   0.0300   0.1000        3.5998    0.0292      2.00      3.00      4.00     22.00      0.00       1.7504    0.0169      1.00      1.00      2.00     12.00      0.00      12.5826    0.0876      9.00     11.00     16.00     55.00      0.00
  2.0000   0.0300   0.0500        3.7474    0.0322      2.00      3.00      5.00     32.00      0.00       1.8102    0.0186      1.00      1.00      2.00     18.00      0.00      12.1322    0.0845      8.00     11.00     15.00     51.00      0.00
