Amp Area CRESCENT  OC_Mean OC_Std OC_Q1 OC_Med OC_Q3 OC_Max OC_Min  Exp_Mean Exp_Std Exp_Q1 Exp_Med Exp_Q3 Exp_Max Exp_Min  Num_Mean Num_Std Num_Q1 Num_Med Num_Q3 Num_Max Num_Min
  0.5000   0.0200   2.0000       56.0328    0.6008     25.00     46.00     77.00    314.00      0.00       1.9590    0.0208      1.00      1.00      2.00     20.00      0.00     119.8808    1.0822     66.00    105.00    159.00    565.00      0.00
  0.5000   0.0200   1.9000       56.8106    0.6128     24.00     47.00     79.00    346.00      0.00       1.9896    0.0215      1.00      1.00      2.00     19.00      0.00     121.7266    1.1106     66.00    108.00    161.00    693.00      0.00
  0.5000   0.0200   1.8000       56.6604    0.6007     25.00     47.00     79.00    386.00      0.00       1.9748    0.0215      1.00      1.00      2.00     21.00      0.00     120.8942    1.0747     67.00    107.00    160.00    653.00      0.00
  0.5000   0.0200   1.7000       55.9122    0.6118     24.00     46.00     77.00    436.00      0.00       1.9782    0.0211      1.00      1.00      2.00     15.00      0.00     121.2160    1.1116     66.00    106.00    161.00    626.00      0.00
  0.5000   0.0200   1.6000       57.1838    0.6309     24.00     46.00     78.00    420.00      0.00       1.9532    0.0201      1.00      1.00      2.00     11.00      0.00     122.6760    1.1156     66.00    108.00    162.00    642.00      0.00
  0.5000   0.0200   1.5000       56.9444    0.6158     24.00     47.00     78.00    373.00      0.00       2.0098    0.0216      1.00      1.00      2.00     25.00      0.00     121.1242    1.0871     68.00    106.00    160.00    621.00      0.00
  0.5000   0.0200   1.4000       57.1242    0.6293     24.00     47.00     78.00    459.00      0.00       1.9812    0.0216      1.00      1.00      2.00     23.00      0.00     119.9110    1.1017     65.00    106.00    159.00    649.00      0.00
  0.5000   0.0200   1.3000       57.3676    0.6156     25.00     47.00     79.00    328.00      0.00       1.9804    0.0212      1.00      1.00      2.00     16.00      0.00     122.1772    1.1440     66.00    106.00    160.00    597.00      0.00
  0.5000   0.0200   1.2000       57.8194    0.6370     25.00     47.00     79.00    560.00      0.00       2.0162    0.0219      1.00      1.00      2.00     19.00      0.00     120.7256    1.0921     66.00    107.00    158.00    607.00      0.00
  0.5000   0.0200   1.1000       58.6212    0.6924     24.00     46.00     80.00    645.00      0.00       2.0194    0.0228      1.00      1.00      2.00     37.00      0.00     119.3322    1.1050     63.00    104.00    159.00    569.00      0.00
  0.5000   0.0200   1.0000       60.7116    0.7145     25.00     48.00     81.00    598.00      0.00       2.0738    0.0255      1.00      1.00      3.00     42.00      0.00     121.5298    1.1167     66.00    106.00    163.00    654.00      0.00
  0.5000   0.0200   0.9000       61.6828    0.7871     25.00     48.00     82.00    848.00      0.00       2.0734    0.0270      1.00      1.00      3.00     31.00      0.00     123.7428    1.1468     67.00    108.00    165.00    579.00      0.00
  0.5000   0.0200   0.8000       63.5192    0.8142     26.00     49.00     84.00    884.00      0.00       2.1602    0.0349      1.00      1.00      3.00     74.00      0.00     120.0670    1.0999     65.00    105.00    160.00    609.00      0.00
  0.5000   0.0200   0.7000       67.0396    0.9646     26.00     51.00     86.00   1088.00      0.00       2.3854    0.0435      1.00      2.00      3.00     74.00      0.00     119.2980    1.1279     63.00    104.00    159.00    648.00      0.00
  0.5000   0.0200   0.6000       70.6064    1.1244     27.00     52.00     89.00   1598.00      0.00       2.5832    0.0681      1.00      2.00      3.00    108.00      0.00     119.9672    1.1590     61.00    104.00    162.00    625.00      0.00
  0.5000   0.0200   0.5000       74.7128    1.3517     28.00     52.00     92.00   1434.00      0.00       2.7008    0.0832      1.00      2.00      3.00    150.00      0.00     120.0372    1.1588     62.00    105.00    161.00    884.00      0.00
  0.5000   0.0200   0.4000       84.3996    1.6678     29.00     56.00     97.00   1849.00      0.00       3.6532    0.1401      1.00      2.00      3.00    176.00      0.00     115.4960    1.1578     58.00    101.00    156.00    617.00      0.00
  0.5000   0.0200   0.3000       89.1092    1.6868     30.00     58.00    103.00   1664.00      0.00       4.7116    0.3119      1.00      2.00      3.00   1029.00      0.00     114.0192    1.1835     53.00     98.00    157.00    770.00      0.00
  0.5000   0.0200   0.2000      109.6414    2.2112     34.00     66.00    121.00   2000.00      0.00       9.6780    0.6609      1.00      2.00      3.00    883.00      0.00     112.2246    1.2463     49.00     95.00    157.00    638.00      0.00
  0.5000   0.0200   0.1000      144.7222    2.6283     44.00     88.00    168.00   2000.00      0.00      18.3320    1.2723      1.00      2.00      5.00   1924.00      0.00     107.5244    1.3676     35.00     85.00    154.00    834.00      0.00
  0.5000   0.0300   2.0000       43.6142    0.4651     19.00     36.00     60.00    283.00      0.00       1.5490    0.0138      1.00      1.00      2.00     10.00      0.00     129.1974    1.1261     73.00    114.00    170.00    598.00      0.00
  0.5000   0.0300   1.9000       43.1614    0.4604     19.00     35.00     58.00    284.00      0.00       1.5550    0.0139      1.00      1.00      2.00     10.00      0.00     130.4072    1.1583     72.00    115.00    171.00    597.00      0.00
  0.5000   0.0300   1.8000       43.2136    0.4677     19.00     35.00     59.00    373.00      0.00       1.5510    0.0138      1.00      1.00      2.00     13.00      0.00     130.6388    1.1475     74.00    115.00    171.00    623.00      0.00
  0.5000   0.0300   1.7000       43.0568    0.4683     19.00     35.00     58.00    331.00      0.00       1.5584    0.0141      1.00      1.00      2.00     12.00      0.00     127.8276    1.1069     72.00    114.00    167.00    761.00      0.00
  0.5000   0.0300   1.6000       44.0578    0.4722     19.00     36.00     60.00    333.00      0.00       1.5450    0.0141      1.00      1.00      2.00     11.00      0.00     127.8320    1.1143     73.00    112.00    169.00    567.00      0.00
  0.5000   0.0300   1.5000       44.5300    0.4953     19.00     36.00     60.00    334.00      0.00       1.5666    0.0146      1.00      1.00      2.00     15.00      0.00     129.2714    1.1246     74.00    114.00    169.00    614.00      0.00
  0.5000   0.0300   1.4000       43.9794    0.4776     19.00     36.00     60.00    311.00      0.00       1.5506    0.0144      1.00      1.00      2.00     13.00      0.00     127.6272    1.1025     72.00    114.00    168.00    689.00      0.00
  0.5000   0.0300   1.3000       44.4572    0.4977     19.00     36.00     61.00    403.00      0.00       1.5672    0.0147      1.00      1.00      2.00     16.00      0.00     130.9636    1.1881     72.00    114.00    173.00    688.00      0.00
  0.5000   0.0300   1.2000       44.6948    0.4936     19.00     36.00     61.00    325.00      0.00       1.5520    0.0142      1.00      1.00      2.00     12.00      0.00     128.3374    1.1332     73.00    113.00    168.00    875.00      0.00
  0.5000   0.0300   1.1000       45.6774    0.5175     19.00     36.00     62.00    373.00      0.00       1.6170    0.0163      1.00      1.00      2.00     17.00      0.00     129.2590    1.1377     71.00    114.00    171.00    642.00      0.00
  0.5000   0.0300   1.0000       46.3492    0.5571     19.00     37.00     62.00    642.00      0.00       1.6298    0.0171      1.00      1.00      2.00     25.00      0.00     128.9976    1.1397     71.00    112.00    169.00    603.00      0.00
  0.5000   0.0300   0.9000       47.7054    0.6011     20.00     37.00     63.00    590.00      0.00       1.7016    0.0232      1.00      1.00      2.00     45.00      0.00     127.7108    1.1268     73.00    113.00    169.00    669.00      0.00
  0.5000   0.0300   0.8000       50.2224    0.7152     20.00     39.00     65.00    735.00      0.00       1.7762    0.0304      1.00      1.00      2.00     54.00      0.00     127.6622    1.1419     70.00    112.00    170.00    586.00      0.00
  0.5000   0.0300   0.7000       52.0612    0.8151     20.00     39.00     66.00   1337.00      0.00       1.9370    0.0433      1.00      1.00      2.00     88.00      0.00     126.8304    1.1412     70.00    112.00    167.00    620.00      0.00
  0.5000   0.0300   0.6000       57.0028    1.1154     20.00     39.00     69.00   1287.00      0.00       2.1814    0.0624      1.00      1.00      2.00    108.00      0.00     125.4720    1.1356     68.00    111.00    166.00    601.00      0.00
  0.5000   0.0300   0.5000       61.0854    1.2784     21.00     41.00     70.00   1813.00      0.00       2.4222    0.0783      1.00      1.00      2.00     96.00      0.00     124.1470    1.1961     65.00    107.00    167.00    758.00      0.00
  0.5000   0.0300   0.4000       68.5498    1.5018     21.00     42.00     74.00   1768.00      0.00       3.1160    0.1428      1.00      1.00      2.00    265.00      0.00     123.9990    1.2206     63.00    108.00    165.00    707.00      0.00
  0.5000   0.0300   0.3000       80.6406    1.7986     24.00     47.00     86.00   2000.00      0.00       4.8568    0.2750      1.00      1.00      2.00    555.00      0.00     119.5326    1.2305     58.00    103.00    162.00    684.00      0.00
  0.5000   0.0300   0.2000       93.4192    2.0789     26.00     51.00     95.00   2000.00      0.00       6.8856    0.4564      1.00      1.00      3.00    797.00      0.00     117.1958    1.2559     54.00    100.00    161.00    703.00      0.00
  0.5000   0.0300   0.1000      132.1766    2.6900     33.00     69.00    139.00   2000.00      0.00      17.1948    1.1126      1.00      2.00      4.00   2000.00      0.00     109.9426    1.3576     38.00     89.00    158.00    767.00      0.00
  2.0000   0.0200   2.0000        6.9310    0.0712      3.00      6.00      9.00     55.00      0.00       1.9644    0.0205      1.00      1.00      2.00     20.00      0.00      17.7074    0.0815     14.00     17.00     21.00     49.00      0.00
  2.0000   0.0200   1.9000        6.9838    0.0709      3.00      6.00      9.00     53.00      0.00       1.9652    0.0207      1.00      1.00      2.00     18.00      0.00      17.7896    0.0826     14.00     17.00     21.00     48.00      0.00
  2.0000   0.0200   1.8000        7.0582    0.0721      3.00      6.00      9.00     49.00      0.00       1.9800    0.0210      1.00      1.00      2.00     18.00      0.00      17.6488    0.0823     14.00     17.00     21.00     56.00      0.00
  2.0000   0.0200   1.7000        7.0046    0.0717      3.00      6.00      9.00     46.00      0.00       1.9798    0.0212      1.00      1.00      2.00     18.00      0.00      17.6180    0.0845     14.00     17.00     21.00     50.00      0.00
  2.0000   0.0200   1.6000        7.0462    0.0711      3.00      6.00      9.00     53.00      0.00       2.0046    0.0213      1.00      1.00      2.00     17.00      0.00      17.7062    0.0857     14.00     17.00     21.00     57.00      0.00
  2.0000   0.0200   1.5000        7.0084    0.0709      3.00      6.00      9.00     50.00      0.00       1.9402    0.0201      1.00      1.00      2.00     15.00      0.00      17.6006    0.0847     14.00     17.00     21.00     52.00      0.00
  2.0000   0.0200   1.4000        7.0222    0.0719      3.00      6.00      9.00     52.00      0.00       1.9642    0.0206      1.00      1.00      2.00     15.00      0.00      17.5970    0.0824     14.00     17.00     21.00     49.00      0.00
  2.0000   0.0200   1.3000        7.1806    0.0725      3.00      6.00      9.00     44.00      0.00       1.9690    0.0205      1.00      1.00      2.00     18.00      0.00      17.6294    0.0838     14.00     17.00     21.00     53.00      0.00
  2.0000   0.0200   1.2000        7.1632    0.0757      3.00      6.00      9.00     54.00      0.00       2.0346    0.0221      1.00      1.00      3.00     18.00      0.00      17.4612    0.0833     14.00     17.00     21.00     52.00      0.00
  2.0000   0.0200   1.1000        7.2994    0.0822      3.00      6.00      9.00    142.00      0.00       2.0362    0.0233      1.00      1.00      2.00     35.00      0.00      17.4576    0.0840     14.00     17.00     21.00     51.00      0.00
  2.0000   0.0200   1.0000        7.2808    0.0871      3.00      6.00      9.00    108.00      0.00       2.0524    0.0268      1.00      1.00      2.00     37.00      0.00      17.4222    0.0846     14.00     17.00     20.00     47.00      0.00
  2.0000   0.0200   0.9000        7.5684    0.0997      3.00      6.00     10.00    115.00      0.00       2.1192    0.0323      1.00      1.00      2.00     59.00      0.00      17.1608    0.0831     13.00     16.00     20.00     58.00      0.00
  2.0000   0.0200   0.8000        7.6240    0.1083      3.00      6.00      9.00    173.00      0.00       2.1962    0.0385      1.00      1.00      2.00     53.00      0.00      16.9744    0.0852     13.00     16.00     20.00     52.00      0.00
  2.0000   0.0200   0.7000        8.2416    0.1351      3.00      6.00     10.00    161.00      0.00       2.3694    0.0528      1.00      1.00      3.00     99.00      0.00      16.9860    0.0845     13.00     16.00     20.00     49.00      0.00
  2.0000   0.0200   0.6000        8.7668    0.1631      4.00      6.00     10.00    255.00      0.00       2.6078    0.0629      1.00      2.00      3.00    115.00      0.00      16.7140    0.0867     13.00     16.00     20.00     57.00      0.00
  2.0000   0.0200   0.5000        9.5850    0.2340      4.00      6.00     10.00    411.00      0.00       3.0130    0.1140      1.00      2.00      3.00    319.00      0.00      16.4004    0.0863     12.00     16.00     20.00     48.00      0.00
  2.0000   0.0200   0.4000       11.3118    0.3892      4.00      6.00     10.00    798.00      0.00       3.7192    0.1687      1.00      2.00      3.00    356.00      0.00      16.1312    0.0867     12.00     16.00     19.00     47.00      0.00
  2.0000   0.0200   0.3000       13.4538    0.4666      4.00      6.00     11.00    804.00      0.00       4.8740    0.2701      1.00      2.00      3.00    675.00      0.00      15.5730    0.0877     12.00     15.00     19.00     47.00      0.00
  2.0000   0.0200   0.2000       18.9290    0.8152      4.00      7.00     12.00    893.00      0.00       7.9548    0.5587      1.00      2.00      3.00    893.00      0.00      14.8210    0.0857     11.00     14.00     18.00     40.00      0.00
  2.0000   0.0200   0.1000       31.4088    1.3089      4.00      8.00     16.00   1267.00      0.00      17.7342    1.1421      1.00      2.00      5.00   1267.00      0.00      13.0912    0.0856     10.00     13.00     16.00     41.00      0.00
  2.0000   0.0300   2.0000        5.4106    0.0510      3.00      4.00      7.00     39.00      0.00       1.5530    0.0141      1.00      1.00      2.00     12.00      0.00      18.6258    0.0857     15.00     18.00     22.00     55.00      0.00
  2.0000   0.0300   1.9000        5.5720    0.0526      3.00      5.00      7.00     37.00      0.00       1.5428    0.0132      1.00      1.00      2.00      9.00      0.00      18.8732    0.0847     15.00     18.00     22.00     57.00      0.00
  2.0000   0.0300   1.8000        5.5472    0.0532      3.00      5.00      7.00     36.00      0.00       1.5498    0.0137      1.00      1.00      2.00     10.00      0.00      18.9268    0.0887     15.00     18.00     22.00     54.00      0.00
  2.0000   0.0300   1.7000        5.5068    0.0526      3.00      5.00      7.00     38.00      0.00       1.5522    0.0140      1.00      1.00      2.00     13.00      0.00      18.8384    0.0863     15.00     18.00     22.00     54.00      0.00
  2.0000   0.0300   1.6000        5.5036    0.0517      3.00      5.00      7.00     34.00      0.00       1.5532    0.0138      1.00      1.00      2.00     10.00      0.00      18.6890    0.0848     15.00     18.00     22.00     51.00      0.00
  2.0000   0.0300   1.5000        5.5502    0.0542      3.00      5.00      7.00     41.00      0.00       1.5766    0.0155      1.00      1.00      2.00     18.00      0.00      18.5948    0.0855     15.00     18.00     22.00     52.00      0.00
  2.0000   0.0300   1.4000        5.5408    0.0543      3.00      5.00      7.00     37.00      0.00       1.5408    0.0145      1.00      1.00      2.00     11.00      0.00      18.5736    0.0838     15.00     18.00     22.00     49.00      0.00
  2.0000   0.0300   1.3000        5.4668    0.0532      3.00      4.00      7.00     40.00      0.00       1.5350    0.0138      1.00      1.00      2.00     13.00      0.00      18.5264    0.0850     15.00     18.00     22.00     51.00      0.00
  2.0000   0.0300   1.2000        5.6008    0.0545      3.00      5.00      7.00     33.00      0.00       1.5678    0.0152      1.00      1.00      2.00     17.00      0.00      18.5462    0.0827     15.00     18.00     22.00     46.00      0.00
  2.0000   0.0300   1.1000        5.7534    0.0599      3.00      5.00      7.00     49.00      0.00       1.6070    0.0183      1.00      1.00      2.00     40.00      0.00      18.4030    0.0874     14.00     18.00     22.00     57.00      0.00
  2.0000   0.0300   1.0000        5.8652    0.0622      3.00      5.00      7.00     50.00      0.00       1.6458    0.0198      1.00      1.00      2.00     34.00      0.00      18.2190    0.0843     14.00     18.00     22.00     55.00      0.00
  2.0000   0.0300   0.9000        5.8510    0.0647      3.00      5.00      7.00     66.00      0.00       1.6756    0.0215      1.00      1.00      2.00     40.00      0.00      18.2348    0.0864     14.00     18.00     22.00     48.00      0.00
  2.0000   0.0300   0.8000        6.0706    0.0816      3.00      5.00      7.00    129.00      0.00       1.7354    0.0249      1.00      1.00      2.00     46.00      0.00      18.0710    0.0860     14.00     17.00     21.00     52.00      0.00
  2.0000   0.0300   0.7000        6.4744    0.1029      3.00      5.00      8.00    148.00      0.00       1.8312    0.0331      1.00      1.00      2.00     81.00      0.00      17.8692    0.0869     14.00     17.00     21.00     49.00      0.00
  2.0000   0.0300   0.6000        7.0050    0.1418      3.00      5.00      8.00    200.00      0.00       2.0520    0.0489      1.00      1.00      2.00     94.00      0.00      17.5822    0.0850     14.00     17.00     21.00     52.00      0.00
  2.0000   0.0300   0.5000        7.7404    0.1772      3.00      5.00      8.00    238.00      0.00       2.3420    0.0707      1.00      1.00      2.00    101.00      0.00      17.4578    0.0862     13.00     17.00     21.00     49.00      0.00
  2.0000   0.0300   0.4000        9.1770    0.2781      3.00      5.00      8.00    458.00      0.00       3.0258    0.1306      1.00      1.00      2.00    275.00      0.00      17.0574    0.0863     13.00     16.00     20.00     47.00      0.00
  2.0000   0.0300   0.3000       10.5272    0.3642      3.00      5.00      9.00    750.00      0.00       3.6192    0.2101      1.00      1.00      2.00    750.00      0.00      16.7598    0.0923     13.00     16.00     20.00     54.00      0.00
  2.0000   0.0300   0.2000       15.7840    0.6906      3.00      5.00     10.00   1327.00      0.00       6.5828    0.4505      1.00      1.00      3.00   1327.00      0.00      15.5910    0.0909     12.00     15.00     19.00     47.00      0.00
  2.0000   0.0300   0.1000       31.6756    1.4501      4.00      7.00     15.00   1817.00      0.00      17.7634    1.2466      1.00      2.00      4.00   1817.00      0.00      14.0508    0.0939     10.00     14.00     18.00     50.00      0.00
