Shift TestRadius  ARL  Std  Q1  Med  Q3  Max
 2.000 0.200     3.9062     0.0276     3.0000     4.0000     5.0000    20.0000     0.0000
 2.000 0.180     4.3012     0.0325     3.0000     4.0000     5.0000    28.0000     0.0000
 2.000 0.160     4.7164     0.0370     3.0000     4.0000     6.0000    26.0000     0.0000
 2.000 0.140     5.3188     0.0421     3.0000     5.0000     7.0000    28.0000     0.0000
 2.000 0.120     6.3386     0.0547     4.0000     5.0000     8.0000    42.0000     0.0000
 2.000 0.100     7.9074     0.0821     4.0000     7.0000    10.0000   100.0000     0.0000
 2.000 0.080    10.6382     0.1243     5.0000     8.0000    13.0000   116.0000     0.0000
 2.000 0.060    18.6676     0.2563     7.0000    13.0000    24.0000   213.0000     0.0000
 2.000 0.040    42.1970     0.6186    12.0000    28.0000    58.0000   412.0000     0.0000
 2.000 0.020   104.5236     1.5194    28.0000    71.0000   144.0000  1019.0000     0.0000
 1.800 0.200     4.4656     0.0330     3.0000     4.0000     6.0000    33.0000     0.0000
 1.800 0.180     4.8402     0.0365     3.0000     4.0000     6.0000    26.0000     0.0000
 1.800 0.160     5.3562     0.0423     3.0000     5.0000     7.0000    34.0000     0.0000
 1.800 0.140     6.1486     0.0528     4.0000     5.0000     8.0000    51.0000     0.0000
 1.800 0.120     7.2236     0.0647     4.0000     6.0000     9.0000    56.0000     0.0000
 1.800 0.100     8.7534     0.0860     5.0000     7.0000    11.0000    77.0000     0.0000
 1.800 0.080    12.1450     0.1431     6.0000    10.0000    15.0000   128.0000     0.0000
 1.800 0.060    20.5578     0.2738     8.0000    14.0000    27.0000   176.0000     0.0000
 1.800 0.040    44.6672     0.6367    13.0000    30.0000    61.0000   355.0000     0.0000
 1.800 0.020   107.6850     1.5296    30.0000    75.0000   149.0000  1315.0000     0.0000
 1.600 0.200     5.1220     0.0391     3.0000     5.0000     6.0000    29.0000     0.0000
 1.600 0.180     5.6138     0.0432     3.0000     5.0000     7.0000    31.0000     0.0000
 1.600 0.160     6.2320     0.0498     4.0000     6.0000     8.0000    38.0000     0.0000
 1.600 0.140     7.1524     0.0605     4.0000     6.0000     9.0000    37.0000     0.0000
 1.600 0.120     8.3628     0.0768     5.0000     7.0000    11.0000    56.0000     0.0000
 1.600 0.100    10.3122     0.1015     5.0000     9.0000    13.0000    83.0000     0.0000
 1.600 0.080    13.8478     0.1602     7.0000    11.0000    18.0000   186.0000     0.0000
 1.600 0.060    22.9702     0.3023     9.0000    16.0000    30.0000   229.0000     0.0000
 1.600 0.040    48.2902     0.6960    15.0000    33.0000    65.0000   588.0000     0.0000
 1.600 0.020   113.7066     1.6195    32.0000    78.0000   157.0000   967.0000     0.0000
 1.400 0.200     6.0292     0.0478     4.0000     5.0000     8.0000    57.0000     0.0000
 1.400 0.180     6.5318     0.0510     4.0000     6.0000     8.0000    33.0000     0.0000
 1.400 0.160     7.3212     0.0619     4.0000     6.0000     9.0000    44.0000     0.0000
 1.400 0.140     8.4250     0.0730     5.0000     7.0000    11.0000    49.0000     0.0000
 1.400 0.120    10.0608     0.0946     6.0000     9.0000    13.0000    83.0000     0.0000
 1.400 0.100    12.4844     0.1308     6.0000    10.0000    16.0000   155.0000     0.0000
 1.400 0.080    16.6188     0.1953     8.0000    13.0000    21.0000   186.0000     0.0000
 1.400 0.060    26.2630     0.3357    10.0000    19.0000    34.0000   244.0000     0.0000
 1.400 0.040    52.7294     0.7325    17.0000    37.0000    72.0000   633.0000     0.0000
 1.400 0.020   120.2378     1.7059    35.0000    82.0000   167.0000  1011.0000     0.0000
 1.200 0.200     7.5112     0.0619     4.0000     7.0000    10.0000    59.0000     0.0000
 1.200 0.180     8.2718     0.0691     5.0000     7.0000    11.0000    51.0000     0.0000
 1.200 0.160     9.1762     0.0801     5.0000     8.0000    12.0000    64.0000     0.0000
 1.200 0.140    10.4926     0.0965     6.0000     9.0000    14.0000    85.0000     0.0000
 1.200 0.120    12.4444     0.1218     7.0000    11.0000    16.0000    93.0000     0.0000
 1.200 0.100    15.4904     0.1618     8.0000    13.0000    20.0000   110.0000     0.0000
 1.200 0.080    20.6048     0.2425     9.0000    16.0000    27.0000   221.0000     0.0000
 1.200 0.060    32.2690     0.4085    13.0000    24.0000    43.0000   309.0000     0.0000
 1.200 0.040    62.2290     0.8798    19.0000    43.0000    84.0000   669.0000     0.0000
 1.200 0.020   127.1662     1.8259    36.0000    86.0000   176.0000  1169.0000     0.0000
 1.000 0.200     9.8766     0.0857     6.0000     9.0000    13.0000    65.0000     0.0000
 1.000 0.180    10.8742     0.0977     6.0000    10.0000    14.0000    93.0000     0.0000
 1.000 0.160    12.2404     0.1108     7.0000    11.0000    16.0000    78.0000     0.0000
 1.000 0.140    13.9486     0.1347     7.0000    12.0000    18.0000   102.0000     0.0000
 1.000 0.120    16.8840     0.1744     8.0000    14.0000    22.0000   158.0000     0.0000
 1.000 0.100    20.5896     0.2208    10.0000    17.0000    27.0000   126.0000     0.0000
 1.000 0.080    27.8158     0.3286    12.0000    22.0000    36.0000   364.0000     0.0000
 1.000 0.060    41.0518     0.5132    16.0000    30.0000    55.0000   380.0000     0.0000
 1.000 0.040    72.7826     0.9806    24.0000    51.0000    98.0000   560.0000     0.0000
 1.000 0.020   140.8138     1.9455    41.0000   100.0000   193.0000  1171.0000     0.0000
 0.800 0.200    14.3270     0.1317     8.0000    13.0000    19.0000   116.0000     0.0000
 0.800 0.180    15.6838     0.1552     8.0000    13.0000    21.0000   114.0000     0.0000
 0.800 0.160    17.6160     0.1765     9.0000    15.0000    23.0000   124.0000     0.0000
 0.800 0.140    20.6134     0.2184    10.0000    17.0000    27.0000   140.0000     0.0000
 0.800 0.120    24.5710     0.2651    12.0000    20.0000    32.0000   187.0000     0.0000
 0.800 0.100    31.1850     0.3552    14.0000    24.0000    41.0000   255.0000     0.0000
 0.800 0.080    40.4288     0.4888    17.0000    31.0000    53.0000   309.0000     0.0000
 0.800 0.060    58.4862     0.7502    22.0000    43.0000    79.0000   587.0000     0.0000
 0.800 0.040    94.1206     1.2762    32.0000    67.0000   127.0000   952.0000     0.0000
 0.800 0.020   154.1948     2.1371    45.0000   109.0000   217.0000  1420.0000     0.0000
 0.600 0.200    24.5866     0.2610    12.0000    20.0000    32.0000   199.0000     0.0000
 0.600 0.180    27.1760     0.2944    13.0000    22.0000    36.0000   241.0000     0.0000
 0.600 0.160    30.4066     0.3354    14.0000    25.0000    40.0000   272.0000     0.0000
 0.600 0.140    36.0980     0.4148    16.0000    28.0000    47.0000   302.0000     0.0000
 0.600 0.120    43.0638     0.5098    18.0000    34.0000    58.0000   368.0000     0.0000
 0.600 0.100    53.2168     0.6516    21.0000    41.0000    71.0000   500.0000     0.0000
 0.600 0.080    69.4554     0.8958    26.0000    51.0000    92.0000   533.0000     0.0000
 0.600 0.060    92.6890     1.2254    32.0000    67.0000   127.0000   772.0000     0.0000
 0.600 0.040   131.6030     1.7719    42.0000    96.0000   181.0000  1060.0000     0.0000
 0.600 0.020   177.5064     2.4852    49.0000   123.0000   243.0000  1407.0000     0.0000
 0.400 0.200    59.3682     0.7648    22.0000    43.0000    79.0000   512.0000     0.0000
 0.400 0.180    63.6252     0.8217    24.0000    47.0000    86.0000   820.0000     0.0000
 0.400 0.160    72.9132     0.9426    27.0000    54.0000    97.0000   565.0000     0.0000
 0.400 0.140    82.6192     1.0692    29.0000    60.0000   113.0000   605.0000     0.0000
 0.400 0.120    97.0446     1.3280    32.0000    70.0000   130.0000   975.0000     0.0000
 0.400 0.100   116.1624     1.5784    37.0000    80.0000   160.0000   952.0000     0.0000
 0.400 0.080   129.8334     1.7669    40.0000    93.0000   180.0000  1123.0000     0.0000
 0.400 0.060   151.5808     2.0817    48.0000   107.0000   209.0000  1246.0000     0.0000
 0.400 0.040   173.6206     2.4543    50.0000   120.0000   239.0000  1772.0000     0.0000
 0.400 0.020   199.3378     2.8200    57.0000   139.0000   276.0000  1919.0000     0.0000
 0.200 0.200   155.1556     2.1578    45.0000   109.0000   216.0000  1306.0000     0.0000
 0.200 0.180   156.4190     2.2049    45.0000   109.0000   216.0000  1257.0000     0.0000
 0.200 0.160   167.0116     2.3051    49.0000   116.0000   231.0000  1252.0000     0.0000
 0.200 0.140   170.4454     2.4074    48.0000   119.0000   234.0000  1484.0000     0.0000
 0.200 0.120   178.6756     2.5672    52.0000   126.0000   242.0000  1895.0000     0.0000
 0.200 0.100   191.5626     2.7088    57.0000   133.0000   264.0000  1518.0000     0.0000
 0.200 0.080   184.4678     2.6596    53.0000   125.0000   251.0000  1505.0000     0.0000
 0.200 0.060   193.4962     2.7307    57.0000   135.0000   268.0000  1766.0000     0.0000
 0.200 0.040   198.7066     2.8536    55.0000   135.0000   276.0000  1787.0000     0.0000
 0.200 0.020   199.5640     2.8542    56.0000   135.0000   276.0000  1624.0000     0.0000
