Amp Radius  OC_Mean OC_Std OC_Q1 OC_Med OC_Q3 OC_Max OC_Min  Exp_Mean Exp_Std Exp_Q1 Exp_Med Exp_Q3 Exp_Max Exp_Min  Num_Mean Num_Std Num_Q1 Num_Med Num_Q3 Num_Max Num_Min
  0.5000   0.0200      143.5396    1.9470     49.00    103.00    193.00   1299.00      0.00      10.0562    0.1317      4.00      8.00     14.00    159.00      0.00      61.4210    0.7502     16.00     52.00     92.00    406.00      0.00
  0.5000   0.0500       39.1794    0.4255     18.00     31.00     52.00    367.00      0.00       2.2616    0.0229      1.00      2.00      3.00     11.00      0.00      91.2678    0.8001     51.00     83.00    121.00    408.00      0.00
  0.5000   0.1000       17.0084    0.1392     10.00     15.00     22.00     94.00      0.00       1.1412    0.0062      1.00      1.00      1.00      6.00      0.00     114.9562    0.9450     66.00    103.00    150.00    451.00      0.00
  1.0000   0.0200       46.1432    0.5763     18.00     35.00     62.00    463.00      0.00      10.1490    0.1360      4.00      8.00     14.00    139.00      0.00      22.4492    0.1726     15.00     22.00     30.00     85.00      0.00
  1.0000   0.0500       11.7650    0.1138      6.00     10.00     15.00     79.00      0.00       2.2032    0.0222      1.00      2.00      3.00     13.00      0.00      27.9680    0.1931     19.00     26.00     35.00    102.00      0.00
  1.0000   0.1000        5.6500    0.0420      4.00      5.00      7.00     37.00      0.00       1.1426    0.0061      1.00      1.00      1.00      5.00      0.00      36.8524    0.2664     23.00     34.00     47.00    153.00      0.00
  2.0000   0.0200       17.8552    0.2159      7.00     14.00     23.00    152.00      0.00      10.1122    0.1314      4.00      8.00     14.00    115.00      0.00       8.7346    0.0543      6.00      8.00     11.00     27.00      0.00
  2.0000   0.0500        4.8838    0.0412      3.00      4.00      6.00     26.00      0.00       2.2686    0.0225      1.00      2.00      3.00     16.00      0.00      11.3632    0.0730      8.00     10.00     14.00     45.00      0.00
  2.0000   0.1000        2.5748    0.0147      2.00      2.00      3.00     10.00      0.00       1.1520    0.0063      1.00      1.00      1.00      6.00      0.00      16.7932    0.1178     11.00     15.00     21.00     69.00      0.00
