Amp Radius  OC_Mean OC_Std OC_Q1 OC_Med OC_Q3 OC_Max OC_Min  Exp_Mean Exp_Std Exp_Q1 Exp_Med Exp_Q3 Exp_Max Exp_Min  Num_Mean Num_Std Num_Q1 Num_Med Num_Q3 Num_Max Num_Min
  0.5000   0.0200      157.6090    2.1105     50.00    112.00    216.00   1380.00      0.00      12.3938    0.1696      4.00      9.00     17.00    172.00      0.00      53.0480    0.6961     11.00     43.00     81.00    391.00      0.00
  0.5000   0.0500       43.2752    0.4995     19.00     34.00     56.00    495.00      0.00       2.5420    0.0261      1.00      2.00      3.00     13.00      0.00      85.6058    0.7635     47.00     77.00    115.00    392.00      0.00
  0.5000   0.1000       18.1826    0.1578     10.00     16.00     23.00    126.00      0.00       1.2176    0.0075      1.00      1.00      1.00      7.00      0.00     107.5430    0.8924     61.00     96.00    143.00    554.00      0.00
  1.0000   0.0200       53.9322    0.7064     20.00     39.00     72.00    453.00      0.00      12.4834    0.1681      4.00      9.00     17.00    119.00      0.00      21.3468    0.1751     13.00     21.00     29.00     76.00      0.00
  1.0000   0.0500       13.4690    0.1347      7.00     11.00     18.00    111.00      0.00       2.5150    0.0259      1.00      2.00      3.00     17.00      0.00      27.1950    0.1877     18.00     26.00     34.00     91.00      0.00
  1.0000   0.1000        6.0270    0.0456      4.00      5.00      8.00     31.00      0.00       1.2180    0.0078      1.00      1.00      1.00      6.00      0.00      33.8580    0.2437     22.00     31.00     43.00    145.00      0.00
  2.0000   0.0200       20.5614    0.2569      8.00     15.00     27.00    199.00      0.00      12.5922    0.1724      4.00      9.00     17.00    156.00      0.00       8.5224    0.0545      6.00      8.00     11.00     25.00      0.00
  2.0000   0.0500        5.3864    0.0489      3.00      5.00      7.00     34.00      0.00       2.5616    0.0267      1.00      2.00      3.00     13.00      0.00      10.7652    0.0661      8.00     10.00     13.00     38.00      0.00
  2.0000   0.1000        2.7540    0.0170      2.00      2.00      3.00     12.00      0.00       1.2140    0.0077      1.00      1.00      1.00      7.00      0.00      15.3160    0.1048     10.00     14.00     19.00     58.00      0.00
