Amp Radius  OC_Mean OC_Std OC_Q1 OC_Med OC_Q3 OC_Max OC_Min  Exp_Mean Exp_Std Exp_Q1 Exp_Med Exp_Q3 Exp_Max Exp_Min  Num_Mean Num_Std Num_Q1 Num_Med Num_Q3 Num_Max Num_Min
  0.5000   0.0200      187.9938    2.4794     60.00    136.00    261.00   1483.00      0.00      18.3330    0.2611      6.00     13.00     25.00    170.00      0.00      47.7568    0.6712      8.00     35.00     75.00    361.00      0.00
  0.5000   0.0500       54.0270    0.6613     22.00     41.00     71.00    514.00      0.00       3.1582    0.0332      1.00      2.00      4.00     17.00      0.00      77.1008    0.7111     41.00     69.00    104.00    407.00      0.00
  0.5000   0.1000       21.6088    0.2104     12.00     18.00     28.00    215.00      0.00       1.3530    0.0101      1.00      1.00      2.00      7.00      0.00      95.5320    0.7949     55.00     86.00    127.00    389.00      0.00
  1.0000   0.0200       67.3452    0.8829     23.00     48.00     92.00    710.00      0.00      18.8864    0.2752      6.00     13.00     25.00    250.00      0.00      19.8680    0.1745     11.00     20.00     28.00     73.00      0.00
  1.0000   0.0500       16.2962    0.1835      7.00     13.00     21.00    141.00      0.00       3.1122    0.0334      1.00      2.00      4.00     30.00      0.00      24.7386    0.1784     16.00     23.00     31.00     89.00      0.00
  1.0000   0.1000        6.9650    0.0573      4.00      6.00      9.00     42.00      0.00       1.3710    0.0105      1.00      1.00      2.00      9.00      0.00      30.5818    0.2157     20.00     28.00     39.00    121.00      0.00
  2.0000   0.0200       27.2984    0.3667     10.00     20.00     36.00    274.00      0.00      18.1118    0.2712      6.00     13.00     24.00    274.00      0.00       8.1136    0.0543      6.00      8.00     10.00     26.00      0.00
  2.0000   0.0500        6.4614    0.0620      3.00      5.00      8.00     44.00      0.00       3.1520    0.0338      1.00      2.00      4.00     21.00      0.00      10.3062    0.0621      7.00     10.00     12.00     39.00      0.00
  2.0000   0.1000        3.0872    0.0208      2.00      3.00      4.00     12.00      0.00       1.3746    0.0103      1.00      1.00      2.00      7.00      0.00      13.8222    0.0915     10.00     12.00     17.00     52.00      0.00
