Amp Radius  OC_Mean OC_Std OC_Q1 OC_Med OC_Q3 OC_Max OC_Min  Exp_Mean Exp_Std Exp_Q1 Exp_Med Exp_Q3 Exp_Max Exp_Min  Num_Mean Num_Std Num_Q1 Num_Med Num_Q3 Num_Max Num_Min
  0.5000   0.0200      138.6900    1.8513     46.00     99.00    190.00   1509.00      0.00       9.4086    0.1187      3.00      7.00     13.00     79.00      0.00      63.6758    0.7730     18.00     54.00     94.00    384.00      0.00
  0.5000   0.0500       37.7024    0.4102     18.00     31.00     49.00    431.00      0.00       2.1576    0.0211      1.00      2.00      3.00     12.00      0.00      92.7538    0.8095     52.00     84.00    125.00    382.00      0.00
  0.5000   0.1000       16.5518    0.1374     10.00     15.00     21.00     92.00      0.00       1.1304    0.0058      1.00      1.00      1.00      5.00      0.00     119.0822    0.9641     69.00    108.00    156.00    533.00      0.00
  1.0000   0.0200       44.0950    0.5498     17.00     33.00     60.00    432.00      0.00       9.5242    0.1207      3.00      7.00     13.00     85.00      0.00      22.7334    0.1737     15.00     22.00     30.00     81.00      0.00
  1.0000   0.0500       11.5896    0.1099      6.00     10.00     15.00     77.00      0.00       2.1972    0.0214      1.00      2.00      3.00     11.00      0.00      28.8670    0.1975     19.00     27.00     37.00     97.00      0.00
  1.0000   0.1000        5.4554    0.0379      4.00      5.00      7.00     24.00      0.00       1.1238    0.0056      1.00      1.00      1.00      6.00      0.00      38.0740    0.2685     24.00     35.00     49.00    140.00      0.00
  2.0000   0.0200       16.4194    0.1936      7.00     13.00     22.00    192.00      0.00       9.2746    0.1157      3.00      7.00     13.00     84.00      0.00       8.7486    0.0541      6.00      8.00     11.00     24.00      0.00
  2.0000   0.0500        4.6698    0.0386      3.00      4.00      6.00     24.00      0.00       2.1580    0.0213      1.00      2.00      3.00     11.00      0.00      11.5526    0.0727      8.00     11.00     14.00     39.00      0.00
  2.0000   0.1000        2.5134    0.0140      2.00      2.00      3.00      9.00      0.00       1.1232    0.0057      1.00      1.00      1.00      6.00      0.00      17.0900    0.1201     11.00     15.00     22.00     73.00      0.00
