Amp Radius  OC_Mean OC_Std OC_Q1 OC_Med OC_Q3 OC_Max OC_Min  Exp_Mean Exp_Std Exp_Q1 Exp_Med Exp_Q3 Exp_Max Exp_Min  Num_Mean Num_Std Num_Q1 Num_Med Num_Q3 Num_Max Num_Min
  0.5000   0.0200      245.0820    3.4945     72.00    166.00    341.00   2000.00      0.00      39.8076    0.6032     10.00     26.00     56.00    579.00      0.00      27.8608    0.5132      2.00     11.00     43.00    290.00      0.00
  0.5000   0.0500       88.4902    1.1598     32.00     65.00    119.00    744.00      0.00       5.5292    0.0659      2.00      4.00      8.00     64.00      0.00      59.0800    0.6134     26.00     53.00     83.00    337.00      0.00
  0.5000   0.1000       34.2082    0.3878     16.00     27.00     44.00    310.00      0.00       2.0538    0.0214      1.00      1.00      3.00     11.00      0.00      75.6814    0.6729     42.00     67.00    101.00    393.00      0.00
  1.0000   0.0200      111.9684    1.5500     36.00     77.00    152.00   1098.00      0.00      40.4642    0.6077     11.00     27.00     54.00    460.00      0.00      15.6184    0.1685      4.00     15.00     24.00     72.00      0.00
  1.0000   0.0500       27.1230    0.3252     11.00     20.00     36.00    240.00      0.00       5.4706    0.0640      2.00      4.00      8.00     76.00      0.00      21.1808    0.1534     14.00     20.00     28.00     68.00      0.00
  1.0000   0.1000       10.3660    0.0987      5.00      9.00     13.00     67.00      0.00       2.0376    0.0209      1.00      1.00      3.00     13.00      0.00      24.8284    0.1730     16.00     23.00     32.00     87.00      0.00
  2.0000   0.0200       54.0440    0.7629     17.00     37.00     72.00    437.00      0.00      39.7196    0.5901     11.00     27.00     53.00    429.00      0.00       7.0428    0.0545      5.00      7.00     10.00     22.00      0.00
  2.0000   0.0500       10.3162    0.1094      5.00      9.00     14.00    113.00      0.00       5.5478    0.0615      2.00      4.00      8.00     42.00      0.00       9.3094    0.0529      7.00     10.00     11.00     30.00      0.00
  2.0000   0.1000        4.4970    0.0383      3.00      4.00      6.00     22.00      0.00       2.0616    0.0211      1.00      2.00      3.00     13.00      0.00      11.2982    0.0704      8.00     11.00     13.00     42.00      0.00
