Amp num_point  OC_Mean OC_Std OC_Q1 OC_Med OC_Q3 OC_Max OC_Min  Exp_Mean Exp_Std Exp_Q1 Exp_Med Exp_Q3 Exp_Max Exp_Min  Num_Mean Num_Std Num_Q1 Num_Med Num_Q3 Num_Max Num_Min
100.0000   3.0000      184.4490    3.7184     16.00     81.00    246.00   2000.00      0.00      79.1454    2.3410      1.00      3.00     81.00   1654.00      0.00      43.2860    0.8288      2.00     22.00     60.00    540.00      0.00
 50.0000   3.0000      203.9128    3.8509     23.00     97.00    274.00   2000.00      0.00      74.6834    2.2516      1.00      3.00     69.00   1849.00      0.00      65.8190    1.3132      3.00     31.00     90.00   1036.00      0.00
 30.0000   3.0000      227.7648    3.9191     34.00    124.00    321.00   2000.00      0.00      73.8480    2.2290      1.00      3.00     68.00   2000.00      0.00      94.3610    1.8310      4.00     45.00    132.00   1347.00      0.00
 20.0000   3.0000      243.1986    4.0711     46.00    143.00    333.00   2000.00      0.00      75.9480    2.2995      1.00      2.00     72.00   2000.00      0.00     120.7132    2.3934      2.00     53.00    173.00   1487.00      0.00
 10.0000   3.0000      277.8632    4.3016     68.00    176.00    373.00   2000.00      0.00      73.8938    2.2031      1.00      3.00     75.00   2000.00      0.00     178.9842    3.6284      3.00     76.00    253.00   3918.00      0.00
  5.0000   3.0000      321.2652    4.7229     90.00    213.00    434.00   2000.00      0.00      77.1332    2.3997      1.00      2.00     70.00   2000.00      0.00     241.7106    5.3898      3.00     71.00    324.00   3904.00      0.00
100.0000   2.0000      192.1666    3.6417     19.00     89.00    266.00   2000.00      0.00      76.1628    2.2930      1.00      3.00     73.00   2000.00      0.00      55.7044    1.0814      3.00     28.00     77.00    794.00      0.00
 50.0000   2.0000      223.8122    3.9499     33.00    115.00    310.00   2000.00      0.00      80.5996    2.3831      1.00      3.00     77.00   1635.00      0.00      84.2004    1.6330      3.00     41.00    118.00   1119.00      0.00
 30.0000   2.0000      246.1064    4.1346     46.00    139.00    336.00   2000.00      0.00      76.7588    2.3499      1.00      3.00     75.00   1613.00      0.00     119.0538    2.3534      3.00     54.00    165.00   1427.00      0.00
 20.0000   2.0000      262.1962    4.1120     59.00    160.00    359.00   2000.00      0.00      73.8060    2.2313      1.00      2.00     69.00   1597.00      0.00     147.4372    2.8755      3.00     66.00    212.00   1875.00      0.00
 10.0000   2.0000      304.8188    4.5142     79.00    198.00    414.00   2000.00      0.00      74.2554    2.1945      1.00      2.00     71.00   1565.00      0.00     213.0256    4.4826      3.00     72.00    303.00   2667.00      0.00
  5.0000   2.0000      339.3390    4.6735    101.00    235.00    477.00   2000.00      0.00      71.6136    2.1140      1.00      3.00     68.00   1874.00      0.00     277.4820    6.4588      3.00     71.00    348.00   5014.00      0.00
100.0000   1.0000      218.9992    3.9629     32.00    114.00    289.00   2000.00      0.00      74.7282    2.2047      1.00      2.00     70.00   1478.00      0.00      88.9462    1.6936      3.00     43.00    126.00   1049.00      0.00
 50.0000   1.0000      250.5222    4.1146     49.00    145.00    347.00   2000.00      0.00      74.3056    2.2291      1.00      3.00     74.00   2000.00      0.00     130.3066    2.5490      3.00     58.00    183.00   1688.00      0.00
 30.0000   1.0000      274.6818    4.1537     70.00    178.00    377.00   2000.00      0.00      74.4530    2.2265      1.00      3.00     69.00   1521.00      0.00     181.3442    3.6119      3.00     73.00    261.00   2171.00      0.00
 20.0000   1.0000      306.0678    4.4906     83.00    206.00    420.00   2000.00      0.00      75.1226    2.2778      1.00      3.00     68.00   2000.00      0.00     215.6120    4.5155      3.00     77.00    297.00   3272.00      0.00
 10.0000   1.0000      338.5548    4.7514     98.00    233.00    469.00   2000.00      0.00      72.3242    2.1400      1.00      2.00     66.00   1351.00      0.00     280.4388    6.4389      4.00     84.00    361.00   3945.00      0.00
  5.0000   1.0000      368.3370    5.0640    109.00    262.00    505.00   2000.00      0.00      75.6428    2.2642      1.00      3.00     69.00   1623.00      0.00     312.6784    7.6661      3.00     78.00    375.00   5273.00      0.00
