Amp num_point  OC_Mean OC_Std OC_Q1 OC_Med OC_Q3 OC_Max OC_Min  Exp_Mean Exp_Std Exp_Q1 Exp_Med Exp_Q3 Exp_Max Exp_Min  Num_Mean Num_Std Num_Q1 Num_Med Num_Q3 Num_Max Num_Min
100.0000   3.0000       41.9194    0.3956     19.00     34.00     60.00    188.00      6.00       3.1176    0.0827      1.00      1.00      2.00    100.00      1.00      65.8068    0.7517     27.00     48.00     90.00    370.00      6.00
 50.0000   3.0000       52.6882    0.3650     33.00     47.00     68.00    204.00     12.00       3.0228    0.0757      1.00      1.00      2.00     60.00      1.00      83.9452    0.6785     49.00     73.00    108.00    405.00     13.00
 30.0000   3.0000       70.3896    0.3866     49.00     67.00     87.00    195.00     18.00       3.1040    0.0821      1.00      1.00      2.00     77.00      1.00     119.1726    0.7708     79.00    111.00    150.00    442.00     21.00
 20.0000   3.0000       91.6228    0.4361     69.00     88.00    111.00    276.00     27.00       3.0292    0.0802      1.00      1.00      2.00     79.00      1.00     167.8398    1.0070    116.00    159.00    210.00    486.00     33.00
 10.0000   3.0000      159.0792    0.6830    125.00    154.00    187.00    380.00     46.00       3.1206    0.0813      1.00      1.00      2.00     80.00      1.00     309.7876    1.5723    228.00    301.00    381.00    952.00     56.00
  5.0000   3.0000      292.2072    0.9366    240.00    299.00    350.00    414.00     95.00       2.9560    0.0738      1.00      1.00      2.00     72.00      1.00     507.4942    1.9234    413.00    496.00    589.00   1192.00    167.00
100.0000   2.0000       47.5862    0.3924     26.00     41.00     64.00    206.00      9.00       3.1776    0.0820      1.00      1.00      2.00     82.00      1.00      74.6102    0.7328     37.00     60.00     96.00    525.00      9.00
 50.0000   2.0000       65.4616    0.3846     44.00     62.00     81.00    203.00     16.00       2.9880    0.0761      1.00      1.00      2.00     64.00      1.00     109.6448    0.7307     71.00    102.00    140.00    401.00     19.00
 30.0000   2.0000       92.0382    0.4343     69.00     89.00    111.00    241.00     27.00       3.0794    0.0827      1.00      1.00      2.00     78.00      1.00     169.9660    0.9948    117.00    161.00    214.00    477.00     34.00
 20.0000   2.0000      124.4652    0.5405     98.00    121.00    147.00    327.00     44.00       3.0338    0.0764      1.00      1.00      2.00     65.00      1.00     239.1790    1.2861    175.00    229.00    296.00    766.00     49.00
 10.0000   2.0000      227.8540    0.9511    177.00    219.00    273.00    401.00     75.00       3.0344    0.0790      1.00      1.00      2.00     85.00      1.00     421.5392    1.9290    321.00    408.00    504.00   1058.00    117.00
  5.0000   2.0000      351.4378    0.5495    336.00    363.00    378.00    412.00    154.00       3.0558    0.0784      1.00      1.00      2.00     59.00      1.00     549.3086    1.7736    461.00    536.00    625.00   1134.00    221.00
100.0000   1.0000       65.1802    0.3741     44.00     63.00     80.00    210.00     17.00       3.0470    0.0774      1.00      1.00      2.00     66.00      1.00     108.8760    0.7211     71.00    101.00    139.00    423.00     19.00
 50.0000   1.0000      105.4718    0.4766     81.00    102.00    126.00    277.00     31.00       3.1684    0.0817      1.00      1.00      2.00     70.00      1.00     197.5230    1.1169    140.00    189.00    246.00    596.00     34.00
 30.0000   1.0000      157.6566    0.6748    124.00    153.00    184.00    380.00     53.00       3.1000    0.0796      1.00      1.00      2.00     77.00      1.00     307.5648    1.5771    224.00    297.00    377.00    815.00     71.00
 20.0000   1.0000      230.6578    0.9555    178.00    223.00    278.00    400.00     75.00       3.0302    0.0791      1.00      1.00      2.00     95.00      1.00     427.0320    1.9322    325.00    415.00    517.00   1109.00    117.00
 10.0000   1.0000      352.7186    0.5478    339.00    364.00    379.00    410.00    136.00       3.0122    0.0774      1.00      1.00      2.00     71.00      1.00     547.6826    1.7786    460.00    533.00    624.00   1081.00    206.00
  5.0000   1.0000      371.4428    0.2760    361.00    374.00    385.00    415.00    257.00       3.1800    0.0804      1.00      1.00      2.00     65.00      1.00     522.1326    1.5916    443.00    511.00    589.00   1125.00    151.00
