Amp num_point  OC_Mean OC_Std OC_Q1 OC_Med OC_Q3 OC_Max OC_Min  Exp_Mean Exp_Std Exp_Q1 Exp_Med Exp_Q3 Exp_Max Exp_Min  Num_Mean Num_Std Num_Q1 Num_Med Num_Q3 Num_Max Num_Min
100.0000   3.0000       74.1496    0.9952     17.00     49.00    117.00    425.00      2.00      16.7448    0.4965      1.00      1.00     12.00    271.00      1.00      55.6284    0.6148     22.00     46.00     77.00    348.00      0.00
 50.0000   3.0000       89.6588    1.0767     25.00     66.00    140.00    399.00      2.00      16.6444    0.5008      1.00      1.00     13.00    310.00      1.00      75.9100    0.8111     34.00     61.00    102.00    521.00      0.00
 30.0000   3.0000      102.1544    1.1097     36.00     81.00    152.00    388.00      7.00      15.3030    0.4662      1.00      1.00     10.00    272.00      1.00      97.0264    0.9472     49.00     82.00    127.00    648.00      0.00
 20.0000   3.0000      124.1016    1.2129     50.00    104.00    186.00    427.00      9.00      15.8982    0.4997      1.00      1.00     10.00    374.00      1.00     125.9014    1.1107     69.00    109.00    163.00    747.00      0.00
 10.0000   3.0000      179.4584    1.3394     98.00    174.00    252.00    499.00      6.00      15.4500    0.4615      1.00      1.00     11.00    296.00      1.00     211.7334    1.7120    125.00    188.00    275.00   1143.00      0.00
  5.0000   3.0000      264.6332    1.4887    184.00    271.00    342.00    549.00     11.00      15.4270    0.4694      1.00      1.00     11.00    276.00      1.00     345.0328    2.6131    215.00    322.00    446.00   1347.00      0.00
100.0000   2.0000       83.0614    1.0741     19.00     58.00    129.00    437.00      2.00      16.2108    0.4935      1.00      1.00     12.00    336.00      1.00      68.0342    0.7634     28.00     55.00     93.00    479.00      0.00
 50.0000   2.0000      103.5270    1.1463     34.00     82.00    157.00    396.00      5.00      16.5000    0.5019      1.00      1.00     11.00    292.00      1.00      93.7292    0.9407     46.00     77.00    123.00    535.00      0.00
 30.0000   2.0000      125.7936    1.2006     52.00    109.00    186.00    418.00      5.00      15.9894    0.4893      1.00      1.00     10.00    293.00      1.00     123.6874    1.0867     69.00    108.00    159.00    900.00      0.00
 20.0000   2.0000      153.7408    1.2782     75.00    141.00    221.00    430.00     11.00      16.4332    0.4987      1.00      1.00     11.00    330.00      1.00     167.9554    1.3801     98.00    149.00    217.00    885.00      0.00
 10.0000   2.0000      224.8832    1.4291    142.00    225.00    300.00    516.00     10.00      16.1182    0.4786      1.00      1.00     12.00    284.00      1.00     286.4648    2.2407    171.00    261.00    370.00   1401.00      0.00
  5.0000   2.0000      319.3290    1.4839    248.00    328.00    398.00    583.00     25.00      15.9764    0.4868      1.00      1.00     10.00    293.00      1.00     417.6274    3.0826    264.00    399.00    553.00   1438.00      0.00
100.0000   1.0000      102.0654    1.1316     34.00     80.00    155.00    423.00      7.00      15.7502    0.4804      1.00      1.00     11.00    307.00      1.00      94.6730    0.9622     47.00     78.00    125.00    645.00      0.00
 50.0000   1.0000      137.1570    1.2224     62.00    122.00    201.00    446.00     11.00      16.1266    0.4817      1.00      1.00     12.00    289.00      1.00     142.5554    1.2209     80.00    125.00    185.00    689.00      0.00
 30.0000   1.0000      177.5138    1.3123     98.00    171.00    247.00    486.00     13.00      15.8818    0.4911      1.00      1.00     11.00    273.00      1.00     209.1316    1.6299    127.00    189.00    268.00    817.00      0.00
 20.0000   1.0000      227.1346    1.4271    144.00    229.00    302.00    570.00     19.00      16.7840    0.4966      1.00      1.00     11.00    360.00      1.00     286.8678    2.2320    175.00    262.00    373.00   1066.00      0.00
 10.0000   1.0000      322.0216    1.4819    250.00    332.00    397.00    592.00      3.00      15.6542    0.4708      1.00      1.00     11.00    276.00      1.00     420.5058    3.0632    263.00    403.00    554.00   1734.00      0.00
  5.0000   1.0000      359.1724    1.4423    297.00    371.00    434.00    645.00      4.00      15.1284    0.4715      1.00      1.00     10.00    277.00      1.00     453.5540    3.3465    290.00    434.00    593.00   1895.00      0.00
