Amp  OC_Mean OC_Std OC_Q1 OC_Med OC_Q3 OC_Max OC_Min  Exp_Mean Exp_Std Exp_Q1 Exp_Med Exp_Q3 Exp_Max Exp_Min  Num_Mean Num_Std Num_Q1 Num_Med Num_Q3 Num_Max Num_Min
 10.0000       40.3788    0.6166     14.00     27.00     50.00    527.00      0.00       1.6404    0.0199      1.00      1.00      2.00     20.00      0.00      55.6938    0.5242     30.00     48.00     73.00    315.00      0.00
  9.5000       43.4602    0.6680     16.00     29.00     53.00    554.00      0.00       1.6448    0.0197      1.00      1.00      2.00     25.00      0.00      60.6710    0.5918     31.00     52.00     80.00    523.00      0.00
  9.0000       49.9242    0.7801     17.00     33.00     62.00    621.00      0.00       1.6250    0.0187      1.00      1.00      2.00     22.00      0.00      67.9226    0.6974     34.00     57.00     89.00    521.00      0.00
  8.5000       58.5094    0.9447     19.00     38.00     73.00   1209.00      0.00       1.6342    0.0187      1.00      1.00      2.00     18.00      0.00      77.1052    0.8217     36.00     63.00    103.00    541.00      0.00
  8.0000       66.2744    1.0426     22.00     44.00     83.00   1497.00      0.00       1.6478    0.0207      1.00      1.00      2.00     23.00      0.00      86.7156    0.9324     41.00     70.00    116.00    500.00      0.00
  7.5000       77.2470    1.1514     26.00     52.00    100.00    849.00      0.00       1.6332    0.0189      1.00      1.00      2.00     24.00      0.00     100.2544    1.1261     45.00     79.00    136.00    913.00      0.00
  7.0000       88.0332    1.3135     29.00     59.00    114.00   1521.00      0.00       1.6540    0.0196      1.00      1.00      2.00     20.00      0.00     115.0402    1.3750     49.00     91.00    151.00    952.00      0.00
  6.5000      104.8438    1.5546     33.00     69.00    136.00    969.00      0.00       1.6292    0.0188      1.00      1.00      2.00     17.00      0.00     134.6172    1.6563     53.00    104.00    178.00   1306.00      0.00
  6.0000      126.4464    1.8216     40.00     88.00    171.00   1268.00      0.00       1.6480    0.0192      1.00      1.00      2.00     20.00      0.00     158.1784    1.9832     60.00    120.00    211.00   1560.00      0.00
  5.5000      150.8816    2.1782     47.00    103.00    199.00   1346.00      0.00       1.6362    0.0189      1.00      1.00      2.00     17.00      0.00     190.6664    2.5633     67.00    136.00    258.00   1720.00      0.00
  5.0000      188.8470    2.7618     57.00    128.00    256.00   2000.00      0.00       1.6420    0.0188      1.00      1.00      2.00     18.00      0.00     234.5448    3.3044     73.00    164.00    317.00   2116.00      0.00
  4.5000      216.8418    3.1010     62.00    147.00    300.00   2000.00      0.00       1.6710    0.0198      1.00      1.00      2.00     21.00      0.00     268.2420    3.9977     75.00    176.00    368.00   3249.00      0.00
  4.0000      262.4366    3.7519     75.00    179.00    362.00   2000.00      0.00       1.6286    0.0190      1.00      1.00      2.00     18.00      0.00     326.5926    5.1108     85.00    202.00    437.00   3533.00      0.00
  3.5000      292.9462    4.0382     84.00    204.00    406.00   2000.00      0.00       1.6352    0.0186      1.00      1.00      2.00     13.00      0.00     360.0828    5.5497     89.00    226.00    493.00   2970.00      0.00
  3.0000      330.9174    4.7267     96.00    225.00    458.00   2000.00      0.00       1.6562    0.0192      1.00      1.00      2.00     20.00      0.00     403.7688    6.5606     97.00    243.00    538.00   3438.00      0.00
  2.5000      349.1150    4.8248    101.00    246.00    490.00   2000.00      0.00       1.6168    0.0185      1.00      1.00      2.00     19.00      0.00     426.9796    6.7596     99.00    263.00    591.00   3548.00      0.00
