Amp Radius  OC_Mean OC_Std OC_Q1 OC_Med OC_Q3 OC_Max OC_Min  Exp_Mean Exp_Std Exp_Q1 Exp_Med Exp_Q3 Exp_Max Exp_Min  Num_Mean Num_Std Num_Q1 Num_Med Num_Q3 Num_Max Num_Min
  3.0000   0.3000        7.9692    0.1469      3.00      4.00      9.00    196.00      0.00       0.9914    0.0013      1.00      1.00      1.00      1.00      0.00      75.2604    1.2824     30.00     40.00     88.00   1474.00      0.00
  2.5000   0.3000        9.6488    0.1729      3.00      5.00     11.00    160.00      0.00       0.9898    0.0014      1.00      1.00      1.00      1.00      0.00      91.0582    1.5224     30.00     50.00    100.00   1225.00      0.00
  2.0000   0.3000       12.6090    0.2258      4.00      7.00     14.00    248.00      0.00       0.9896    0.0014      1.00      1.00      1.00      1.00      0.00     118.8008    1.9905     40.00     68.00    135.00   1681.00      0.00
  1.5000   0.3000       18.0784    0.3372      6.00     10.00     19.00    356.00      0.00       0.9918    0.0013      1.00      1.00      1.00      1.00      0.00     170.9938    3.0173     60.00     90.00    190.00   2964.00      0.00
  1.0000   0.3000       28.1486    0.4768      9.00     16.00     32.00    385.00      0.00       0.9890    0.0015      1.00      1.00      1.00      1.00      0.00     266.8688    4.2587     90.00    160.00    313.00   3110.00      0.00
  0.5000   0.3000       75.8798    1.1671     24.00     49.00     97.00    975.00      0.00       0.9930    0.0012      1.00      1.00      1.00      1.00      0.00     725.2012   10.6366    240.00    480.00    940.00   7216.00      0.00
  3.0000   0.2000       14.9082    0.2876      4.00      7.00     17.00    281.00      0.00       0.9892    0.0015      1.00      1.00      1.00      1.00      0.00     121.1232    1.9675     40.00     70.00    149.00   1639.00      0.00
  2.5000   0.2000       18.7046    0.3449      5.00      9.00     22.00    294.00      0.00       0.9890    0.0015      1.00      1.00      1.00      1.00      0.00     152.1824    2.4830     50.00     84.00    185.00   2190.00      0.00
  2.0000   0.2000       24.0222    0.4505      6.00     12.00     28.00    383.00      0.00       0.9916    0.0014      1.00      1.00      1.00      2.00      0.00     196.1118    3.2341     60.00    110.00    237.00   2301.00      0.00
  1.5000   0.2000       33.5448    0.6232      9.00     17.00     41.00    605.00      0.00       0.9882    0.0015      1.00      1.00      1.00      1.00      0.00     274.5620    4.4695     88.00    157.00    343.00   4006.00      0.00
  1.0000   0.2000       54.6526    1.0023     16.00     30.00     67.00   1212.00      0.00       0.9916    0.0013      1.00      1.00      1.00      2.00      0.00     452.0612    7.0931    150.00    280.00    575.00   7243.00      0.00
  0.5000   0.2000      141.6724    2.2636     40.00     90.00    186.00   2000.00      0.00       0.9864    0.0017      1.00      1.00      1.00      3.00      0.00    1199.5572   17.4623    367.00    807.00   1608.00  13736.00      0.00
  3.0000   0.1000       49.5340    0.9842     12.00     26.00     59.00    915.00      0.00       0.9986    0.0025      1.00      1.00      1.00      5.00      0.00     275.4176    4.4265     97.00    177.00    330.00   4019.00      0.00
  2.5000   0.1000       62.4056    1.1628     16.00     34.00     77.00   1239.00      0.00       1.0046    0.0028      1.00      1.00      1.00      5.00      0.00     352.7618    5.3987    120.00    229.00    442.00   4707.00      0.00
  2.0000   0.1000       85.5006    1.5576     22.00     48.00    107.00   1485.00      0.00       1.0038    0.0025      1.00      1.00      1.00      5.00      0.00     487.6802    7.4404    166.00    320.00    621.00   6119.00      0.00
  1.5000   0.1000      123.4506    2.1329     32.00     73.00    154.00   1448.00      0.00       1.0064    0.0031      1.00      1.00      1.00      8.00      0.00     725.2178   11.1767    232.00    474.00    924.00   8020.00      0.00
  1.0000   0.1000      214.9056    3.3582     58.00    139.00    279.00   2000.00      0.00       1.0074    0.0029      1.00      1.00      1.00      7.00      0.00    1279.7304   18.6701    389.00    864.00   1700.00  10720.00      0.00
  0.5000   0.1000      326.9504    4.6186     93.00    225.00    453.00   2000.00      0.00       1.0022    0.0031      1.00      1.00      1.00      7.00      0.00    1989.5268   28.4715    556.00   1347.00   2784.00  14789.00      0.00
