Shift shiftarea shiftellipticity  ARL  Std  Q1  Med  Q3  Max
 2.000 0.050 1.000     6.2162     0.0582     3.0000     5.0000     8.0000    34.0000     0.0000
 2.000 0.050 0.950     6.1886     0.0569     3.0000     5.0000     8.0000    37.0000     0.0000
 2.000 0.050 0.900     6.0282     0.0547     3.0000     5.0000     8.0000    32.0000     0.0000
 2.000 0.050 0.850     6.1368     0.0575     3.0000     5.0000     8.0000    53.0000     0.0000
 2.000 0.050 0.800     6.2246     0.0588     3.0000     5.0000     8.0000    60.0000     0.0000
 2.000 0.050 0.750     6.2392     0.0583     3.0000     5.0000     8.0000    39.0000     0.0000
 2.000 0.050 0.700     6.1740     0.0582     3.0000     5.0000     8.0000    34.0000     0.0000
 2.000 0.050 0.650     6.1168     0.0564     3.0000     5.0000     8.0000    35.0000     0.0000
 2.000 0.050 0.600     6.3322     0.0602     3.0000     5.0000     8.0000    44.0000     0.0000
 2.000 0.050 0.550     6.2260     0.0586     3.0000     5.0000     8.0000    42.0000     0.0000
 2.000 0.050 0.500     6.1766     0.0571     3.0000     5.0000     8.0000    50.0000     0.0000
 2.000 0.050 0.450     6.2402     0.0580     3.0000     5.0000     8.0000    39.0000     0.0000
 2.000 0.050 0.400     6.4068     0.0615     3.0000     5.0000     8.0000    39.0000     0.0000
 2.000 0.050 0.350     6.1916     0.0571     3.0000     5.0000     8.0000    30.0000     0.0000
 2.000 0.050 0.300     6.2958     0.0604     3.0000     5.0000     8.0000    57.0000     0.0000
 2.000 0.050 0.250     6.3756     0.0600     3.0000     5.0000     8.0000    37.0000     0.0000
 2.000 0.050 0.200     6.4270     0.0632     3.0000     5.0000     8.0000    39.0000     0.0000
 2.000 0.050 0.150     6.6340     0.0643     3.0000     5.0000     9.0000    42.0000     0.0000
 2.000 0.050 0.100     6.9034     0.0702     3.0000     6.0000     9.0000    48.0000     0.0000
 2.000 0.050 0.050     7.5522     0.0819     4.0000     6.0000    10.0000    54.0000     0.0000
 2.000 0.040 1.000     7.0726     0.0734     4.0000     6.0000     9.0000    87.0000     0.0000
 2.000 0.040 0.950     6.9664     0.0679     4.0000     6.0000     9.0000    71.0000     0.0000
 2.000 0.040 0.900     7.1230     0.0704     4.0000     6.0000     9.0000    62.0000     0.0000
 2.000 0.040 0.850     6.8876     0.0663     3.0000     6.0000     9.0000    44.0000     0.0000
 2.000 0.040 0.800     6.9638     0.0653     4.0000     6.0000     9.0000    48.0000     0.0000
 2.000 0.040 0.750     7.0788     0.0676     4.0000     6.0000     9.0000    45.0000     0.0000
 2.000 0.040 0.700     7.0746     0.0699     4.0000     6.0000     9.0000    56.0000     0.0000
 2.000 0.040 0.650     6.9932     0.0701     3.0000     6.0000     9.0000    57.0000     0.0000
 2.000 0.040 0.600     7.0486     0.0679     4.0000     6.0000     9.0000    50.0000     0.0000
 2.000 0.040 0.550     7.1324     0.0700     4.0000     6.0000     9.0000    72.0000     0.0000
 2.000 0.040 0.500     7.0318     0.0688     4.0000     6.0000     9.0000    53.0000     0.0000
 2.000 0.040 0.450     7.1116     0.0681     4.0000     6.0000     9.0000    57.0000     0.0000
 2.000 0.040 0.400     7.0838     0.0676     4.0000     6.0000     9.0000    43.0000     0.0000
 2.000 0.040 0.350     7.2534     0.0715     4.0000     6.0000    10.0000    50.0000     0.0000
 2.000 0.040 0.300     7.1794     0.0712     4.0000     6.0000     9.0000    54.0000     0.0000
 2.000 0.040 0.250     7.2248     0.0708     4.0000     6.0000    10.0000    52.0000     0.0000
 2.000 0.040 0.200     7.3056     0.0750     4.0000     6.0000    10.0000    65.0000     0.0000
 2.000 0.040 0.150     7.6964     0.0801     4.0000     6.0000    10.0000    59.0000     0.0000
 2.000 0.040 0.100     7.7946     0.0829     4.0000     6.0000    10.0000   114.0000     0.0000
 2.000 0.040 0.050     8.6966     0.0981     4.0000     7.0000    11.0000    66.0000     0.0000
 2.000 0.030 1.000     8.3688     0.0850     4.0000     7.0000    11.0000    55.0000     0.0000
 2.000 0.030 0.950     8.4106     0.0866     4.0000     7.0000    11.0000    63.0000     0.0000
 2.000 0.030 0.900     8.4238     0.0851     4.0000     7.0000    11.0000    79.0000     0.0000
 2.000 0.030 0.850     8.2930     0.0850     4.0000     7.0000    11.0000    63.0000     0.0000
 2.000 0.030 0.800     8.3590     0.0852     4.0000     7.0000    11.0000    69.0000     0.0000
 2.000 0.030 0.750     8.4972     0.0887     4.0000     7.0000    11.0000    62.0000     0.0000
 2.000 0.030 0.700     8.4252     0.0875     4.0000     7.0000    11.0000    97.0000     0.0000
 2.000 0.030 0.650     8.4160     0.0856     4.0000     7.0000    11.0000    71.0000     0.0000
 2.000 0.030 0.600     8.4594     0.0845     4.0000     7.0000    11.0000    60.0000     0.0000
 2.000 0.030 0.550     8.3226     0.0854     4.0000     7.0000    11.0000    63.0000     0.0000
 2.000 0.030 0.500     8.2752     0.0836     4.0000     7.0000    11.0000    63.0000     0.0000
 2.000 0.030 0.450     8.6040     0.0892     4.0000     7.0000    11.0000    62.0000     0.0000
 2.000 0.030 0.400     8.7126     0.0924     4.0000     7.0000    11.0000    71.0000     0.0000
 2.000 0.030 0.350     8.5366     0.0876     4.0000     7.0000    11.0000    64.0000     0.0000
 2.000 0.030 0.300     8.5672     0.0909     4.0000     7.0000    11.0000   105.0000     0.0000
 2.000 0.030 0.250     8.7108     0.0895     4.0000     7.0000    12.0000    61.0000     0.0000
 2.000 0.030 0.200     9.0328     0.0965     4.0000     7.0000    12.0000    97.0000     0.0000
 2.000 0.030 0.150     9.0952     0.0986     4.0000     7.0000    12.0000    91.0000     0.0000
 2.000 0.030 0.100     9.5788     0.1107     4.0000     7.0000    13.0000    78.0000     0.0000
 2.000 0.030 0.050    10.5846     0.1277     4.0000     8.0000    14.0000    98.0000     0.0000
 2.000 0.020 1.000    10.9478     0.1204     5.0000     9.0000    14.0000    88.0000     0.0000
 2.000 0.020 0.950    11.1266     0.1268     5.0000     9.0000    15.0000   169.0000     0.0000
 2.000 0.020 0.900    10.9516     0.1182     5.0000     9.0000    14.0000    92.0000     0.0000
 2.000 0.020 0.850    10.9500     0.1214     5.0000     9.0000    14.0000    82.0000     0.0000
 2.000 0.020 0.800    10.9526     0.1250     5.0000     9.0000    14.0000   117.0000     0.0000
 2.000 0.020 0.750    10.8176     0.1267     5.0000     9.0000    14.0000   210.0000     0.0000
 2.000 0.020 0.700    11.0194     0.1197     5.0000     9.0000    15.0000    87.0000     0.0000
 2.000 0.020 0.650    11.0086     0.1219     5.0000     9.0000    15.0000    86.0000     0.0000
 2.000 0.020 0.600    11.1288     0.1221     5.0000     9.0000    15.0000    85.0000     0.0000
 2.000 0.020 0.550    11.1790     0.1252     5.0000     9.0000    15.0000    92.0000     0.0000
 2.000 0.020 0.500    11.2584     0.1258     5.0000     9.0000    15.0000   108.0000     0.0000
 2.000 0.020 0.450    11.0854     0.1267     5.0000     9.0000    14.0000   132.0000     0.0000
 2.000 0.020 0.400    11.1304     0.1247     5.0000     9.0000    14.0000    94.0000     0.0000
 2.000 0.020 0.350    11.2792     0.1265     5.0000     9.0000    15.0000   102.0000     0.0000
 2.000 0.020 0.300    11.7116     0.1326     5.0000     9.0000    15.0000   125.0000     0.0000
 2.000 0.020 0.250    11.6586     0.1365     5.0000     9.0000    15.0000   136.0000     0.0000
 2.000 0.020 0.200    12.0918     0.1423     5.0000     9.0000    16.0000    95.0000     0.0000
 2.000 0.020 0.150    12.2660     0.1467     5.0000     9.0000    16.0000   109.0000     0.0000
 2.000 0.020 0.100    12.8960     0.1566     5.0000    10.0000    17.0000   203.0000     0.0000
 2.000 0.020 0.050    14.2574     0.1870     5.0000    10.0000    18.0000   137.0000     0.0000
 2.000 0.010 1.000    18.5106     0.2342     7.0000    14.0000    24.0000   261.0000     0.0000
 2.000 0.010 0.950    18.4408     0.2310     7.0000    14.0000    24.0000   210.0000     0.0000
 2.000 0.010 0.900    18.3958     0.2275     8.0000    14.0000    24.0000   169.0000     0.0000
 2.000 0.010 0.850    18.4562     0.2407     8.0000    14.0000    23.0000   198.0000     0.0000
 2.000 0.010 0.800    18.9260     0.2385     8.0000    14.0000    25.0000   166.0000     0.0000
 2.000 0.010 0.750    18.7748     0.2360     8.0000    14.0000    25.0000   232.0000     0.0000
 2.000 0.010 0.700    18.2596     0.2259     8.0000    14.0000    24.0000   184.0000     0.0000
 2.000 0.010 0.650    18.4682     0.2212     8.0000    14.0000    24.0000   149.0000     0.0000
 2.000 0.010 0.600    18.5664     0.2384     7.0000    14.0000    24.0000   224.0000     0.0000
 2.000 0.010 0.550    19.0746     0.2364     7.0000    14.0000    25.0000   153.0000     0.0000
 2.000 0.010 0.500    18.7716     0.2396     7.0000    14.0000    25.0000   193.0000     0.0000
 2.000 0.010 0.450    19.5370     0.2565     7.0000    14.0000    26.0000   317.0000     0.0000
 2.000 0.010 0.400    19.8196     0.2523     8.0000    15.0000    26.0000   186.0000     0.0000
 2.000 0.010 0.350    20.4378     0.2626     8.0000    15.0000    27.0000   212.0000     0.0000
 2.000 0.010 0.300    20.8130     0.2685     8.0000    15.0000    28.0000   228.0000     0.0000
 2.000 0.010 0.250    20.5438     0.2736     8.0000    15.0000    27.0000   227.0000     0.0000
 2.000 0.010 0.200    21.5650     0.2895     8.0000    15.0000    29.0000   222.0000     0.0000
 2.000 0.010 0.150    21.4140     0.2888     7.0000    15.0000    28.0000   200.0000     0.0000
 2.000 0.010 0.100    22.6674     0.3100     8.0000    16.0000    30.0000   267.0000     0.0000
 2.000 0.010 0.050    24.3572     0.3351     8.0000    17.0000    32.0000   228.0000     0.0000
 1.600 0.050 1.000     8.0080     0.0815     4.0000     7.0000    10.0000    89.0000     0.0000
 1.600 0.050 0.950     8.0594     0.0796     4.0000     7.0000    11.0000    54.0000     0.0000
 1.600 0.050 0.900     8.1156     0.0815     4.0000     7.0000    11.0000    52.0000     0.0000
 1.600 0.050 0.850     7.9318     0.0782     4.0000     7.0000    10.0000    49.0000     0.0000
 1.600 0.050 0.800     8.0642     0.0811     4.0000     7.0000    11.0000    89.0000     0.0000
 1.600 0.050 0.750     7.9646     0.0771     4.0000     7.0000    10.0000    51.0000     0.0000
 1.600 0.050 0.700     8.0170     0.0778     4.0000     7.0000    10.0000    55.0000     0.0000
 1.600 0.050 0.650     8.0074     0.0802     4.0000     7.0000    11.0000    59.0000     0.0000
 1.600 0.050 0.600     7.9044     0.0788     4.0000     7.0000    10.0000    67.0000     0.0000
 1.600 0.050 0.550     8.1000     0.0798     4.0000     7.0000    11.0000    50.0000     0.0000
 1.600 0.050 0.500     8.0970     0.0819     4.0000     7.0000    11.0000    64.0000     0.0000
 1.600 0.050 0.450     8.0916     0.0816     4.0000     7.0000    10.0000    55.0000     0.0000
 1.600 0.050 0.400     8.0434     0.0796     4.0000     7.0000    11.0000    73.0000     0.0000
 1.600 0.050 0.350     8.1782     0.0820     4.0000     7.0000    11.0000    72.0000     0.0000
 1.600 0.050 0.300     8.3692     0.0835     4.0000     7.0000    11.0000    50.0000     0.0000
 1.600 0.050 0.250     8.2766     0.0848     4.0000     7.0000    11.0000    68.0000     0.0000
 1.600 0.050 0.200     8.4020     0.0873     4.0000     7.0000    11.0000    59.0000     0.0000
 1.600 0.050 0.150     8.5782     0.0864     4.0000     7.0000    11.0000    63.0000     0.0000
 1.600 0.050 0.100     8.7382     0.0961     4.0000     7.0000    11.0000   160.0000     0.0000
 1.600 0.050 0.050     9.4734     0.1043     4.0000     7.0000    13.0000    87.0000     0.0000
 1.600 0.040 1.000     9.1948     0.0935     5.0000     8.0000    12.0000    77.0000     0.0000
 1.600 0.040 0.950     9.2258     0.0959     4.0000     8.0000    12.0000    94.0000     0.0000
 1.600 0.040 0.900     8.9896     0.0921     4.0000     7.0000    12.0000    60.0000     0.0000
 1.600 0.040 0.850     9.1808     0.0920     5.0000     8.0000    12.0000    81.0000     0.0000
 1.600 0.040 0.800     9.1762     0.0951     4.0000     8.0000    12.0000    90.0000     0.0000
 1.600 0.040 0.750     9.2678     0.0957     5.0000     8.0000    12.0000    94.0000     0.0000
 1.600 0.040 0.700     9.0134     0.0923     4.0000     7.0000    12.0000    58.0000     0.0000
 1.600 0.040 0.650     9.1544     0.0943     4.0000     8.0000    12.0000    83.0000     0.0000
 1.600 0.040 0.600     9.1162     0.0926     5.0000     7.0000    12.0000    66.0000     0.0000
 1.600 0.040 0.550     8.9774     0.0934     4.0000     7.0000    12.0000    80.0000     0.0000
 1.600 0.040 0.500     9.1378     0.0977     4.0000     7.0000    12.0000   120.0000     0.0000
 1.600 0.040 0.450     9.4430     0.0965     5.0000     8.0000    12.0000    58.0000     0.0000
 1.600 0.040 0.400     9.3664     0.0941     5.0000     8.0000    12.0000    62.0000     0.0000
 1.600 0.040 0.350     9.2282     0.0983     4.0000     7.0000    12.0000    72.0000     0.0000
 1.600 0.040 0.300     9.4356     0.0998     5.0000     8.0000    12.0000    95.0000     0.0000
 1.600 0.040 0.250     9.3638     0.0984     4.0000     8.0000    12.0000    66.0000     0.0000
 1.600 0.040 0.200     9.5758     0.1022     5.0000     8.0000    13.0000   113.0000     0.0000
 1.600 0.040 0.150     9.7596     0.1014     5.0000     8.0000    13.0000    79.0000     0.0000
 1.600 0.040 0.100     9.8732     0.1112     5.0000     8.0000    13.0000   120.0000     0.0000
 1.600 0.040 0.050    10.9874     0.1265     5.0000     8.0000    14.0000    88.0000     0.0000
 1.600 0.030 1.000    10.9392     0.1188     5.0000     9.0000    14.0000    83.0000     0.0000
 1.600 0.030 0.950    10.8490     0.1171     5.0000     9.0000    14.0000   126.0000     0.0000
 1.600 0.030 0.900    10.9900     0.1205     5.0000     9.0000    15.0000   112.0000     0.0000
 1.600 0.030 0.850    10.8606     0.1163     5.0000     9.0000    14.0000    90.0000     0.0000
 1.600 0.030 0.800    10.9148     0.1197     5.0000     9.0000    14.0000    93.0000     0.0000
 1.600 0.030 0.750    10.9016     0.1160     5.0000     9.0000    14.0000    77.0000     0.0000
 1.600 0.030 0.700    10.7714     0.1154     5.0000     9.0000    14.0000    75.0000     0.0000
 1.600 0.030 0.650    11.0284     0.1193     5.0000     9.0000    14.0000    71.0000     0.0000
 1.600 0.030 0.600    11.1584     0.1214     5.0000     9.0000    14.0000    92.0000     0.0000
 1.600 0.030 0.550    10.8020     0.1169     5.0000     9.0000    14.0000    92.0000     0.0000
 1.600 0.030 0.500    11.0248     0.1203     5.0000     9.0000    14.0000   104.0000     0.0000
 1.600 0.030 0.450    11.1000     0.1185     5.0000     9.0000    15.0000    89.0000     0.0000
 1.600 0.030 0.400    10.9580     0.1156     5.0000     9.0000    14.0000   107.0000     0.0000
 1.600 0.030 0.350    11.1842     0.1214     5.0000     9.0000    15.0000    94.0000     0.0000
 1.600 0.030 0.300    11.1650     0.1203     5.0000     9.0000    15.0000   102.0000     0.0000
 1.600 0.030 0.250    11.3122     0.1250     5.0000     9.0000    15.0000    81.0000     0.0000
 1.600 0.030 0.200    11.4818     0.1301     5.0000     9.0000    15.0000   118.0000     0.0000
 1.600 0.030 0.150    11.8562     0.1353     5.0000     9.0000    16.0000   107.0000     0.0000
 1.600 0.030 0.100    12.2576     0.1439     5.0000     9.0000    16.0000   157.0000     0.0000
 1.600 0.030 0.050    13.0168     0.1479     6.0000    10.0000    17.0000   100.0000     0.0000
 1.600 0.020 1.000    14.2182     0.1623     6.0000    11.0000    18.0000   102.0000     0.0000
 1.600 0.020 0.950    14.6984     0.1697     7.0000    11.0000    19.0000   120.0000     0.0000
 1.600 0.020 0.900    14.6026     0.1657     6.0000    11.0000    19.0000   134.0000     0.0000
 1.600 0.020 0.850    14.4952     0.1677     6.0000    11.0000    19.0000   181.0000     0.0000
 1.600 0.020 0.800    14.6440     0.1657     6.0000    12.0000    19.0000   128.0000     0.0000
 1.600 0.020 0.750    14.5280     0.1673     6.0000    11.0000    19.0000   193.0000     0.0000
 1.600 0.020 0.700    14.4816     0.1677     7.0000    11.0000    19.0000   118.0000     0.0000
 1.600 0.020 0.650    14.2156     0.1673     6.0000    11.0000    18.0000   168.0000     0.0000
 1.600 0.020 0.600    14.5602     0.1657     6.0000    11.0000    19.0000   109.0000     0.0000
 1.600 0.020 0.550    14.6270     0.1697     6.0000    11.0000    19.0000   141.0000     0.0000
 1.600 0.020 0.500    14.4382     0.1666     6.0000    11.0000    19.0000   114.0000     0.0000
 1.600 0.020 0.450    14.4014     0.1655     6.0000    11.0000    19.0000   120.0000     0.0000
 1.600 0.020 0.400    14.4338     0.1715     6.0000    12.0000    19.0000   275.0000     0.0000
 1.600 0.020 0.350    14.7310     0.1663     6.0000    12.0000    20.0000    89.0000     0.0000
 1.600 0.020 0.300    15.2292     0.1846     6.0000    12.0000    20.0000   216.0000     0.0000
 1.600 0.020 0.250    15.4482     0.1825     7.0000    12.0000    20.0000   133.0000     0.0000
 1.600 0.020 0.200    15.2902     0.1781     6.0000    12.0000    20.0000   134.0000     0.0000
 1.600 0.020 0.150    15.7974     0.1962     7.0000    12.0000    21.0000   198.0000     0.0000
 1.600 0.020 0.100    16.5410     0.2046     7.0000    12.0000    22.0000   168.0000     0.0000
 1.600 0.020 0.050    17.6020     0.2281     7.0000    13.0000    23.0000   177.0000     0.0000
 1.600 0.010 1.000    23.9160     0.2994     9.0000    18.0000    32.0000   181.0000     0.0000
 1.600 0.010 0.950    23.2942     0.2861     9.0000    17.0000    31.0000   181.0000     0.0000
 1.600 0.010 0.900    23.8906     0.3017    10.0000    18.0000    32.0000   289.0000     0.0000
 1.600 0.010 0.850    24.3418     0.3191    10.0000    18.0000    32.0000   282.0000     0.0000
 1.600 0.010 0.800    23.7174     0.2881    10.0000    18.0000    32.0000   194.0000     0.0000
 1.600 0.010 0.750    24.3726     0.3161    10.0000    18.0000    32.0000   370.0000     0.0000
 1.600 0.010 0.700    24.1210     0.3071     9.0000    18.0000    32.0000   251.0000     0.0000
 1.600 0.010 0.650    23.9838     0.2942     9.0000    18.0000    32.0000   201.0000     0.0000
 1.600 0.010 0.600    24.5576     0.3119    10.0000    18.0000    33.0000   264.0000     0.0000
 1.600 0.010 0.550    23.9858     0.3024     9.0000    18.0000    32.0000   196.0000     0.0000
 1.600 0.010 0.500    24.6578     0.3146     9.0000    18.0000    33.0000   195.0000     0.0000
 1.600 0.010 0.450    25.0236     0.3274    10.0000    18.0000    33.0000   259.0000     0.0000
 1.600 0.010 0.400    25.3246     0.3319     9.0000    19.0000    33.0000   276.0000     0.0000
 1.600 0.010 0.350    25.8840     0.3475    10.0000    18.0000    34.0000   338.0000     0.0000
 1.600 0.010 0.300    25.9320     0.3362    10.0000    19.0000    34.0000   201.0000     0.0000
 1.600 0.010 0.250    26.2256     0.3407    10.0000    19.0000    35.0000   249.0000     0.0000
 1.600 0.010 0.200    26.4376     0.3433    10.0000    19.0000    35.0000   263.0000     0.0000
 1.600 0.010 0.150    27.4838     0.3583    10.0000    20.0000    37.0000   235.0000     0.0000
 1.600 0.010 0.100    28.4460     0.3959    10.0000    20.0000    37.0000   344.0000     0.0000
 1.600 0.010 0.050    29.8112     0.4252    10.0000    21.0000    40.0000   553.0000     0.0000
 1.200 0.050 1.000    11.6866     0.1209     6.0000     9.0000    15.0000    82.0000     0.0000
 1.200 0.050 0.950    11.8572     0.1263     6.0000    10.0000    16.0000   122.0000     0.0000
 1.200 0.050 0.900    11.7262     0.1226     6.0000    10.0000    15.0000    70.0000     0.0000
 1.200 0.050 0.850    11.6924     0.1226     6.0000    10.0000    15.0000   105.0000     0.0000
 1.200 0.050 0.800    11.8152     0.1212     6.0000    10.0000    16.0000    76.0000     0.0000
 1.200 0.050 0.750    11.7550     0.1232     6.0000    10.0000    15.0000    87.0000     0.0000
 1.200 0.050 0.700    11.8128     0.1251     6.0000    10.0000    15.0000    88.0000     0.0000
 1.200 0.050 0.650    11.7734     0.1264     6.0000    10.0000    15.0000    90.0000     0.0000
 1.200 0.050 0.600    11.4508     0.1222     5.0000     9.0000    15.0000    85.0000     0.0000
 1.200 0.050 0.550    11.8156     0.1233     6.0000    10.0000    16.0000   106.0000     0.0000
 1.200 0.050 0.500    11.8154     0.1251     6.0000    10.0000    15.0000   120.0000     0.0000
 1.200 0.050 0.450    11.8188     0.1306     6.0000    10.0000    15.0000   116.0000     0.0000
 1.200 0.050 0.400    12.0278     0.1289     6.0000    10.0000    16.0000    91.0000     0.0000
 1.200 0.050 0.350    11.9334     0.1285     6.0000    10.0000    15.0000   115.0000     0.0000
 1.200 0.050 0.300    11.9968     0.1282     6.0000    10.0000    16.0000    98.0000     0.0000
 1.200 0.050 0.250    11.9872     0.1247     6.0000    10.0000    16.0000   114.0000     0.0000
 1.200 0.050 0.200    12.1456     0.1256     6.0000    10.0000    16.0000    93.0000     0.0000
 1.200 0.050 0.150    12.4528     0.1387     6.0000    10.0000    16.0000   150.0000     0.0000
 1.200 0.050 0.100    13.1020     0.1429     6.0000    10.0000    17.0000    88.0000     0.0000
 1.200 0.050 0.050    13.7420     0.1549     6.0000    11.0000    18.0000    99.0000     0.0000
 1.200 0.040 1.000    13.3876     0.1438     6.0000    11.0000    18.0000   106.0000     0.0000
 1.200 0.040 0.950    13.4062     0.1486     6.0000    11.0000    18.0000   134.0000     0.0000
 1.200 0.040 0.900    13.6216     0.1508     6.0000    11.0000    18.0000    95.0000     0.0000
 1.200 0.040 0.850    13.6586     0.1493     6.0000    11.0000    18.0000    95.0000     0.0000
 1.200 0.040 0.800    13.6800     0.1518     6.0000    11.0000    18.0000   111.0000     0.0000
 1.200 0.040 0.750    13.6374     0.1495     6.0000    11.0000    18.0000   111.0000     0.0000
 1.200 0.040 0.700    13.5408     0.1505     6.0000    11.0000    18.0000   153.0000     0.0000
 1.200 0.040 0.650    13.5718     0.1458     6.0000    11.0000    18.0000   117.0000     0.0000
 1.200 0.040 0.600    13.3900     0.1451     6.0000    11.0000    18.0000    87.0000     0.0000
 1.200 0.040 0.550    13.4932     0.1484     6.0000    11.0000    18.0000   174.0000     0.0000
 1.200 0.040 0.500    13.6654     0.1571     6.0000    11.0000    18.0000   160.0000     0.0000
 1.200 0.040 0.450    13.5720     0.1514     6.0000    11.0000    18.0000    94.0000     0.0000
 1.200 0.040 0.400    13.5486     0.1525     6.0000    11.0000    18.0000   118.0000     0.0000
 1.200 0.040 0.350    13.6574     0.1511     6.0000    11.0000    18.0000    95.0000     0.0000
 1.200 0.040 0.300    13.7580     0.1501     6.0000    11.0000    18.0000   106.0000     0.0000
 1.200 0.040 0.250    14.0872     0.1546     6.0000    11.0000    19.0000   102.0000     0.0000
 1.200 0.040 0.200    14.1458     0.1635     6.0000    11.0000    18.0000   141.0000     0.0000
 1.200 0.040 0.150    14.6626     0.1637     7.0000    12.0000    19.0000   106.0000     0.0000
 1.200 0.040 0.100    14.9286     0.1692     7.0000    12.0000    20.0000   150.0000     0.0000
 1.200 0.040 0.050    15.7528     0.1845     7.0000    12.0000    21.0000   170.0000     0.0000
 1.200 0.030 1.000    16.2984     0.1823     7.0000    13.0000    22.0000   116.0000     0.0000
 1.200 0.030 0.950    16.0044     0.1844     7.0000    12.0000    21.0000   112.0000     0.0000
 1.200 0.030 0.900    16.2172     0.1858     7.0000    13.0000    21.0000   158.0000     0.0000
 1.200 0.030 0.850    16.5554     0.1874     7.0000    13.0000    22.0000   172.0000     0.0000
 1.200 0.030 0.800    16.1100     0.1848     7.0000    13.0000    21.0000   135.0000     0.0000
 1.200 0.030 0.750    16.4394     0.1868     7.0000    13.0000    21.0000   128.0000     0.0000
 1.200 0.030 0.700    16.4668     0.1856     7.0000    13.0000    22.0000   107.0000     0.0000
 1.200 0.030 0.650    16.5248     0.1923     7.0000    13.0000    22.0000   149.0000     0.0000
 1.200 0.030 0.600    16.2572     0.1811     7.0000    13.0000    22.0000   102.0000     0.0000
 1.200 0.030 0.550    16.2056     0.1791     7.0000    13.0000    22.0000   121.0000     0.0000
 1.200 0.030 0.500    16.4060     0.1893     7.0000    13.0000    21.0000   127.0000     0.0000
 1.200 0.030 0.450    16.4034     0.1879     7.0000    13.0000    22.0000   124.0000     0.0000
 1.200 0.030 0.400    16.5406     0.1880     7.0000    13.0000    22.0000   137.0000     0.0000
 1.200 0.030 0.350    16.8204     0.1944     7.0000    13.0000    22.0000   153.0000     0.0000
 1.200 0.030 0.300    16.7972     0.1967     7.0000    13.0000    22.0000   154.0000     0.0000
 1.200 0.030 0.250    16.8414     0.1967     7.0000    13.0000    23.0000   212.0000     0.0000
 1.200 0.030 0.200    16.9246     0.1926     7.0000    13.0000    22.0000   121.0000     0.0000
 1.200 0.030 0.150    17.4908     0.2067     7.0000    14.0000    23.0000   218.0000     0.0000
 1.200 0.030 0.100    18.3730     0.2233     8.0000    14.0000    24.0000   164.0000     0.0000
 1.200 0.030 0.050    19.0284     0.2399     8.0000    14.0000    25.0000   183.0000     0.0000
 1.200 0.020 1.000    21.4364     0.2595     9.0000    16.0000    28.0000   200.0000     0.0000
 1.200 0.020 0.950    22.0550     0.2566     9.0000    17.0000    29.0000   173.0000     0.0000
 1.200 0.020 0.900    21.5400     0.2571     9.0000    17.0000    28.0000   162.0000     0.0000
 1.200 0.020 0.850    21.6648     0.2584     9.0000    16.0000    29.0000   181.0000     0.0000
 1.200 0.020 0.800    21.8898     0.2589     9.0000    17.0000    29.0000   176.0000     0.0000
 1.200 0.020 0.750    21.2078     0.2565     9.0000    16.0000    28.0000   211.0000     0.0000
 1.200 0.020 0.700    21.4626     0.2544     9.0000    16.0000    29.0000   156.0000     0.0000
 1.200 0.020 0.650    21.3232     0.2524     9.0000    17.0000    28.0000   218.0000     0.0000
 1.200 0.020 0.600    21.8894     0.2662     9.0000    17.0000    29.0000   209.0000     0.0000
 1.200 0.020 0.550    21.9156     0.2496     9.0000    17.0000    30.0000   181.0000     0.0000
 1.200 0.020 0.500    21.5084     0.2543     9.0000    17.0000    29.0000   194.0000     0.0000
 1.200 0.020 0.450    21.9972     0.2682     9.0000    17.0000    29.0000   182.0000     0.0000
 1.200 0.020 0.400    21.7618     0.2665     9.0000    16.0000    29.0000   195.0000     0.0000
 1.200 0.020 0.350    21.8742     0.2615     9.0000    17.0000    29.0000   171.0000     0.0000
 1.200 0.020 0.300    22.4470     0.2738     9.0000    17.0000    30.0000   176.0000     0.0000
 1.200 0.020 0.250    22.0078     0.2701     9.0000    17.0000    29.0000   198.0000     0.0000
 1.200 0.020 0.200    22.9506     0.2804     9.0000    18.0000    30.0000   274.0000     0.0000
 1.200 0.020 0.150    23.5680     0.2886    10.0000    18.0000    31.0000   223.0000     0.0000
 1.200 0.020 0.100    24.2138     0.3026     9.0000    18.0000    32.0000   261.0000     0.0000
 1.200 0.020 0.050    25.5230     0.3304    10.0000    19.0000    34.0000   238.0000     0.0000
 1.200 0.010 1.000    35.3584     0.4687    13.0000    26.0000    47.0000   396.0000     0.0000
 1.200 0.010 0.950    35.3110     0.4505    13.0000    27.0000    48.0000   308.0000     0.0000
 1.200 0.010 0.900    35.3624     0.4547    13.0000    26.0000    47.0000   272.0000     0.0000
 1.200 0.010 0.850    35.2604     0.4458    13.0000    26.0000    48.0000   257.0000     0.0000
 1.200 0.010 0.800    35.2800     0.4543    13.0000    26.0000    47.0000   436.0000     0.0000
 1.200 0.010 0.750    34.6230     0.4422    13.0000    26.0000    47.0000   325.0000     0.0000
 1.200 0.010 0.700    36.4994     0.4814    14.0000    27.0000    49.0000   347.0000     0.0000
 1.200 0.010 0.650    35.7192     0.4739    13.0000    25.0000    48.0000   365.0000     0.0000
 1.200 0.010 0.600    34.9630     0.4632    13.0000    25.0000    47.0000   335.0000     0.0000
 1.200 0.010 0.550    35.9798     0.4577    13.0000    26.0000    48.0000   310.0000     0.0000
 1.200 0.010 0.500    35.6776     0.4568    13.0000    26.0000    48.0000   311.0000     0.0000
 1.200 0.010 0.450    37.0410     0.4792    14.0000    27.0000    50.0000   449.0000     0.0000
 1.200 0.010 0.400    35.6754     0.4540    13.0000    26.0000    49.0000   313.0000     0.0000
 1.200 0.010 0.350    37.5220     0.4894    13.0000    27.0000    50.0000   297.0000     0.0000
 1.200 0.010 0.300    37.7478     0.4785    14.0000    28.0000    51.0000   281.0000     0.0000
 1.200 0.010 0.250    37.9550     0.5056    13.0000    27.0000    51.0000   379.0000     0.0000
 1.200 0.010 0.200    37.7722     0.5008    14.0000    28.0000    51.0000   373.0000     0.0000
 1.200 0.010 0.150    38.7874     0.5259    14.0000    28.0000    52.0000   650.0000     0.0000
 1.200 0.010 0.100    39.8264     0.5412    14.0000    28.0000    54.0000   392.0000     0.0000
 1.200 0.010 0.050    42.3882     0.5852    15.0000    30.0000    55.0000   428.0000     0.0000
 0.800 0.050 1.000    21.7972     0.2554    10.0000    17.0000    29.0000   181.0000     0.0000
 0.800 0.050 0.950    22.2682     0.2597    10.0000    18.0000    29.0000   257.0000     0.0000
 0.800 0.050 0.900    22.1278     0.2581    10.0000    17.0000    29.0000   195.0000     0.0000
 0.800 0.050 0.850    22.0586     0.2605     9.0000    17.0000    29.0000   189.0000     0.0000
 0.800 0.050 0.800    21.9550     0.2593     9.0000    17.0000    29.0000   176.0000     0.0000
 0.800 0.050 0.750    22.1206     0.2574     9.0000    17.0000    29.0000   179.0000     0.0000
 0.800 0.050 0.700    22.2110     0.2619    10.0000    17.0000    29.0000   166.0000     0.0000
 0.800 0.050 0.650    22.1000     0.2602     9.0000    17.0000    29.0000   239.0000     0.0000
 0.800 0.050 0.600    21.6922     0.2553     9.0000    17.0000    29.0000   191.0000     0.0000
 0.800 0.050 0.550    21.3986     0.2461     9.0000    17.0000    28.0000   168.0000     0.0000
 0.800 0.050 0.500    22.4058     0.2619    10.0000    17.0000    30.0000   189.0000     0.0000
 0.800 0.050 0.450    21.9310     0.2559     9.0000    17.0000    29.0000   174.0000     0.0000
 0.800 0.050 0.400    22.6356     0.2583    10.0000    18.0000    30.0000   147.0000     0.0000
 0.800 0.050 0.350    22.5970     0.2601    10.0000    18.0000    30.0000   242.0000     0.0000
 0.800 0.050 0.300    22.7798     0.2719    10.0000    18.0000    30.0000   265.0000     0.0000
 0.800 0.050 0.250    23.3692     0.2813    10.0000    18.0000    31.0000   276.0000     0.0000
 0.800 0.050 0.200    22.9442     0.2721    10.0000    18.0000    31.0000   176.0000     0.0000
 0.800 0.050 0.150    23.6450     0.2719    10.0000    18.0000    32.0000   143.0000     0.0000
 0.800 0.050 0.100    24.2044     0.2789    10.0000    19.0000    32.0000   211.0000     0.0000
 0.800 0.050 0.050    25.7970     0.3019    11.0000    20.0000    35.0000   191.0000     0.0000
 0.800 0.040 1.000    25.2870     0.2958    11.0000    20.0000    33.0000   187.0000     0.0000
 0.800 0.040 0.950    25.2274     0.2951    11.0000    19.0000    34.0000   184.0000     0.0000
 0.800 0.040 0.900    25.1494     0.2986    11.0000    20.0000    33.0000   220.0000     0.0000
 0.800 0.040 0.850    25.3620     0.2988    11.0000    20.0000    34.0000   218.0000     0.0000
 0.800 0.040 0.800    25.5246     0.3038    11.0000    19.0000    34.0000   281.0000     0.0000
 0.800 0.040 0.750    26.1146     0.3129    11.0000    20.0000    35.0000   200.0000     0.0000
 0.800 0.040 0.700    25.1140     0.2967    11.0000    20.0000    33.0000   216.0000     0.0000
 0.800 0.040 0.650    25.4450     0.3038    11.0000    19.0000    34.0000   201.0000     0.0000
 0.800 0.040 0.600    26.1710     0.3087    11.0000    21.0000    34.0000   242.0000     0.0000
 0.800 0.040 0.550    25.5850     0.3076    11.0000    19.0000    34.0000   202.0000     0.0000
 0.800 0.040 0.500    25.9602     0.3098    11.0000    20.0000    34.0000   213.0000     0.0000
 0.800 0.040 0.450    25.5022     0.3068    11.0000    19.0000    33.0000   180.0000     0.0000
 0.800 0.040 0.400    25.3768     0.3003    11.0000    20.0000    34.0000   194.0000     0.0000
 0.800 0.040 0.350    25.8304     0.3031    11.0000    20.0000    34.0000   190.0000     0.0000
 0.800 0.040 0.300    25.6834     0.3076    11.0000    20.0000    34.0000   274.0000     0.0000
 0.800 0.040 0.250    25.7708     0.3018    11.0000    20.0000    34.0000   230.0000     0.0000
 0.800 0.040 0.200    26.6530     0.3167    11.0000    20.0000    35.0000   206.0000     0.0000
 0.800 0.040 0.150    26.4128     0.3125    11.0000    20.0000    35.0000   205.0000     0.0000
 0.800 0.040 0.100    27.2908     0.3289    11.0000    21.0000    36.0000   192.0000     0.0000
 0.800 0.040 0.050    29.1566     0.3529    12.0000    22.0000    38.0000   275.0000     0.0000
 0.800 0.030 1.000    30.9464     0.3934    13.0000    23.0000    40.0000   255.0000     0.0000
 0.800 0.030 0.950    31.1438     0.3780    13.0000    24.0000    42.0000   264.0000     0.0000
 0.800 0.030 0.900    30.9308     0.3775    13.0000    24.0000    41.0000   304.0000     0.0000
 0.800 0.030 0.850    30.4516     0.3761    12.0000    23.0000    40.0000   325.0000     0.0000
 0.800 0.030 0.800    31.3198     0.3832    12.0000    24.0000    42.0000   311.0000     0.0000
 0.800 0.030 0.750    30.7908     0.3738    13.0000    23.0000    41.0000   322.0000     0.0000
 0.800 0.030 0.700    30.7858     0.3764    12.0000    23.0000    41.0000   222.0000     0.0000
 0.800 0.030 0.650    31.1442     0.3802    12.0000    24.0000    42.0000   262.0000     0.0000
 0.800 0.030 0.600    30.7124     0.3712    13.0000    24.0000    41.0000   296.0000     0.0000
 0.800 0.030 0.550    31.5722     0.3832    13.0000    24.0000    42.0000   276.0000     0.0000
 0.800 0.030 0.500    30.9010     0.3723    13.0000    24.0000    41.0000   251.0000     0.0000
 0.800 0.030 0.450    31.1372     0.3863    12.0000    24.0000    41.0000   278.0000     0.0000
 0.800 0.030 0.400    30.7374     0.3789    12.0000    23.0000    41.0000   278.0000     0.0000
 0.800 0.030 0.350    30.7442     0.3812    12.0000    23.0000    41.0000   280.0000     0.0000
 0.800 0.030 0.300    31.7394     0.3846    13.0000    24.0000    42.0000   216.0000     0.0000
 0.800 0.030 0.250    31.2358     0.3871    13.0000    23.0000    41.0000   228.0000     0.0000
 0.800 0.030 0.200    32.3042     0.3983    13.0000    24.0000    43.0000   224.0000     0.0000
 0.800 0.030 0.150    31.9802     0.3877    13.0000    24.0000    42.0000   274.0000     0.0000
 0.800 0.030 0.100    33.7660     0.4274    13.0000    25.0000    44.0000   370.0000     0.0000
 0.800 0.030 0.050    35.5972     0.4440    14.0000    27.0000    47.0000   350.0000     0.0000
 0.800 0.020 1.000    41.2042     0.5311    16.0000    30.0000    54.0000   372.0000     0.0000
 0.800 0.020 0.950    40.4822     0.5207    15.0000    30.0000    54.0000   521.0000     0.0000
 0.800 0.020 0.900    40.0840     0.5130    15.0000    29.0000    54.0000   427.0000     0.0000
 0.800 0.020 0.850    40.8366     0.5138    16.0000    31.0000    55.0000   389.0000     0.0000
 0.800 0.020 0.800    41.6096     0.5334    16.0000    31.0000    55.0000   312.0000     0.0000
 0.800 0.020 0.750    40.3276     0.5079    15.0000    30.0000    54.0000   351.0000     0.0000
 0.800 0.020 0.700    40.7122     0.5239    15.0000    30.0000    54.0000   370.0000     0.0000
 0.800 0.020 0.650    40.7192     0.5189    15.0000    30.0000    55.0000   379.0000     0.0000
 0.800 0.020 0.600    40.7878     0.5184    15.0000    30.0000    55.0000   319.0000     0.0000
 0.800 0.020 0.550    40.8096     0.5107    16.0000    31.0000    54.0000   351.0000     0.0000
 0.800 0.020 0.500    41.0118     0.5186    16.0000    30.0000    55.0000   337.0000     0.0000
 0.800 0.020 0.450    41.6218     0.5289    16.0000    31.0000    57.0000   408.0000     0.0000
 0.800 0.020 0.400    41.2336     0.5240    16.0000    31.0000    56.0000   360.0000     0.0000
 0.800 0.020 0.350    40.7732     0.5231    16.0000    30.0000    54.0000   404.0000     0.0000
 0.800 0.020 0.300    41.2914     0.5343    15.0000    30.0000    55.0000   419.0000     0.0000
 0.800 0.020 0.250    41.7270     0.5459    15.0000    30.0000    56.0000   431.0000     0.0000
 0.800 0.020 0.200    41.5574     0.5290    16.0000    30.0000    56.0000   407.0000     0.0000
 0.800 0.020 0.150    41.7122     0.5450    15.0000    31.0000    56.0000   466.0000     0.0000
 0.800 0.020 0.100    42.8816     0.5467    16.0000    32.0000    57.0000   334.0000     0.0000
 0.800 0.020 0.050    45.4412     0.6066    16.0000    33.0000    61.0000   418.0000     0.0000
 0.800 0.010 1.000    63.5340     0.8592    22.0000    45.0000    86.0000   626.0000     0.0000
 0.800 0.010 0.950    61.3498     0.8301    21.0000    43.0000    83.0000   543.0000     0.0000
 0.800 0.010 0.900    64.6068     0.8778    22.0000    46.0000    88.0000   622.0000     0.0000
 0.800 0.010 0.850    63.1592     0.8259    23.0000    46.0000    86.0000   530.0000     0.0000
 0.800 0.010 0.800    64.9862     0.8610    22.0000    47.0000    88.0000   485.0000     0.0000
 0.800 0.010 0.750    62.9254     0.8177    22.0000    46.0000    87.0000   514.0000     0.0000
 0.800 0.010 0.700    64.1298     0.8619    22.0000    46.0000    86.0000   498.0000     0.0000
 0.800 0.010 0.650    65.4984     0.8839    22.0000    46.0000    90.0000   613.0000     0.0000
 0.800 0.010 0.600    63.2852     0.8471    21.0000    45.0000    86.0000   495.0000     0.0000
 0.800 0.010 0.550    63.8254     0.8356    22.0000    46.0000    87.0000   571.0000     0.0000
 0.800 0.010 0.500    63.7040     0.8539    22.0000    46.0000    87.0000   617.0000     0.0000
 0.800 0.010 0.450    62.5646     0.8435    21.0000    45.0000    85.0000   638.0000     0.0000
 0.800 0.010 0.400    64.6870     0.8421    22.0000    47.0000    89.0000   474.0000     0.0000
 0.800 0.010 0.350    65.2766     0.8729    22.0000    47.0000    90.0000   668.0000     0.0000
 0.800 0.010 0.300    64.2166     0.8505    22.0000    46.0000    88.0000   452.0000     0.0000
 0.800 0.010 0.250    65.2416     0.8849    22.0000    46.0000    87.0000   567.0000     0.0000
 0.800 0.010 0.200    66.4852     0.9069    22.0000    47.0000    89.0000   673.0000     0.0000
 0.800 0.010 0.150    65.2844     0.8790    23.0000    47.0000    87.0000   606.0000     0.0000
 0.800 0.010 0.100    66.2576     0.8896    22.0000    47.0000    90.0000   651.0000     0.0000
 0.800 0.010 0.050    71.0342     0.9528    25.0000    51.0000    95.0000   614.0000     0.0000
 0.400 0.050 1.000    76.2206     1.0362    26.0000    53.0000   102.0000   688.0000     0.0000
 0.400 0.050 0.950    75.9226     1.0277    26.0000    55.0000   103.0000   710.0000     0.0000
 0.400 0.050 0.900    75.7002     1.0159    26.0000    55.0000   102.0000   715.0000     0.0000
 0.400 0.050 0.850    77.5760     1.0035    27.0000    57.0000   106.0000   663.0000     0.0000
 0.400 0.050 0.800    74.2316     0.9799    25.0000    53.0000   102.0000   676.0000     0.0000
 0.400 0.050 0.750    76.5242     1.0099    27.0000    56.0000   103.0000   695.0000     0.0000
 0.400 0.050 0.700    78.1944     1.0441    27.0000    56.0000   105.0000   676.0000     0.0000
 0.400 0.050 0.650    76.5654     1.0360    26.0000    54.0000   104.0000   766.0000     0.0000
 0.400 0.050 0.600    75.8030     1.0253    26.0000    54.0000   104.0000   659.0000     0.0000
 0.400 0.050 0.550    76.0328     1.0045    26.0000    55.0000   104.0000   613.0000     0.0000
 0.400 0.050 0.500    75.8292     1.0274    26.0000    54.0000   101.0000   655.0000     0.0000
 0.400 0.050 0.450    78.0350     1.0634    26.0000    56.0000   106.0000   608.0000     0.0000
 0.400 0.050 0.400    75.6728     0.9932    27.0000    55.0000   102.0000   650.0000     0.0000
 0.400 0.050 0.350    77.9784     1.0264    27.0000    57.0000   106.0000   693.0000     0.0000
 0.400 0.050 0.300    77.1318     1.0244    27.0000    56.0000   104.0000   934.0000     0.0000
 0.400 0.050 0.250    77.9572     1.0295    27.0000    56.0000   106.0000   748.0000     0.0000
 0.400 0.050 0.200    78.8868     1.0335    27.0000    57.0000   107.0000   589.0000     0.0000
 0.400 0.050 0.150    80.9734     1.0859    28.0000    58.0000   108.0000   653.0000     0.0000
 0.400 0.050 0.100    82.3118     1.0899    28.0000    59.0000   113.0000   762.0000     0.0000
 0.400 0.050 0.050    87.4964     1.1546    30.0000    63.0000   118.0000   778.0000     0.0000
 0.400 0.040 1.000    87.2206     1.1644    29.0000    63.0000   117.0000   767.0000     0.0000
 0.400 0.040 0.950    84.3812     1.1148    29.0000    61.0000   117.0000   683.0000     0.0000
 0.400 0.040 0.900    85.4368     1.1651    29.0000    62.0000   115.0000   782.0000     0.0000
 0.400 0.040 0.850    86.1058     1.1635    29.0000    62.0000   117.0000   729.0000     0.0000
 0.400 0.040 0.800    85.2360     1.1311    29.0000    61.0000   117.0000   820.0000     0.0000
 0.400 0.040 0.750    86.3792     1.1661    29.0000    61.0000   117.0000   748.0000     0.0000
 0.400 0.040 0.700    83.9302     1.1164    28.0000    60.0000   115.0000   727.0000     0.0000
 0.400 0.040 0.650    84.8820     1.1476    28.0000    59.0000   116.0000   613.0000     0.0000
 0.400 0.040 0.600    86.0838     1.1494    30.0000    61.0000   116.0000   899.0000     0.0000
 0.400 0.040 0.550    86.8190     1.1918    28.0000    61.0000   118.0000  1115.0000     0.0000
 0.400 0.040 0.500    86.5520     1.1740    29.0000    62.0000   119.0000   685.0000     0.0000
 0.400 0.040 0.450    87.5686     1.1701    29.0000    62.0000   120.0000   702.0000     0.0000
 0.400 0.040 0.400    87.2536     1.1875    29.0000    62.0000   121.0000   947.0000     0.0000
 0.400 0.040 0.350    89.0172     1.1982    31.0000    63.0000   119.0000   830.0000     0.0000
 0.400 0.040 0.300    86.6030     1.1913    29.0000    61.0000   116.0000   768.0000     0.0000
 0.400 0.040 0.250    89.1542     1.1841    30.0000    65.0000   121.0000   732.0000     0.0000
 0.400 0.040 0.200    89.6310     1.1985    31.0000    65.0000   119.0000   715.0000     0.0000
 0.400 0.040 0.150    89.8634     1.2147    30.0000    63.0000   123.0000   797.0000     0.0000
 0.400 0.040 0.100    90.8720     1.2093    32.0000    66.0000   123.0000   772.0000     0.0000
 0.400 0.040 0.050    95.4734     1.2606    31.0000    69.0000   132.0000   716.0000     0.0000
 0.400 0.030 1.000    97.2132     1.3307    32.0000    69.0000   129.0000   708.0000     0.0000
 0.400 0.030 0.950    97.5050     1.3426    31.0000    69.0000   132.0000   880.0000     0.0000
 0.400 0.030 0.900    99.3998     1.3665    32.0000    70.0000   135.0000   852.0000     0.0000
 0.400 0.030 0.850    99.5294     1.3591    33.0000    70.0000   136.0000   899.0000     0.0000
 0.400 0.030 0.800    97.0686     1.3313    31.0000    68.0000   132.0000   952.0000     0.0000
 0.400 0.030 0.750   100.2518     1.3369    33.0000    72.0000   139.0000   854.0000     0.0000
 0.400 0.030 0.700    99.1966     1.3249    32.0000    71.0000   139.0000   908.0000     0.0000
 0.400 0.030 0.650    97.6754     1.3153    32.0000    69.0000   135.0000   806.0000     0.0000
 0.400 0.030 0.600    98.2076     1.3289    32.0000    69.0000   134.0000   733.0000     0.0000
 0.400 0.030 0.550    99.1464     1.3214    33.0000    72.0000   136.0000   944.0000     0.0000
 0.400 0.030 0.500    99.4278     1.3254    32.0000    71.0000   138.0000   744.0000     0.0000
 0.400 0.030 0.450    98.7668     1.3341    33.0000    72.0000   135.0000   806.0000     0.0000
 0.400 0.030 0.400    97.9666     1.3198    31.0000    68.0000   136.0000   744.0000     0.0000
 0.400 0.030 0.350   100.4618     1.3521    34.0000    73.0000   137.0000  1081.0000     0.0000
 0.400 0.030 0.300   101.5126     1.3597    34.0000    72.0000   140.0000   864.0000     0.0000
 0.400 0.030 0.250    99.9880     1.3747    32.0000    69.0000   138.0000   765.0000     0.0000
 0.400 0.030 0.200   104.7714     1.4311    34.0000    76.0000   141.0000   871.0000     0.0000
 0.400 0.030 0.150   100.8004     1.3489    34.0000    73.0000   136.0000  1163.0000     0.0000
 0.400 0.030 0.100   105.0738     1.3969    34.0000    75.0000   147.0000  1044.0000     0.0000
 0.400 0.030 0.050   110.2640     1.5091    35.0000    79.0000   151.0000  1258.0000     0.0000
 0.400 0.020 1.000   114.1776     1.5585    35.0000    80.0000   160.0000   928.0000     0.0000
 0.400 0.020 0.950   117.8126     1.6429    37.0000    82.0000   162.0000  1277.0000     0.0000
 0.400 0.020 0.900   117.6186     1.5931    38.0000    83.0000   162.0000   996.0000     0.0000
 0.400 0.020 0.850   114.9658     1.5540    37.0000    80.0000   157.0000   881.0000     0.0000
 0.400 0.020 0.800   118.2214     1.6027    38.0000    83.0000   164.0000   978.0000     0.0000
 0.400 0.020 0.750   118.3786     1.5992    37.0000    85.0000   162.0000   921.0000     0.0000
 0.400 0.020 0.700   116.0104     1.5924    36.0000    81.0000   157.0000   845.0000     0.0000
 0.400 0.020 0.650   113.4366     1.5251    36.0000    82.0000   156.0000   820.0000     0.0000
 0.400 0.020 0.600   115.9460     1.5519    35.0000    83.0000   162.0000   864.0000     0.0000
 0.400 0.020 0.550   119.1748     1.6416    37.0000    84.0000   162.0000   988.0000     0.0000
 0.400 0.020 0.500   118.8328     1.6040    38.0000    86.0000   162.0000  1221.0000     0.0000
 0.400 0.020 0.450   117.6714     1.6387    36.0000    82.0000   160.0000  1139.0000     0.0000
 0.400 0.020 0.400   119.9272     1.6567    39.0000    86.0000   162.0000  1400.0000     0.0000
 0.400 0.020 0.350   118.5312     1.6626    37.0000    83.0000   162.0000  1205.0000     0.0000
 0.400 0.020 0.300   117.0942     1.6582    37.0000    82.0000   160.0000  1518.0000     0.0000
 0.400 0.020 0.250   118.1158     1.6024    37.0000    84.0000   160.0000   932.0000     0.0000
 0.400 0.020 0.200   120.1818     1.6631    37.0000    85.0000   165.0000  1101.0000     0.0000
 0.400 0.020 0.150   121.6102     1.6945    39.0000    84.0000   166.0000  1300.0000     0.0000
 0.400 0.020 0.100   123.5052     1.7415    37.0000    85.0000   169.0000  1411.0000     0.0000
 0.400 0.020 0.050   127.2536     1.7745    40.0000    90.0000   173.0000  1318.0000     0.0000
 0.400 0.010 1.000   149.6498     2.0875    47.0000   106.0000   204.0000  1438.0000     0.0000
 0.400 0.010 0.950   144.6044     2.0516    42.0000    99.0000   198.0000  1475.0000     0.0000
 0.400 0.010 0.900   146.0304     2.0305    44.0000   101.0000   200.0000  1281.0000     0.0000
 0.400 0.010 0.850   149.2798     2.0793    45.0000   105.0000   205.0000  1728.0000     0.0000
 0.400 0.010 0.800   145.3316     2.0800    44.0000   101.0000   199.0000  1794.0000     0.0000
 0.400 0.010 0.750   146.8256     2.0162    44.0000   106.0000   203.0000  1315.0000     0.0000
 0.400 0.010 0.700   146.9322     2.0953    44.0000   102.0000   201.0000  1229.0000     0.0000
 0.400 0.010 0.650   148.3302     2.0940    43.0000   103.0000   205.0000  1517.0000     0.0000
 0.400 0.010 0.600   146.8570     2.0348    45.0000   105.0000   201.0000  1257.0000     0.0000
 0.400 0.010 0.550   149.7810     2.0934    44.0000   104.0000   208.0000  1395.0000     0.0000
 0.400 0.010 0.500   147.7848     2.0787    44.0000   102.0000   205.0000  1293.0000     0.0000
 0.400 0.010 0.450   147.9400     2.0661    47.0000   103.0000   202.0000  1422.0000     0.0000
 0.400 0.010 0.400   147.4532     2.0607    45.0000   105.0000   201.0000  1248.0000     0.0000
 0.400 0.010 0.350   152.6442     2.0780    46.0000   109.0000   214.0000  1284.0000     0.0000
 0.400 0.010 0.300   149.1836     2.0630    46.0000   107.0000   205.0000  1424.0000     0.0000
 0.400 0.010 0.250   148.7758     2.0750    45.0000   102.0000   206.0000  1373.0000     0.0000
 0.400 0.010 0.200   146.1246     2.0278    43.0000   102.0000   205.0000  1204.0000     0.0000
 0.400 0.010 0.150   152.1052     2.1132    48.0000   106.0000   205.0000  1083.0000     0.0000
 0.400 0.010 0.100   152.5812     2.0962    46.0000   106.0000   211.0000  1328.0000     0.0000
 0.400 0.010 0.050   155.7158     2.1640    46.0000   111.0000   215.0000  1454.0000     0.0000
