Shift TestRadius  ARL  Std  Q1  Med  Q3  Max
 2.000 0.200     9.9034     0.0991     5.0000     8.0000    13.0000    63.0000     0.0000
 2.000 0.180    10.9762     0.1129     5.0000     9.0000    15.0000    81.0000     0.0000
 2.000 0.160    12.9474     0.1367     6.0000    10.0000    17.0000    79.0000     0.0000
 2.000 0.140    14.7832     0.1598     6.0000    12.0000    20.0000    91.0000     0.0000
 2.000 0.120    18.6582     0.1989     8.0000    15.0000    25.0000   124.0000     0.0000
 2.000 0.100    24.0202     0.2565    10.0000    20.0000    33.0000   155.0000     0.0000
 2.000 0.080    31.3180     0.3327    14.0000    26.0000    43.0000   173.0000     0.0000
 2.000 0.060    45.9538     0.4966    19.0000    39.0000    63.0000   279.0000     0.0000
 2.000 0.040    78.0088     0.8019    35.0000    66.0000   110.0000   402.0000     0.0000
 2.000 0.020   141.5322     1.3636    67.0000   124.0000   198.0000   642.0000     0.0000
 1.800 0.200    12.3746     0.1250     6.0000    10.0000    16.0000    76.0000     0.0000
 1.800 0.180    13.8488     0.1450     6.0000    11.0000    19.0000    95.0000     0.0000
 1.800 0.160    16.0930     0.1640     7.0000    13.0000    22.0000    89.0000     0.0000
 1.800 0.140    18.8160     0.1976     8.0000    15.0000    25.0000   138.0000     0.0000
 1.800 0.120    23.1502     0.2436    10.0000    19.0000    32.0000   149.0000     0.0000
 1.800 0.100    29.4024     0.3061    13.0000    25.0000    41.0000   173.0000     0.0000
 1.800 0.080    38.8042     0.3938    17.0000    33.0000    55.0000   200.0000     0.0000
 1.800 0.060    55.8868     0.5743    25.0000    48.0000    78.0000   291.0000     0.0000
 1.800 0.040    89.0334     0.8765    42.0000    77.0000   124.0000   427.0000     0.0000
 1.800 0.020   152.6794     1.4063    76.0000   139.0000   213.0000   724.0000     0.0000
 1.600 0.200    16.0680     0.1666     7.0000    13.0000    21.0000   101.0000     0.0000
 1.600 0.180    17.8524     0.1832     8.0000    15.0000    24.0000   108.0000     0.0000
 1.600 0.160    20.6862     0.2129     9.0000    17.0000    28.0000   102.0000     0.0000
 1.600 0.140    24.5020     0.2478    11.0000    21.0000    34.0000   140.0000     0.0000
 1.600 0.120    29.6216     0.3025    13.0000    25.0000    41.0000   166.0000     0.0000
 1.600 0.100    36.4726     0.3738    17.0000    31.0000    50.0000   216.0000     0.0000
 1.600 0.080    48.5862     0.4846    23.0000    42.0000    68.0000   255.0000     0.0000
 1.600 0.060    66.9200     0.6525    32.0000    59.0000    93.0000   325.0000     0.0000
 1.600 0.040   101.8180     0.9700    48.0000    91.0000   142.0000   527.0000     0.0000
 1.600 0.020   160.5128     1.4547    81.0000   146.0000   221.0000   658.0000     0.0000
 1.400 0.200    21.1144     0.2108    10.0000    18.0000    29.0000   113.0000     0.0000
 1.400 0.180    23.9880     0.2426    11.0000    20.0000    33.0000   121.0000     0.0000
 1.400 0.160    27.4880     0.2706    13.0000    24.0000    38.0000   157.0000     0.0000
 1.400 0.140    31.1602     0.3099    14.0000    27.0000    44.0000   173.0000     0.0000
 1.400 0.120    38.3652     0.3728    18.0000    33.0000    54.0000   206.0000     0.0000
 1.400 0.100    46.8326     0.4629    22.0000    40.0000    65.0000   225.0000     0.0000
 1.400 0.080    59.2816     0.5783    28.0000    52.0000    83.0000   324.0000     0.0000
 1.400 0.060    82.3356     0.7778    40.0000    74.0000   113.0000   403.0000     0.0000
 1.400 0.040   116.1686     1.1003    56.0000   103.0000   162.0000   529.0000     0.0000
 1.400 0.020   170.0914     1.5540    87.0000   151.0000   238.0000   740.0000     0.0000
 1.200 0.200    28.6690     0.2836    13.0000    24.0000    39.0000   145.0000     0.0000
 1.200 0.180    32.2978     0.3156    16.0000    28.0000    44.0000   174.0000     0.0000
 1.200 0.160    36.0914     0.3543    17.0000    31.0000    50.0000   178.0000     0.0000
 1.200 0.140    42.5914     0.4057    21.0000    37.0000    58.0000   242.0000     0.0000
 1.200 0.120    50.6000     0.4829    24.0000    45.0000    71.0000   285.0000     0.0000
 1.200 0.100    60.8812     0.5720    30.0000    54.0000    85.0000   325.0000     0.0000
 1.200 0.080    75.2384     0.6859    38.0000    68.0000   104.0000   320.0000     0.0000
 1.200 0.060    98.0426     0.9031    48.0000    88.0000   137.0000   398.0000     0.0000
 1.200 0.040   135.3096     1.2088    69.0000   124.0000   188.0000   498.0000     0.0000
 1.200 0.020   179.2006     1.6269    91.0000   162.0000   250.0000   701.0000     0.0000
 1.000 0.200    40.5444     0.3811    20.0000    36.0000    56.0000   234.0000     0.0000
 1.000 0.180    45.3402     0.4360    22.0000    39.0000    63.0000   252.0000     0.0000
 1.000 0.160    51.0054     0.4622    26.0000    46.0000    71.0000   268.0000     0.0000
 1.000 0.140    57.8022     0.5410    28.0000    51.0000    80.0000   268.0000     0.0000
 1.000 0.120    67.4238     0.6192    34.0000    61.0000    94.0000   329.0000     0.0000
 1.000 0.100    80.9388     0.7321    42.0000    73.0000   111.0000   344.0000     0.0000
 1.000 0.080    96.2668     0.8620    50.0000    87.0000   132.0000   393.0000     0.0000
 1.000 0.060   121.5578     1.0729    63.0000   111.0000   169.0000   436.0000     0.0000
 1.000 0.040   151.7156     1.3646    76.0000   140.0000   210.0000   636.0000     0.0000
 1.000 0.020   185.4668     1.6751    94.0000   168.0000   258.0000   803.0000     0.0000
 0.800 0.200    60.2750     0.5616    30.0000    54.0000    83.0000   269.0000     0.0000
 0.800 0.180    65.4238     0.5987    32.0000    59.0000    90.0000   259.0000     0.0000
 0.800 0.160    73.3652     0.6615    38.0000    65.0000   102.0000   311.0000     0.0000
 0.800 0.140    80.8824     0.7242    40.0000    74.0000   111.0000   369.0000     0.0000
 0.800 0.120    92.2922     0.8303    47.0000    84.0000   126.0000   403.0000     0.0000
 0.800 0.100   107.2978     0.9444    56.0000    98.0000   148.0000   421.0000     0.0000
 0.800 0.080   124.8438     1.1140    65.0000   113.0000   172.0000   559.0000     0.0000
 0.800 0.060   143.7236     1.2752    75.0000   132.0000   198.0000   663.0000     0.0000
 0.800 0.040   170.6414     1.5186    87.0000   155.0000   238.0000   687.0000     0.0000
 0.800 0.020   192.9944     1.7265   101.0000   178.0000   268.0000   840.0000     0.0000
 0.600 0.200    89.1214     0.7865    46.0000    81.0000   122.0000   388.0000     0.0000
 0.600 0.180    97.7792     0.8746    50.0000    90.0000   135.0000   414.0000     0.0000
 0.600 0.160   105.3250     0.9603    54.0000    95.0000   145.0000   454.0000     0.0000
 0.600 0.140   115.4578     1.0037    62.0000   105.0000   160.0000   463.0000     0.0000
 0.600 0.120   125.4756     1.1026    65.0000   116.0000   174.0000   468.0000     0.0000
 0.600 0.100   139.5208     1.2258    74.0000   128.0000   191.0000   536.0000     0.0000
 0.600 0.080   155.3492     1.3886    80.0000   142.0000   215.0000   664.0000     0.0000
 0.600 0.060   172.0452     1.5102    89.0000   158.0000   240.0000   690.0000     0.0000
 0.600 0.040   186.9458     1.6426    97.0000   171.0000   258.0000   766.0000     0.0000
 0.600 0.020   197.3416     1.7556   104.0000   180.0000   272.0000   963.0000     0.0000
 0.400 0.200   135.3984     1.1684    72.0000   125.0000   186.0000   519.0000     0.0000
 0.400 0.180   143.1122     1.2740    73.0000   131.0000   199.0000   541.0000     0.0000
 0.400 0.160   150.9444     1.3350    79.0000   137.0000   210.0000   602.0000     0.0000
 0.400 0.140   158.9326     1.3997    84.0000   147.0000   217.0000   660.0000     0.0000
 0.400 0.120   166.0832     1.4812    87.0000   150.0000   231.0000   796.0000     0.0000
 0.400 0.100   173.8922     1.5325    91.0000   158.0000   241.0000   698.0000     0.0000
 0.400 0.080   182.6040     1.6414    95.0000   166.0000   253.0000   726.0000     0.0000
 0.400 0.060   188.6136     1.6599    98.0000   174.0000   262.0000   733.0000     0.0000
 0.400 0.040   196.0726     1.7422   101.0000   179.0000   269.0000   848.0000     0.0000
 0.400 0.020   200.0286     1.8295   103.0000   181.0000   273.0000   876.0000     0.0000
 0.200 0.200   182.2954     1.5896    95.0000   167.0000   249.0000   836.0000     0.0000
 0.200 0.180   185.9026     1.6312    97.0000   171.0000   256.0000   797.0000     0.0000
 0.200 0.160   185.2678     1.6535    96.0000   169.0000   257.0000   736.0000     0.0000
 0.200 0.140   190.2936     1.6754    98.0000   174.0000   262.0000   741.0000     0.0000
 0.200 0.120   191.8318     1.7025    99.0000   176.0000   267.0000   759.0000     0.0000
 0.200 0.100   195.1008     1.7437   100.0000   176.0000   271.0000   696.0000     0.0000
 0.200 0.080   194.5026     1.7634    99.0000   174.0000   269.0000   774.0000     0.0000
 0.200 0.060   194.5972     1.7743    99.0000   173.0000   272.0000   906.0000     0.0000
 0.200 0.040   196.0338     1.7566   100.0000   180.0000   272.0000   892.0000     0.0000
 0.200 0.020   197.9564     1.7683   103.0000   183.0000   273.0000   832.0000     0.0000
